# InvDyn,Takahashi,Zelik,Frigo,GRF
1.926531324991587397e-04,1.178872054219687625e-16,1.178872054219687625e-16,1.178872054219687871e-16,-2.868940980160094049e-15
3.739633163218290248e-04,8.240020368896315028e-17,8.240020368896315028e-17,8.240020368896317493e-17,-2.005236863189590642e-15
5.646076930689453979e-04,5.215117681130506383e-17,5.215117681130506383e-17,5.215117681130504534e-17,-1.258250093547047258e-15
6.765464648252815473e-04,2.852635819525290237e-17,2.852635819525290237e-17,2.852635819525289621e-17,-6.758631141858012105e-16
6.609604034202452762e-04,1.139641248053469514e-17,1.139641248053469514e-17,1.139641248053469514e-17,-2.629516671570638813e-16
5.173892503768800794e-04,-6.195790531638403588e-20,-6.195790531638403588e-20,-6.195790531638403588e-20,7.633898212231882433e-19
2.415243909285497723e-04,-6.909897209875640755e-18,-6.909897209875640755e-18,-6.909897209875639214e-18,1.467454793663481618e-16
-2.081286550497032516e-04,-1.019971667085815102e-17,-1.019971667085815102e-17,-1.019971667085815102e-17,2.075171596987761861e-16
-8.890635762547424324e-04,-1.098267605151550936e-17,-1.098267605151550936e-17,-1.098267605151550936e-17,2.136088490205709525e-16
-1.821024804594240489e-03,-1.010768086471053405e-17,-1.010768086471053405e-17,-1.010768086471053405e-17,1.880138760871332709e-16
-2.928870981188913189e-03,-8.346904784407746339e-18,-8.346904784407746339e-18,-8.346904784407747880e-18,1.487174513301874587e-16
-4.038540062555266708e-03,-6.268471258979330180e-18,-6.268471258979330180e-18,-6.268471258979328640e-18,1.071509135593552912e-16
-4.949807930102734059e-03,-4.222035545105388645e-18,-4.222035545105388645e-18,-4.222035545105389416e-18,6.933074992954501821e-17
-5.529629522023058776e-03,-2.518724655330782411e-18,-2.518724655330782411e-18,-2.518724655330782797e-18,3.975739373238800119e-17
-5.766048689167609445e-03,-1.140582120693059412e-18,-1.140582120693059412e-18,-1.140582120693059412e-18,1.732309068122005679e-17
-5.746064449878789983e-03,-2.155234267524202132e-19,-2.155234267524202132e-19,-2.155234267524202373e-19,3.160700826850092605e-18
-5.569472046164083631e-03,3.739942980555651170e-19,3.739942980555651170e-19,3.739942980555651170e-19,-5.272602407358056059e-18
-5.273466924430220831e-03,7.063860015616958105e-19,7.063860015616958105e-19,7.063860015616958105e-19,-9.643440739857136546e-18
-4.831177124747162120e-03,7.346439167230358377e-19,7.346439167230358377e-19,7.346439167230358377e-19,-9.728335532606163131e-18
-4.229712765412556308e-03,7.746694155070894241e-19,7.746694155070894241e-19,7.746694155070894241e-19,-9.969795867228919083e-18
-3.548630982578477016e-03,5.726354466893314600e-19,5.726354466893314600e-19,5.726354466893314600e-19,-7.172515361696719964e-18
-2.923209817145433747e-03,4.773948069332117658e-19,4.773948069332117658e-19,4.773948069332115732e-19,-5.828019300394827745e-18
-2.418289124629015123e-03,3.424997071081029943e-19,3.424997071081029943e-19,3.424997071081029943e-19,-4.091257638890879143e-18
-1.989863514409208074e-03,1.256187576825871977e-19,1.256187576825871977e-19,1.256187576825871977e-19,-1.468765041695592490e-18
-1.597944278542297097e-03,1.985213567920494692e-19,1.985213567920494692e-19,1.985213567920494452e-19,-2.281750834765696020e-18
-1.356019706841155893e-03,-8.475863892309041456e-20,-8.475863892309041456e-20,-8.475863892309042659e-20,9.579267365248018173e-19
-1.672379305601329278e-03,7.192043975072771865e-20,7.192043975072771865e-20,7.192043975072773069e-20,-8.090957845836396938e-19
-3.434589421298907697e-03,-5.640930976056236115e-20,-5.640930976056236115e-20,-5.640930976056236115e-20,6.407530247374603363e-19
-8.118141280649167693e-03,-1.206866164205789355e-19,-1.206866164205789355e-19,-1.206866164205789114e-19,1.286168354245722834e-18
-1.752605517887425440e-02,1.353552523825025051e-19,1.353552523825025051e-19,1.353552523825025532e-19,-1.423393286460021956e-18
-3.299922302674173497e-02,-2.852661630956527398e-19,-2.852661630956527398e-19,-2.852661630956527880e-19,3.049503929799702728e-18
-5.422528051907905128e-02,2.280846120138943716e-19,2.280846120138943716e-19,2.280846120138943234e-19,-2.463251941963719056e-18
-7.816348653654955903e-02,-1.928313554877970564e-19,-1.928313554877970564e-19,-1.928313554877970564e-19,2.151935767310865356e-18
-9.909905174720939902e-02,-1.363048888275661875e-21,-1.363048888275661875e-21,-1.363048888275663004e-21,-8.888529058278079116e-20
-1.106109770878586501e-01,1.950977426856579175e-19,1.950977426856579175e-19,1.950977426856579416e-19,-2.054009776628866782e-18
-1.086144753911765098e-01,-3.999065011562290001e-19,-3.999065011562290001e-19,-3.999065011562289038e-19,4.476440179942655373e-18
-9.315391030039929521e-02,5.090038135174965371e-19,5.090038135174965371e-19,5.090038135174965371e-19,-5.978661387783432992e-18
-6.775489899188082143e-02,-4.748482208050887510e-19,-4.748482208050887510e-19,-4.748482208050887510e-19,5.908272181295803099e-18
-3.784244024354637553e-02,2.848306552781780387e-19,2.848306552781780387e-19,2.848306552781780387e-19,-3.851699287429945479e-18
-9.421558421919292922e-03,2.775621743445716125e-20,2.775621743445716125e-20,2.775621743445715523e-20,-2.451529555593351296e-19
1.268331682638131758e-02,-3.483068221502640129e-19,-3.483068221502640129e-19,-3.483068221502639648e-19,5.426140809452912443e-18
2.637009815017644226e-02,5.626216853883405944e-19,5.626216853883405944e-19,5.626216853883404981e-19,-1.042888717839406227e-17
3.224014921103258990e-02,-5.751406891702188321e-19,-5.751406891702188321e-19,-5.751406891702188321e-19,1.333518150711967488e-17
3.253301478900814947e-02,3.974829047113218157e-19,3.974829047113218157e-19,3.974829047113217194e-19,-1.262054458772822193e-17
2.986078089338907449e-02,-1.389905498458179187e-19,-1.389905498458179187e-19,-1.389905498458178465e-19,7.333494211444761097e-18
2.627358352625044219e-02,-3.124900574168001584e-20,-3.124900574168001584e-20,-3.124900574168001584e-20,2.073288573643823041e-18
2.296945924180015391e-02,-1.875500364473013973e-20,-1.875500364473013973e-20,-1.875500364473015176e-20,-1.367576874601357029e-17
2.039084800661646740e-02,3.026063010538018702e-19,3.026063010538018702e-19,3.026063010538019184e-19,2.416777923951744054e-17
1.845153711893335671e-02,-6.772065725134017780e-19,-6.772065725134017780e-19,-6.772065725134018743e-19,-2.961585061514405439e-17
1.685879749309009829e-02,8.714457963802767441e-19,8.714457963802767441e-19,8.714457963802767441e-19,2.660773194735428931e-17
1.539641551998106872e-02,-5.812251139574590846e-19,-5.812251139574590846e-19,-5.812251139574591809e-19,-1.356076037154689561e-17
1.402261028833207829e-02,-3.840766182775211546e-19,-3.840766182775211546e-19,-3.840766182775211546e-19,-8.141702205772986009e-18
1.278489490732899296e-02,1.951397038819484799e-18,1.951397038819484799e-18,1.951397038819484414e-18,3.374366359635342645e-17
1.169527635226975774e-02,-3.692047315058249139e-18,-3.692047315058249139e-18,-3.692047315058249139e-18,-5.567613129733170944e-17
1.070859972341601379e-02,4.856710660864088244e-18,4.856710660864088244e-18,4.856710660864087474e-18,6.530576115597926212e-17
9.858161941389519123e-03,-4.571066069438991151e-18,-4.571066069438991151e-18,-4.571066069438991151e-18,-5.554489925995002754e-17
9.351450351842033673e-03,2.183179826932522646e-18,2.183179826932522646e-18,2.183179826932522260e-18,2.376528208029523387e-17
9.421461674352425361e-03,2.334065143977743553e-18,2.334065143977743553e-18,2.334065143977743939e-18,2.593578408186062194e-17
1.014862089036767251e-02,-8.095259674098678328e-18,-8.095259674098678328e-18,-8.095259674098679869e-18,-8.206375363613592627e-17
1.138237332880509024e-02,1.330954936043735373e-17,1.330954936043735373e-17,1.330954936043735065e-17,1.273843799219162908e-16
1.274702860198122234e-02,-1.567513929571951882e-17,-1.567513929571951882e-17,-1.567513929571951266e-17,-1.430563555568504709e-16
1.381373001287167050e-02,1.311399671377429403e-17,1.311399671377429403e-17,1.311399671377429403e-17,1.145846190617316364e-16
1.433066265992976110e-02,-4.659751468171356271e-18,-4.659751468171356271e-18,-4.659751468171357812e-18,-3.812209885963478714e-17
1.427374747884260948e-02,-8.789890422976968346e-18,-8.789890422976968346e-18,-8.789890422976969887e-18,-7.493592544613213498e-17
1.373095953769428237e-02,2.416158273832746063e-17,2.416158273832746063e-17,2.416158273832745447e-17,1.971576096756281555e-16
1.282629467823515404e-02,-3.656656860155694065e-17,-3.656656860155694065e-17,-3.656656860155694065e-17,-2.895273280033148339e-16
1.175783415960538272e-02,4.041267644099708447e-17,4.041267644099708447e-17,4.041267644099709680e-17,3.112333784764850759e-16
1.082383207495378995e-02,-3.114131390727026512e-17,-3.114131390727026512e-17,-3.114131390727027128e-17,-2.330854958239887133e-16
1.035553532033061698e-02,7.248147661381951435e-18,7.248147661381951435e-18,7.248147661381951435e-18,5.108544987676596244e-17
1.060984694497100686e-02,2.799650588176698875e-17,2.799650588176698875e-17,2.799650588176698875e-17,2.044465980735707263e-16
1.166129986839163982e-02,-6.593421100966900115e-17,-6.593421100966900115e-17,-6.593421100966900115e-17,-4.686830622025783329e-16
1.335223863565670847e-02,9.375922975584460111e-17,9.375922975584460111e-17,9.375922975584462577e-17,6.538537190680321194e-16
1.537149895985015155e-02,-9.787384228175636660e-17,-9.787384228175636660e-17,-9.787384228175635428e-17,-6.722255159924046680e-16
1.741874612590985777e-02,6.880250640171660976e-17,6.880250640171660976e-17,6.880250640171659743e-17,4.661455757826278189e-16
1.930669058351035597e-02,-6.196705095010928381e-18,-6.196705095010928381e-18,-6.196705095010928381e-18,-3.703958150696333712e-17
2.090922948116986924e-02,-7.813287536205376406e-17,-7.813287536205376406e-17,-7.813287536205376406e-17,-5.368841087583213081e-16
2.204984264648887637e-02,1.609714642857531713e-16,1.609714642857531713e-16,1.609714642857531713e-16,1.103761019289111119e-15
2.248118053826909588e-02,-2.129098669629772853e-16,-2.129098669629772853e-16,-2.129098669629772853e-16,-1.467373927795540922e-15
2.196235709164482200e-02,2.071866488110926249e-16,2.071866488110926249e-16,2.071866488110926496e-16,1.440661866040627129e-15
2.036463058618936603e-02,-1.300050337103492360e-16,-1.300050337103492360e-16,-1.300050337103492606e-16,-9.125718256427124149e-16
1.774326119511916364e-02,-1.086552472922756474e-17,-1.086552472922756474e-17,-1.086552472922756936e-17,-9.051935093514318749e-17
1.435235606413602823e-02,1.829608935942223115e-16,1.829608935942223115e-16,1.829608935942223608e-16,1.371516903337499716e-15
1.065178102935265304e-02,-3.345355005276284632e-16,-3.345355005276284632e-16,-3.345355005276285618e-16,-2.577500000192916500e-15
7.240194467148334048e-03,4.089562310430049508e-16,4.089562310430049508e-16,4.089562310430049508e-16,3.272551719488117214e-15
4.601185188403311005e-03,-3.649631230168473157e-16,-3.649631230168473157e-16,-3.649631230168472664e-16,-3.061410722346312196e-15
2.875466014700428941e-03,1.964796484446195475e-16,1.964796484446195475e-16,1.964796484446195475e-16,1.737303030745265982e-15
1.895529661702975363e-03,5.670986384969306198e-17,5.670986384969306198e-17,5.670986384969307431e-17,5.892457212645225756e-16
1.294544179221093381e-03,-3.153741721281051075e-16,-3.153741721281051075e-16,-3.153741721281050582e-16,-3.430526022190093311e-15
5.669389546993317550e-04,4.869384847805290914e-16,4.869384847805290914e-16,4.869384847805290914e-16,5.972445706852320577e-15
-7.547730521167060570e-04,-5.050513467938265547e-16,-5.050513467938265547e-16,-5.050513467938265547e-16,-7.252702924051513842e-15
-2.817235095184509111e-03,3.661353320141652418e-16,3.661353320141652418e-16,3.661353320141652418e-16,6.444525482754545934e-15
-5.295451952247330098e-03,-1.412704200200074347e-16,-1.412704200200074347e-16,-1.412704200200074593e-16,-3.181470357301648360e-15
-7.505995361080007588e-03,-5.065119590075214244e-17,-5.065119590075214244e-17,-5.065119590075214244e-17,-2.175474250075070224e-15
-8.702867557006787463e-03,1.031180412509517680e-16,1.031180412509517680e-16,1.031180412509517557e-16,8.437322683955205712e-15
-8.351161921627756057e-03,1.183083266332798875e-17,1.183083266332798875e-17,1.183083266332800416e-17,-1.373929644765478484e-14
-6.125034945559481962e-03,-2.098254636607331685e-16,-2.098254636607331685e-16,-2.098254636607331685e-16,1.597083583027891889e-14
-1.732649672916050090e-03,3.212724643059383755e-16,3.212724643059383755e-16,3.212724643059383755e-16,-1.342261370604483357e-14
4.818004299326204311e-03,-1.797914242123557634e-16,-1.797914242123557634e-16,-1.797914242123558127e-16,5.494997176673673395e-15
1.228863062070416172e-02,-2.655021419948106008e-16,-2.655021419948106008e-16,-2.655021419948106008e-16,6.754854445241317768e-15
1.745233096324869809e-02,8.830893619825731502e-16,8.830893619825731502e-16,8.830893619825731502e-16,-2.046459619751426257e-14
1.619732903741228844e-02,-1.399750062902090395e-15,-1.399750062902090395e-15,-1.399750062902090395e-15,3.139103154585784731e-14
7.363637599059556435e-03,1.542857469352796278e-15,1.542857469352796278e-15,1.542857469352795883e-15,-3.493645666251419863e-14
-4.405212533718887158e-03,-1.184206303476130216e-15,-1.184206303476130216e-15,-1.184206303476130019e-15,2.761494887804198471e-14
-1.218905131023483371e-02,3.647975306178860842e-16,3.647975306178860842e-16,3.647975306178860349e-16,-8.585509815549040274e-15
-1.300727032733235006e-02,7.854656467278591163e-16,7.854656467278591163e-16,7.854656467278591163e-16,-1.924213579327951319e-14
-8.462664349015229862e-03,-2.073426769294665698e-15,-2.073426769294665698e-15,-2.073426769294665698e-15,4.905290941424537948e-14
-1.368793559240725653e-03,3.155970069553486457e-15,3.155970069553486457e-15,3.155970069553486457e-15,-7.125172310089157208e-14
5.909951833828011938e-03,-3.520196206700541716e-15,-3.520196206700541716e-15,-3.520196206700541716e-15,7.589664026595695314e-14
1.156939036977523011e-02,2.692897746982074602e-15,2.692897746982074602e-15,2.692897746982074997e-15,-5.599198257433090737e-14
1.459589526605838475e-02,-5.787215497193416128e-16,-5.787215497193416128e-16,-5.787215497193416128e-16,1.079017563217868762e-14
1.490312959933243891e-02,-2.341124655616908572e-15,-2.341124655616908572e-15,-2.341124655616908572e-15,5.202206219982430796e-14
1.314899350477320879e-02,5.114513477873468170e-15,5.114513477873468170e-15,5.114513477873468170e-15,-1.163735356901622021e-13
1.030691436890465544e-02,-6.677981232229555479e-15,-6.677981232229555479e-15,-6.677981232229554690e-15,1.606986757877866956e-13
7.197208627788112371e-03,6.308290935933462687e-15,6.308290935933462687e-15,6.308290935933462687e-15,-1.636742507842408087e-13
4.306566051861149443e-03,-3.939188079690460023e-15,-3.939188079690460023e-15,-3.939188079690459234e-15,1.115267170631123656e-13
1.942763407893923844e-03,1.721607834388437782e-16,1.721607834388437782e-16,1.721607834388438028e-16,-5.158081772021803235e-15
3.601398604723536775e-04,3.998050323528634284e-15,3.998050323528634284e-15,3.998050323528633495e-15,-1.357447276583216906e-13
-3.368643558214465044e-04,-7.490890722810845902e-15,-7.490890722810845902e-15,-7.490890722810844324e-15,2.735609209868981459e-13
-2.872861012417393710e-04,9.319296034328893659e-15,9.319296034328893659e-15,9.319296034328892081e-15,-3.601736689621192867e-13
2.039053463053363700e-04,-8.694247819195086583e-15,-8.694247819195086583e-15,-8.694247819195085005e-15,3.501842097444509863e-13
8.163882497480809712e-04,5.230713252120856839e-15,5.230713252120856839e-15,5.230713252120856839e-15,-2.172033709760911316e-13
1.299358750553895533e-03,6.958334389289565285e-16,6.958334389289565285e-16,6.958334389289564299e-16,-3.099661688048299483e-14
1.485405381281677860e-03,-7.707179509197931223e-15,-7.707179509197931223e-15,-7.707179509197929645e-15,3.451467437100295028e-13
1.295633909631012468e-03,1.359955454144539024e-14,1.359955454144539024e-14,1.359955454144539024e-14,-6.377031991923342950e-13
7.448213775422199293e-04,-1.611621537148747913e-14,-1.611621537148747913e-14,-1.611621537148747913e-14,8.022993554856065120e-13
-7.250372382924821454e-05,1.386830958173763654e-14,1.386830958173763654e-14,1.386830958173763812e-14,-7.426624224554132817e-13
-1.008711577297545297e-03,-6.995045743283937148e-15,-6.995045743283937148e-15,-6.995045743283937148e-15,4.107323620343183262e-13
-1.895557907742777184e-03,-2.905637887010111070e-15,-2.905637887010111070e-15,-2.905637887010111070e-15,1.642441620895912842e-13
-2.580821291377183736e-03,1.329103383871946521e-14,1.329103383871946521e-14,1.329103383871945732e-14,-8.599818952817666562e-13
-2.951542345311635764e-03,-2.136280533654895736e-14,-2.136280533654895736e-14,-2.136280533654895105e-14,1.475351631035370160e-12
-2.938194520414113588e-03,2.458255772852247896e-14,2.458255772852247896e-14,2.458255772852248211e-14,-1.775923866759228682e-12
-2.526100138842785232e-03,-2.097017618676867998e-14,-2.097017618676867998e-14,-2.097017618676867367e-14,1.559681434880441478e-12
-1.784353954206206695e-03,9.715691521706719138e-15,9.715691521706719138e-15,9.715691521706720715e-15,-7.453695164437546256e-13
-8.727620239596166427e-04,8.237322512819190724e-15,8.237322512819190724e-15,8.237322512819190724e-15,-5.784042470515414333e-13
1.581727659618832377e-05,-2.915181998628670201e-14,-2.915181998628670201e-14,-2.915181998628669570e-14,2.107068771757437385e-12
7.425477384703778154e-04,4.691584608786739858e-14,4.691584608786739858e-14,4.691584608786739858e-14,-3.390975715462660157e-12
1.250134531958207919e-03,-5.392580775056096465e-14,-5.392580775056096465e-14,-5.392580775056097096e-14,3.903272356770193344e-12
1.527755994728967164e-03,4.452511586149164719e-14,4.452511586149164719e-14,4.452511586149164719e-14,-3.242694339069392519e-12
1.589188193945502729e-03,-1.741775353981686794e-14,-1.741775353981686794e-14,-1.741775353981686478e-14,1.265828758339725565e-12
1.474426821723920280e-03,-2.253993707503035588e-14,-2.253993707503035588e-14,-2.253993707503036219e-14,1.755681792212705908e-12
1.236307436731012106e-03,6.489863145007076255e-14,6.489863145007076255e-14,6.489863145007074993e-14,-5.094839656620028959e-12
9.148904386878117887e-04,-9.688602696865034581e-14,-9.688602696865034581e-14,-9.688602696865034581e-14,7.743857487281746949e-12
5.248822641616805468e-04,1.047764953493138844e-13,1.047764953493138844e-13,1.047764953493139097e-13,-8.513470389655387404e-12
6.612201766137941342e-05,-8.107057154040508006e-14,-8.107057154040508006e-14,-8.107057154040506744e-14,6.673280810050895597e-12
-4.491453185191890754e-04,2.240737642754501113e-14,2.240737642754501113e-14,2.240737642754501744e-14,-1.889277604692924419e-12
-9.698806767064530304e-04,6.049917140447253708e-14,6.049917140447253708e-14,6.049917140447254971e-14,-4.898468317782730481e-12
-1.407043467746271585e-03,-1.514540808363131211e-13,-1.514540808363131211e-13,-1.514540808363131464e-13,1.222978224144955811e-11
-1.674998451668805680e-03,2.197970109094912965e-13,2.197970109094912965e-13,2.197970109094912965e-13,-1.750848929545492996e-11
-1.736666614366867267e-03,-2.367656947688274633e-13,-2.367656947688274633e-13,-2.367656947688274633e-13,1.850178033104802812e-11
-1.604399498069195322e-03,1.760027831559388353e-13,1.760027831559388353e-13,1.760027831559388101e-13,-1.348015618737662408e-11
-1.313145853962379697e-03,-2.563962206219335233e-14,-2.563962206219335233e-14,-2.563962206219333971e-14,2.116721573335118063e-12
-9.001674533025692034e-04,-1.884825155341070767e-13,-1.884825155341070767e-13,-1.884825155341070767e-13,1.302881110680837612e-11
-3.978955580941033725e-04,4.327763327743282736e-13,4.327763327743282736e-13,4.327763327743282736e-13,-2.918399181565553709e-11
1.511924801230270547e-04,-5.989539344550163318e-13,-5.989539344550163318e-13,-5.989539344550162308e-13,3.905621971816920713e-11
6.706965424059438668e-04,6.410189029722108974e-13,6.410189029722108974e-13,6.410189029722108974e-13,-4.039466277178356943e-11
1.067876313521085984e-03,-4.272439291126024583e-13,-4.272439291126024583e-13,-4.272439291126024583e-13,2.600439532633732231e-11
1.292156775174485833e-03,1.948879762781284952e-14,1.948879762781284952e-14,1.948879762781284952e-14,-9.692629448825699339e-13
1.357337639372610105e-03,5.940342183992670960e-13,5.940342183992670960e-13,5.940342183992670960e-13,-3.481964141392364252e-11
1.301863944477850421e-03,-1.177966784081669900e-12,-1.177966784081669900e-12,-1.177966784081669900e-12,6.761141372082477427e-11
1.154157029125928938e-03,1.551283226824790798e-12,1.551283226824790798e-12,1.551283226824790798e-12,-8.783702838334526855e-11
9.369166494210009024e-04,-1.548013573180446231e-12,-1.548013573180446231e-12,-1.548013573180446231e-12,8.678599694216053411e-11
6.782876749574554519e-04,8.648656230215656558e-13,8.648656230215656558e-13,8.648656230215654538e-13,-4.826394975825069727e-11
4.092135012749793300e-04,8.924177214303577007e-14,8.924177214303577007e-14,8.924177214303577007e-14,-4.192597187766309465e-12
1.453340151516586563e-04,-1.763490046348611539e-12,-1.763490046348611539e-12,-1.763490046348612346e-12,9.497867719407218155e-11
-1.411362673742052806e-04,2.761022026616082150e-12,2.761022026616082150e-12,2.761022026616082150e-12,-1.467689202312745789e-10
-5.167689314139363443e-04,-4.001006801932460623e-12,-4.001006801932460623e-12,-4.001006801932460623e-12,2.099210910344413970e-10
-1.023776304330576044e-03,3.221818511546468809e-12,3.221818511546468809e-12,3.221818511546469617e-12,-1.658212290147431576e-10
-1.629298628045475162e-03,-2.154677594369058545e-12,-2.154677594369058545e-12,-2.154677594369058545e-12,1.095145031918149510e-10
-2.246135719460849202e-03,-1.163509971393628181e-12,-1.163509971393628181e-12,-1.163509971393628383e-12,5.159829266738072203e-11
-2.783436329624621678e-03,4.866958786408183994e-12,4.866958786408183994e-12,4.866958786408184802e-12,-2.215548589710374280e-10
-3.186754285160113380e-03,-7.666778411802134683e-12,-7.666778411802134683e-12,-7.666778411802136298e-12,3.369353249726344204e-10
-3.451042035602552242e-03,1.150864531123590037e-11,1.150864531123590037e-11,1.150864531123589875e-11,-4.939649314278324979e-10
-3.599472706155574814e-03,-6.666120637455520299e-12,-6.666120637455520299e-12,-6.666120637455521915e-12,2.749239062077900302e-10
-3.666505917186731970e-03,8.126348574887324094e-12,8.126348574887324094e-12,8.126348574887322479e-12,-3.296693482753848361e-10
-3.693575616886679482e-03,9.678501640240335212e-12,9.678501640240335212e-12,9.678501640240335212e-12,-3.666127634818485912e-10
-3.715848257090379695e-03,-7.200176856738676460e-12,-7.200176856738676460e-12,-7.200176856738676460e-12,2.586875479754710127e-10
-3.756038261381248414e-03,3.179860773726011505e-11,3.179860773726011505e-11,3.179860773726011505e-11,-1.135655445182610523e-09
-3.831805361172340059e-03,-1.929590170351771801e-11,-1.929590170351771801e-11,-1.929590170351771801e-11,6.698756976278441554e-10
-3.966390690877319089e-03,2.866876681409788980e-11,2.866876681409788980e-11,2.866876681409789626e-11,-9.704675333786955384e-10
-4.181027043053046725e-03,-9.495943439915213091e-12,-9.495943439915213091e-12,-9.495943439915214707e-12,3.223305324804922963e-10
-4.472032402033388268e-03,-2.713610620787583602e-11,-2.713610620787583602e-11,-2.713610620787582956e-11,8.759706789503689676e-10
-4.822606927677883411e-03,8.370429470567172225e-12,8.370429470567172225e-12,8.370429470567172225e-12,-2.456332767893069722e-10
-5.231666448267808557e-03,-1.209228083635455947e-10,-1.209228083635455947e-10,-1.209228083635456206e-10,3.770188644465809084e-09
-5.695565649502419385e-03,-2.699557316590245282e-11,-2.699557316590245282e-11,-2.699557316590245928e-11,8.499575352534441169e-10
-6.156617170659244194e-03,-1.895720313861726687e-10,-1.895720313861726687e-10,-1.895720313861726687e-10,5.748156590485816449e-09
-6.500912674923287581e-03,-1.654929478591313073e-10,-1.654929478591313073e-10,-1.654929478591313073e-10,4.913847675679741487e-09
-6.654858109711302150e-03,-1.675293991830591902e-10,-1.675293991830591902e-10,-1.675293991830591385e-10,4.933011991834118410e-09
-6.696129109021014755e-03,-3.250832425459104864e-10,-3.250832425459104864e-10,-3.250832425459104864e-10,9.270083262693848029e-09
-6.851169872303252903e-03,-2.263857354674753004e-11,-2.263857354674753004e-11,-2.263857354674752681e-11,4.912680512516081213e-10
-7.400695950703018583e-03,-2.120008299760820135e-10,-2.120008299760820135e-10,-2.120008299760820652e-10,5.553320062870265717e-09
-8.620505460542788462e-03,3.126972714489516036e-10,3.126972714489516036e-10,3.126972714489517070e-10,-9.226451878234339783e-09
-1.079755709938597964e-02,5.957057122642803898e-10,5.957057122642803898e-10,5.957057122642804932e-10,-1.684427922455519875e-08
-1.425884182433169965e-02,1.084688220056236531e-09,1.084688220056236531e-09,1.084688220056236531e-09,-3.012294246020988053e-08
-1.942617182723212557e-02,2.322005094356702977e-09,2.322005094356702977e-09,2.322005094356702564e-09,-6.178602123512606753e-08
-2.700947593696562121e-02,2.659708518382885616e-09,2.659708518382885616e-09,2.659708518382885202e-09,-6.987878495378107900e-08
-3.821448452074274055e-02,4.495130456918693435e-09,4.495130456918693435e-09,4.495130456918693435e-09,-1.150663278369896391e-07
-5.443960350445935931e-02,4.817518299582046319e-09,4.817518299582046319e-09,4.817518299582047973e-09,-1.200554940054897436e-07
-7.597344072999083486e-02,5.487770780497478956e-09,5.487770780497478956e-09,5.487770780497478956e-09,-1.336154184591150482e-07
-1.001468347944871051e-01,5.334473419196111159e-09,5.334473419196111159e-09,5.334473419196110332e-09,-1.232578147828554227e-07
-1.208617251542766641e-01,2.153438497220604794e-09,2.153438497220604794e-09,2.153438497220604794e-09,-3.535472328896498785e-08
-1.308724386810453666e-01,-8.385497540542939275e-10,-8.385497540542939275e-10,-8.385497540542934105e-10,5.173781153901686634e-08
-1.252396104866635995e-01,-9.681201077350408852e-09,-9.681201077350408852e-09,-9.681201077350408852e-09,3.032105915996493515e-07
-1.034011138252401707e-01,-1.879439525653992535e-08,-1.879439525653992535e-08,-1.879439525653992204e-08,5.796859726172983134e-07
-6.909347048195152441e-02,-3.169323378725584971e-08,-3.169323378725584971e-08,-3.169323378725584971e-08,1.004564602079334808e-06
-2.878041613774509622e-02,-4.585582877916846427e-08,-4.585582877916846427e-08,-4.585582877916846427e-08,1.535830629489333701e-06
1.047229633573641683e-02,-5.578243294415008046e-08,-5.578243294415008046e-08,-5.578243294415008046e-08,2.023090033796566625e-06
4.294639136512117678e-02,-6.451218858868851635e-08,-6.451218858868851635e-08,-6.451218858868851635e-08,2.600350957690240364e-06
6.542091629739205105e-02,-6.152939129274401990e-08,-6.152939129274401990e-08,-6.152939129274401990e-08,2.774858583080951470e-06
7.716692250586458524e-02,-5.290811223527868308e-08,-5.290811223527868308e-08,-5.290811223527868308e-08,2.638638620963963244e-06
7.934969056874952020e-02,-3.754501631795118904e-08,-3.754501631795118904e-08,-3.754501631795118904e-08,1.626785216425508465e-06
7.450447314355614081e-02,-2.484505305356518450e-08,-2.484505305356518450e-08,-2.484505305356518781e-08,-6.410058944344696439e-07
6.583992171039275421e-02,-3.006487863124216430e-08,-3.006487863124216430e-08,-3.006487863124217091e-08,-4.333896116625653279e-06
5.618468808411018062e-02,-7.117728988805261430e-08,-7.117728988805261430e-08,-7.117728988805262754e-08,-1.039121882938873152e-05
4.712987141165821126e-02,-1.651572679531698716e-07,-1.651572679531698716e-07,-1.651572679531698716e-07,-1.829066879964990727e-05
3.906045777134849878e-02,-3.294131579904300138e-07,-3.294131579904300138e-07,-3.294131579904300138e-07,-2.859583135976242772e-05
3.181982313498339654e-02,-5.549275918839532107e-07,-5.549275918839532107e-07,-5.549275918839532107e-07,-4.005230435595954520e-05
2.517902249557408753e-02,-8.029737082474821694e-07,-8.029737082474821694e-07,-8.029737082474821694e-07,-5.087695675954172209e-05
1.891618855319741888e-02,-9.974366738393744111e-07,-9.974366738393744111e-07,-9.974366738393746228e-07,-5.870865728500241401e-05
1.284753904691265762e-02,-9.471400165262561716e-07,-9.471400165262561716e-07,-9.471400165262561716e-07,-5.761508388100462341e-05
7.057534276107569823e-03,-4.449034995108461070e-07,-4.449034995108461070e-07,-4.449034995108461070e-07,-4.281383562167987469e-05
2.016076710680539917e-03,8.805691571404675126e-07,8.805691571404675126e-07,8.805691571404675126e-07,-4.698095717669097149e-06
-1.683101656402073536e-03,3.362602254307921171e-06,3.362602254307921171e-06,3.362602254307921171e-06,6.494010280597839599e-05
-3.651310383574456111e-03,7.300882508955874482e-06,7.300882508955874482e-06,7.300882508955874482e-06,1.745478070481594696e-04
-3.782405693482242086e-03,1.288310640621320507e-05,1.288310640621320507e-05,1.288310640621320507e-05,3.317831936901356445e-04
-2.149086861276198503e-03,1.978613017697872069e-05,1.978613017697872069e-05,1.978613017697872069e-05,5.331644588799696466e-04
1.049343151141527352e-03,2.739717868523258392e-05,2.739717868523258392e-05,2.739717868523258731e-05,7.702764998470909867e-04
5.354638021338426791e-03,3.411503679540930418e-05,3.411503679540930418e-05,3.411503679540930418e-05,1.009884874820994680e-03
9.946665941695818913e-03,3.766058590773953654e-05,3.766058590773953654e-05,3.766058590773952976e-05,1.198458395676969823e-03
1.385094325364339372e-02,3.476817086063208989e-05,3.476817086063208989e-05,3.476817086063208989e-05,1.249820395627520989e-03
1.632269618957052359e-02,2.104645045176507229e-05,2.104645045176507229e-05,2.104645045176507906e-05,1.035727746265507248e-03
1.713308427417096699e-02,-8.232508638860847790e-06,-8.232508638860847790e-06,-8.232508638860847790e-06,4.025622408836347882e-04
1.655096029640467856e-02,-5.870304537958960923e-05,-5.870304537958960923e-05,-5.870304537958960923e-05,-8.450581560077767779e-04
1.506496064508949795e-02,-1.348558996314781679e-04,-1.348558996314781679e-04,-1.348558996314781679e-04,-2.890897604285651377e-03
1.319015196203577982e-02,-2.393346293568239893e-04,-2.393346293568239893e-04,-2.393346293568239622e-04,-5.887706998160367224e-03
1.146662539471229522e-02,-3.697712802317414788e-04,-3.697712802317414788e-04,-3.697712802317414788e-04,-9.879023486805067408e-03
1.043103764072285736e-02,-5.144902001297354177e-04,-5.144902001297354177e-04,-5.144902001297354177e-04,-1.468680670487331613e-02
1.043507212359260153e-02,-6.495454590998771087e-04,-6.495454590998771087e-04,-6.495454590998772171e-04,-1.982351385526192125e-02
1.148565871256195317e-02,-7.323864705138963087e-04,-7.323864705138963087e-04,-7.323864705138962003e-04,-2.428446403800560080e-02
1.332043717445800454e-02,-7.022600382299552411e-04,-7.022600382299552411e-04,-7.022600382299552411e-04,-2.646116707589961717e-02
1.564249991289261982e-02,-4.799653565358785148e-04,-4.799653565358785148e-04,-4.799653565358786233e-04,-2.397254506821907410e-02
1.827489781119678164e-02,2.373763966341201455e-05,2.373763966341201455e-05,2.373763966341200100e-05,-1.364617568734613137e-02
2.110495845352743441e-02,8.910493670146202869e-04,8.910493670146202869e-04,8.910493670146200701e-04,8.310436500956487268e-03
2.391392971432493644e-02,2.176122906867235772e-03,2.176122906867235772e-03,2.176122906867235772e-03,4.600463825315845301e-02
2.635285117589013584e-02,3.868666984355476676e-03,3.868666984355476676e-03,3.868666984355476676e-03,1.029428961590161257e-01
2.807620625314148285e-02,5.862509801594418569e-03,5.862509801594418569e-03,5.862509801594418569e-03,1.808855125366786443e-01
2.877933468788469729e-02,7.914816521338989205e-03,7.914816521338989205e-03,7.914816521338990940e-03,2.778597808078645537e-01
2.814692094728596730e-02,9.618179638377482091e-03,9.618179638377482091e-03,9.618179638377482091e-03,3.856686884864598541e-01
2.582617285421381567e-02,1.039730223694220433e-02,1.039730223694220433e-02,1.039730223694220433e-02,4.869661990127939211e-01
2.145601782505293653e-02,9.535834544021893483e-03,9.535834544021893483e-03,9.535834544021893483e-03,5.517993689401797797e-01
1.471277826555503557e-02,6.275796784133757210e-03,6.275796784133757210e-03,6.275796784133754608e-03,5.351081709089645644e-01
5.277128813137906688e-03,-1.321207126808612679e-05,-1.321207126808612679e-05,-1.321207126808688912e-05,3.750314249637498598e-01
-7.029269609190056355e-03,-9.531232329821698324e-03,-9.531232329821698324e-03,-9.531232329821696589e-03,-5.343475164564499488e-03
-2.177546504279294359e-02,-2.164772075371211232e-02,-2.164772075371211232e-02,-2.164772075371210885e-02,-6.914721285708407272e-01
-3.733258004098068822e-02,-3.451193493043872018e-02,-3.451193493043872018e-02,-3.451193493043872018e-02,-1.763895764840876845e+00
-5.053577713629203022e-02,-4.486786944756856327e-02,-4.486786944756856327e-02,-4.486786944756856327e-02,-3.273981200380180034e+00
-5.696840609383899828e-02,-4.840779178081286438e-02,-4.840779178081286438e-02,-4.840779178081286438e-02,-5.208803557011632002e+00
-5.202296506112819713e-02,-4.091325897268777850e-02,-4.091325897268777850e-02,-4.091325897268777850e-02,-7.441662559691639700e+00
-3.293616372716055840e-02,-2.030055513604248421e-02,-2.030055513604248421e-02,-2.030055513604247727e-02,-9.670987131570417006e+00
-1.685022450561837618e-03,1.081024359400023678e-02,1.081024359400023678e-02,1.081024359400024025e-02,-1.135301915161975472e+01
3.223562816516005458e-02,4.291183468124577099e-02,4.291183468124577099e-02,4.291183468124577099e-02,-1.163768252388528524e+01
5.107851441315050534e-02,5.909447789816069108e-02,5.909447789816069108e-02,5.909447789816068414e-02,-9.326486818356958253e+00
3.221773939124487202e-02,3.774484267361197243e-02,3.774484267361197243e-02,3.774484267361197243e-02,-2.883564031377941372e+00
-4.361137782797411266e-02,-4.019664266415526321e-02,-4.019664266415526321e-02,-4.019664266415527709e-02,9.454493760355019205e+00
-1.808246648181266458e-01,-1.798611460709819143e-01,-1.798611460709819143e-01,-1.798611460709818866e-01,2.942954835766181887e+01
-3.586974607838818163e-01,-3.611772357451756288e-01,-3.611772357451756288e-01,-3.611772357451756288e-01,5.832462090432447610e+01
-5.299454279248932975e-01,-5.362785206932044746e-01,-5.362785206932044746e-01,-5.362785206932044746e-01,9.628653966069964554e+01
-6.365726754302755142e-01,-6.450703874974419438e-01,-6.450703874974419438e-01,-6.450703874974419438e-01,1.414677302337589708e+02
-6.425091294557585542e-01,-6.493637007057044830e-01,-6.493637007057044830e-01,-6.493637007057044830e-01,1.898215554389467741e+02
-5.595810830782697032e-01,-5.616294396162972991e-01,-5.616294396162972991e-01,-5.616294396162972991e-01,2.367684218555898497e+02
-4.351219413420569504e-01,-4.328078780703589756e-01,-4.328078780703589756e-01,-4.328078780703589756e-01,2.796671148195371757e+02
-3.108465389126207068e-01,-3.072065750214065805e-01,-3.072065750214065805e-01,-3.072065750214065805e-01,3.184720263333331332e+02
-1.990207876372117879e-01,-1.966781134824039101e-01,-1.966781134824039101e-01,-1.966781134824038546e-01,3.545978330025810692e+02
-9.471248224942201144e-02,-9.543064932869101125e-02,-9.543064932869101125e-02,-9.543064932869105288e-02,3.897998402388680006e+02
8.688834067322745783e-04,-4.686770337283850847e-03,-4.686770337283850847e-03,-4.686770337283893348e-03,4.254721741576707359e+02
7.462995390451708511e-02,6.329219283915298033e-02,6.329219283915298033e-02,6.329219283915295258e-02,4.621178352955045057e+02
1.145692789433305631e-01,9.859986473734180801e-02,9.859986473734180801e-02,9.859986473734187740e-02,4.992542008665571416e+02
1.217626483822734917e-01,1.038003143609911028e-01,1.038003143609911028e-01,1.038003143609912693e-01,5.359226198229077909e+02
1.088898449052767281e-01,9.154006624900315470e-02,9.154006624900315470e-02,9.154006624900301592e-02,5.713445084797454001e+02
9.136798257493823627e-02,7.653237767294954197e-02,7.653237767294954197e-02,7.653237767294963911e-02,6.050794075969622554e+02
8.084548091923013380e-02,6.976363118557113441e-02,6.976363118557113441e-02,6.976363118557117604e-02,6.367466377120459811e+02
8.268217455954476880e-02,7.583536027900250609e-02,7.583536027900250609e-02,7.583536027900256160e-02,6.658442076503595217e+02
9.539669448250812089e-02,9.232080451733570836e-02,9.232080451733570836e-02,9.232080451733563897e-02,6.918012474292258958e+02
1.122246619969170106e-01,1.117556624684663824e-01,1.117556624684663824e-01,1.117556624684663130e-01,7.140712941606984714e+02
1.250780526271303150e-01,1.259576412200985873e-01,1.259576412200985873e-01,1.259576412200985873e-01,7.322300704884622746e+02
1.283128145289494371e-01,1.296424305385301956e-01,1.296424305385301956e-01,1.296424305385302789e-01,7.461203323992665446e+02
1.197996756522050621e-01,1.211518637500892670e-01,1.211518637500892670e-01,1.211518637500892392e-01,7.559310452699675125e+02
1.001920251451789146e-01,1.015086103713564586e-01,1.015086103713564586e-01,1.015086103713565141e-01,7.621082252954972773e+02
7.218144905863600747e-02,7.359505353570669484e-02,7.359505353570669484e-02,7.359505353570662545e-02,7.651628631846217559e+02
3.972866259741544837e-02,4.140563169028721457e-02,4.140563169028721457e-02,4.140563169028720764e-02,7.655022709286578220e+02
6.808300057379851507e-03,8.858636664343413208e-03,8.858636664343413208e-03,8.858636664343427086e-03,7.633654645645877963e+02
-2.374869291808531790e-02,-2.132054472922159313e-02,-2.132054472922159313e-02,-2.132054472922162783e-02,7.588722174071110658e+02
-5.046747474580549897e-02,-4.779493035256873745e-02,-4.779493035256873745e-02,-4.779493035256869582e-02,7.521404233292483923e+02
-7.271963264488888468e-02,-7.007879885945701715e-02,-7.007879885945701715e-02,-7.007879885945703102e-02,7.433874179383393539e+02
-9.041050334023115198e-02,-8.818745474355949021e-02,-8.818745474355949021e-02,-8.818745474355949021e-02,7.329445259616751400e+02
-1.039326788984203248e-01,-1.025585675109042944e-01,-1.025585675109042944e-01,-1.025585675109042944e-01,7.212054573106186126e+02
-1.139769123104756865e-01,-1.138386422138197990e-01,-1.138386422138197990e-01,-1.138386422138197712e-01,7.085767310421580305e+02
-1.213511725243161116e-01,-1.226804486707815528e-01,-1.226804486707815528e-01,-1.226804486707815528e-01,6.954621297435877523e+02
-1.268135637726081344e-01,-1.295857586717882592e-01,-1.295857586717882592e-01,-1.295857586717882037e-01,6.822729521281385132e+02
-1.309146164432417048e-01,-1.348226075959354509e-01,-1.348226075959354509e-01,-1.348226075959355064e-01,6.694284111619866735e+02
-1.344316792784013281e-01,-1.389612214526953771e-01,-1.389612214526953771e-01,-1.389612214526953216e-01,6.573243314306032516e+02
-1.391022638313490489e-01,-1.436642789711296553e-01,-1.436642789711296553e-01,-1.436642789711296830e-01,6.462934414812003752e+02
-1.474074204654617359e-01,-1.514682541100979829e-01,-1.514682541100979829e-01,-1.514682541100979829e-01,6.365798143110096134e+02
-1.613929293092571382e-01,-1.645761775834515828e-01,-1.645761775834515828e-01,-1.645761775834516105e-01,6.283281249225070724e+02
-1.817106306233805257e-01,-1.838561588877345998e-01,-1.838561588877345998e-01,-1.838561588877346276e-01,6.215848966458025870e+02
-2.076067595963378143e-01,-2.087669031486033000e-01,-2.087669031486033000e-01,-2.087669031486031890e-01,6.163072077819311971e+02
-2.376333731026415153e-01,-2.380110221203482479e-01,-2.380110221203482479e-01,-2.380110221203482479e-01,6.123825895988426282e+02
-2.704013482677567470e-01,-2.702631362809078119e-01,-2.702631362809078119e-01,-2.702631362809078119e-01,6.096664652084413092e+02
-3.050191571143121561e-01,-3.046158582378567514e-01,-3.046158582378567514e-01,-3.046158582378566959e-01,6.080238476362746951e+02
-3.410697491514146362e-01,-3.405858591128966273e-01,-3.405858591128966273e-01,-3.405858591128966828e-01,6.073534464802246475e+02
-3.779303424970122949e-01,-3.774836324513078378e-01,-3.774836324513078378e-01,-3.774836324513078378e-01,6.075882807315231275e+02
-4.141175546649379369e-01,-4.138050917904989023e-01,-4.138050917904989023e-01,-4.138050917904989023e-01,6.086790520682907299e+02
-4.477114056130893638e-01,-4.476347393520776485e-01,-4.476347393520776485e-01,-4.476347393520776485e-01,6.105716164408855775e+02
-4.773373635268552961e-01,-4.775669493107857488e-01,-4.775669493107857488e-01,-4.775669493107856378e-01,6.131986915566560583e+02
-5.023711689521950241e-01,-5.029187338286630338e-01,-5.029187338286630338e-01,-5.029187338286632558e-01,6.164906496351229634e+02
-5.224522059046291522e-01,-5.232934135467025571e-01,-5.232934135467025571e-01,-5.232934135467024461e-01,6.203887583224923219e+02
-5.373936593179430288e-01,-5.384911006974760772e-01,-5.384911006974760772e-01,-5.384911006974760772e-01,6.248523978671003078e+02
-5.476349865755142376e-01,-5.489299266535269117e-01,-5.489299266535269117e-01,-5.489299266535270228e-01,6.298581359203618604e+02
-5.544815679210245429e-01,-5.558836159903339791e-01,-5.558836159903339791e-01,-5.558836159903337570e-01,6.353912344534941212e+02
-5.597922047873233886e-01,-5.611905664832486096e-01,-5.611905664832486096e-01,-5.611905664832486096e-01,6.414389721147889531e+02
-5.653041420959993291e-01,-5.665867087471433416e-01,-5.665867087471433416e-01,-5.665867087471433416e-01,6.479934779069926662e+02
-5.720704429061213014e-01,-5.731363341624005070e-01,-5.731363341624005070e-01,-5.731363341624006180e-01,6.550630337689974567e+02
-5.804646912637277945e-01,-5.812338116549859990e-01,-5.812338116549859990e-01,-5.812338116549859990e-01,6.626806122067911247e+02
-5.905033960124017600e-01,-5.909240482106334902e-01,-5.909240482106334902e-01,-5.909240482106333792e-01,6.709021181582673989e+02
-6.018842233273205000e-01,-6.019287392365799683e-01,-6.019287392365799683e-01,-6.019287392365800793e-01,6.797964901097419670e+02
-6.136423695282512414e-01,-6.133027451241591654e-01,-6.133027451241591654e-01,-6.133027451241591654e-01,6.894255776461153573e+02
-6.239717235616832891e-01,-6.232753420968271119e-01,-6.232753420968271119e-01,-6.232753420968271119e-01,6.998151026339335203e+02
-6.307200717680699897e-01,-6.297479214083021581e-01,-6.297479214083021581e-01,-6.297479214083021581e-01,7.109306386778296201e+02
-6.323526196411450861e-01,-6.312262067776716057e-01,-6.312262067776716057e-01,-6.312262067776716057e-01,7.226696041090178824e+02
-6.287135371717124110e-01,-6.275414450719823956e-01,-6.275414450719823956e-01,-6.275414450719825066e-01,7.348684037904704383e+02
-6.207025987206313822e-01,-6.195230429541346284e-01,-6.195230429541346284e-01,-6.195230429541346284e-01,7.473199859013345758e+02
-6.089472503401537340e-01,-6.077203857480562021e-01,-6.077203857480562021e-01,-6.077203857480559801e-01,7.597897965953238781e+02
-5.932562448330559457e-01,-5.919042934917581045e-01,-5.919042934917581045e-01,-5.919042934917581045e-01,7.720199073566507195e+02
-5.733236596930167961e-01,-5.717616133237124476e-01,-5.717616133237124476e-01,-5.717616133237123366e-01,7.837310276217788214e+02
-5.489658137242731106e-01,-5.470940084001909565e-01,-5.470940084001909565e-01,-5.470940084001910675e-01,7.946282657635555324e+02
-5.195881855171887720e-01,-5.172885859634015482e-01,-5.172885859634015482e-01,-5.172885859634015482e-01,8.044093979964786740e+02
-4.838830342387827055e-01,-4.810467657514768125e-01,-4.810467657514768125e-01,-4.810467657514768680e-01,8.127811271904822661e+02
-4.392098746905963580e-01,-4.357732243718384080e-01,-4.357732243718384080e-01,-4.357732243718385190e-01,8.194766508411507857e+02
-3.805583244908900542e-01,-3.765406064965029498e-01,-3.765406064965029498e-01,-3.765406064965029498e-01,8.242701336638187968e+02
-3.018070094881124543e-01,-2.973251517770518770e-01,-2.973251517770518770e-01,-2.973251517770517660e-01,8.269921382698452135e+02
-2.006862873100670464e-01,-1.959038153736828991e-01,-1.959038153736828991e-01,-1.959038153736830101e-01,8.275339030429779541e+02
-8.263978705030008975e-02,-7.767586592670434886e-02,-7.767586592670434886e-02,-7.767586592670422396e-02,8.258319524351981045e+02
4.283268177286692069e-02,4.796222043250192996e-02,4.796222043250192996e-02,4.796222043250187445e-02,8.218427177686018013e+02
1.699693713495963321e-01,1.753214311998096131e-01,1.753214311998096131e-01,1.753214311998095298e-01,8.155180839144185256e+02
2.988375306972273493e-01,3.044266241927079952e-01,3.044266241927079952e-01,3.044266241927079952e-01,8.067875469722637263e+02
4.313427807845846007e-01,4.370206901505495622e-01,4.370206901505495622e-01,4.370206901505497288e-01,7.955471587242935811e+02
5.683121016727601393e-01,5.737542488681557362e-01,5.737542488681557362e-01,5.737542488681558472e-01,7.816505198372922223e+02
7.100652990015084987e-01,7.149548392097938576e-01,7.149548392097938576e-01,7.149548392097939686e-01,7.648978081637064861e+02
8.583203877025531447e-01,8.626219048623674501e-01,8.626219048623674501e-01,8.626219048623674501e-01,7.450284473615162142e+02
1.016470584578894831e+00,1.020483839767290624e+00,1.020483839767290624e+00,1.020483839767291068e+00,7.217252977520291779e+02
1.186724785056765263e+00,1.190842041593790146e+00,1.190842041593790146e+00,1.190842041593789924e+00,6.946322312896613766e+02
1.366832107857656631e+00,1.371328165862545134e+00,1.371328165862545134e+00,1.371328165862544912e+00,6.633914773290805442e+02
1.549899190379524061e+00,1.555011151295310201e+00,1.555011151295310201e+00,1.555011151295310201e+00,6.276974784912500809e+02
1.726316775964183092e+00,1.732462799484277172e+00,1.732462799484277172e+00,1.732462799484276950e+00,5.873474414849600862e+02
1.885148851120874269e+00,1.893029293587650042e+00,1.893029293587650042e+00,1.893029293587649597e+00,5.422913521461545088e+02
2.014773878568005383e+00,2.025308005348511298e+00,2.025308005348511298e+00,2.025308005348511742e+00,4.927072606307805245e+02
2.103176798612194531e+00,2.117511683694873081e+00,2.117511683694873081e+00,2.117511683694872637e+00,4.391032810284167454e+02
2.138059361525864510e+00,2.157896525399034093e+00,2.157896525399034093e+00,2.157896525399034537e+00,3.824102342326459620e+02
2.107663461246670256e+00,2.135721622457487534e+00,2.135721622457487534e+00,2.135721622457487534e+00,3.240166427046135027e+02
2.002536473639618730e+00,2.042616096094949985e+00,2.042616096094949985e+00,2.042616096094949985e+00,2.657188077026414703e+02
1.817740646833524654e+00,1.873869960321285166e+00,1.873869960321285166e+00,1.873869960321285166e+00,2.095991875050988540e+02
1.555851600037861049e+00,1.630452621075852981e+00,1.630452621075852981e+00,1.630452621075853203e+00,1.578351759095036755e+02
1.230550276809289079e+00,1.322406362431727711e+00,1.322406362431727711e+00,1.322406362431727711e+00,1.123892521136822040e+02
8.690109242092008968e-01,9.722716154838019209e-01,9.722716154838019209e-01,9.722716154838019209e-01,7.461523539994057330e+01
5.104419903696890692e-01,6.153043159729671974e-01,6.153043159729671974e-01,6.153043159729671974e-01,4.498776639465830129e+01
1.985683110941894591e-01,2.931534524856704294e-01,2.931534524856704294e-01,2.931534524856704849e-01,2.313662972480764068e+01
-3.106494364216282403e-02,4.179850851859593514e-02,4.179850851859593514e-02,4.179850851859595595e-02,8.127749658076179884e+00
-1.638537258456014556e-01,-1.205633777653838529e-01,-1.205633777653838529e-01,-1.205633777653838529e-01,-1.241413004300465417e+00
-2.098776972897493098e-01,-1.977807494242642683e-01,-1.977807494242642683e-01,-1.977807494242643238e-01,-6.265381097577464864e+00
-1.948344656116473839e-01,-2.094382273442475795e-01,-2.094382273442475795e-01,-2.094382273442476072e-01,-8.208772124167410311e+00
-1.469284984281199469e-01,-1.803945339216495025e-01,-1.803945339216495025e-01,-1.803945339216495303e-01,-8.184116569527860818e+00
-8.889909568279309726e-02,-1.330411671663155604e-01,-1.330411671663155604e-01,-1.330411671663155326e-01,-7.072445478868262470e+00
-3.565305232101950716e-02,-8.370651980851814833e-02,-8.370651980851814833e-02,-8.370651980851813445e-02,-5.507840564449167253e+00
5.302803407633921440e-03,-4.203079742423190823e-02,-4.203079742423190823e-02,-4.203079742423192211e-02,-3.902479571814761350e+00
3.211221837383856914e-02,-1.202417310189225243e-02,-1.202417310189225243e-02,-1.202417310189225243e-02,-2.490182096636719411e+00
4.629858112698388012e-02,6.189362329173742419e-03,6.189362329173742419e-03,6.189362329173745021e-03,-1.374401281436936628e+00
5.082815066917337199e-02,1.466558463459416949e-02,1.466558463459416949e-02,1.466558463459417122e-02,-5.725071661374865339e-01
4.886540315161274489e-02,1.630303226909528280e-02,1.630303226909528280e-02,1.630303226909528280e-02,-5.195880234748130599e-02
4.311477865463991116e-02,1.393893837370947450e-02,1.393893837370947450e-02,1.393893837370947797e-02,2.430240230452972439e-01
3.558995553282946755e-02,9.856824489745589710e-03,9.856824489745589710e-03,9.856824489745591444e-03,3.735890678943218912e-01
2.764577026027697365e-02,5.617436636158123532e-03,5.617436636158123532e-03,5.617436636158123532e-03,3.956629576428075112e-01
2.012726225630628515e-02,2.101305264964651708e-03,2.101305264964651708e-03,2.101305264964651275e-03,3.547406907633345874e-01
1.353991636743603379e-02,-3.487789006584054953e-04,-3.487789006584054953e-04,-3.487789006584053326e-04,2.844628315570754684e-01
8.213015548000652394e-03,-1.744684974864256629e-03,-1.744684974864256629e-03,-1.744684974864256412e-03,2.073819799465154712e-01
4.404106616227495760e-03,-2.282712139437419619e-03,-2.282712139437419619e-03,-2.282712139437420053e-03,1.368842477289722026e-01
2.294925455133728191e-03,-2.221941082696710871e-03,-2.221941082696710871e-03,-2.221941082696710437e-03,7.950062470591989783e-02
1.922030651967699798e-03,-1.811564505495936875e-03,-1.811564505495936875e-03,-1.811564505495936658e-03,3.707433042798289474e-02
3.146918287057831349e-03,-1.257510107923409020e-03,-1.257510107923409020e-03,-1.257510107923409236e-03,8.623270007625132016e-03
5.709023372317296487e-03,-7.060910359104254031e-04,-7.060910359104254031e-04,-7.060910359104252947e-04,-8.275642365017934002e-03
9.254359060893240299e-03,-2.445583360523731291e-04,-2.445583360523731291e-04,-2.445583360523730207e-04,-1.651483148475780399e-02
1.328500347246007462e-02,8.803605994890212035e-05,8.803605994890212035e-05,8.803605994890221522e-05,-1.885448806346222764e-02
1.715683610516163804e-02,2.882970739609303380e-04,2.882970739609303380e-04,2.882970739609302837e-04,-1.761805376506651519e-02
2.024136051444361609e-02,3.745315427194270664e-04,3.745315427194270664e-04,3.745315427194269580e-04,-1.456739974374199505e-02
2.213377247697555922e-02,3.765189365390173471e-04,3.765189365390173471e-04,3.765189365390174013e-04,-1.092361203570498332e-02
2.271958030076171378e-02,3.256582269459108400e-04,3.256582269459108400e-04,3.256582269459109484e-04,-7.440844945398594756e-03
2.210856077006314105e-02,2.492349357366594148e-04,2.492349357366594148e-04,2.492349357366594148e-04,-4.514323368800201956e-03
2.054584667493882313e-02,1.680230773091961546e-04,1.680230773091961546e-04,1.680230773091961817e-04,-2.289453065809664029e-03
1.838981676128221068e-02,9.519738260063027185e-05,9.519738260063027185e-05,9.519738260063028540e-05,-7.506064940022022253e-04
1.614367825447380472e-02,3.779458025642888852e-05,3.779458025642888852e-05,3.779458025642889530e-05,2.012974422501209314e-04
1.438866896772249097e-02,-2.317520964750010053e-06,-2.317520964750010053e-06,-2.317520964750009206e-06,7.010189601325197972e-04
1.356747608790211633e-02,-2.639668987288874057e-05,-2.639668987288874057e-05,-2.639668987288873041e-05,8.834437322587525808e-04
1.379530086202499645e-02,-3.739100563399978556e-05,-3.739100563399978556e-05,-3.739100563399977878e-05,8.655441582267298876e-04
1.487057725386247212e-02,-3.900651247678543326e-05,-3.900651247678543326e-05,-3.900651247678544003e-05,7.396390597671559028e-04
1.643185755878386403e-02,-3.466841510234004129e-05,-3.466841510234004129e-05,-3.466841510234004129e-05,5.704589158739038768e-04
1.811022183852526238e-02,-2.741103674581940909e-05,-2.741103674581940909e-05,-2.741103674581940909e-05,4.003709811409816551e-04
1.963171682270254542e-02,-1.940871871463157922e-05,-1.940871871463157922e-05,-1.940871871463157922e-05,2.524721474360205908e-04
2.084220495896604852e-02,-1.209562210563031438e-05,-1.209562210563031438e-05,-1.209562210563031269e-05,1.366933790631434643e-04
2.158864844912751838e-02,-6.243683809186831819e-06,-6.243683809186831819e-06,-6.243683809186831819e-06,5.437366859938703913e-05
2.156047555775354729e-02,-2.044016009884510115e-06,-2.044016009884510115e-06,-2.044016009884510115e-06,1.422786771901413875e-06
2.038236907973474746e-02,5.633794923851580736e-07,5.633794923851580736e-07,5.633794923851578618e-07,-2.797891566115888375e-05
1.795287469518370635e-02,1.892291700601347056e-06,1.892291700601347056e-06,1.892291700601347056e-06,-4.053714879355872715e-05
1.462522813575199698e-02,2.289023117684890429e-06,2.289023117684890429e-06,2.289023117684891700e-06,-4.203369134041518159e-05
1.099498277788004026e-02,2.110799756562781545e-06,2.110799756562781545e-06,2.110799756562781545e-06,-3.719132583244058132e-05
7.559386216361410962e-03,1.665954722621760182e-06,1.665954722621760182e-06,1.665954722621760182e-06,-2.956193369933406322e-05
4.620203369779284260e-03,1.153839469463425483e-06,1.153839469463425483e-06,1.153839469463425272e-06,-2.132392606946114559e-05
2.372857656395713308e-03,7.111089463727949838e-07,7.111089463727949838e-07,7.111089463727949838e-07,-1.393946269569373692e-05
9.143818311739073963e-04,3.801196819007671286e-07,3.801196819007671286e-07,3.801196819007671815e-07,-7.963080176789478034e-06
1.791899353185546573e-04,1.668829020856086552e-07,1.668829020856086552e-07,1.668829020856086552e-07,-3.589154107570488916e-06
-1.649449962706051016e-05,4.890172278459101591e-08,4.890172278459101591e-08,4.890172278459101591e-08,-7.022918857541506290e-07
1.191474187625838976e-04,-5.766181183764763169e-09,-5.766181183764763169e-09,-5.766181183764758206e-09,1.007436637851178436e-06
3.266486930322335639e-04,-1.994921437166331116e-08,-1.994921437166331116e-08,-1.994921437166332439e-08,1.793470125297974341e-06
3.397644971103594360e-04,-1.621168589134267541e-08,-1.621168589134267541e-08,-1.621168589134266548e-08,1.998828401923608361e-06
1.993121955322403203e-04,-5.362539417008041272e-09,-5.362539417008041272e-09,-5.362539417008046235e-09,1.831546018477065493e-06
4.512336134805582859e-04,4.526585646137124481e-09,4.526585646137124481e-09,4.526585646137125309e-09,1.487727909325472073e-06
1.907695363886655450e-03,1.010917249468691979e-08,1.010917249468691979e-08,1.010917249468692144e-08,1.101554710018087118e-06
5.113498312732195350e-03,1.125902493973523018e-08,1.125902493973523018e-08,1.125902493973522853e-08,7.310278835563012748e-07
9.693352942905845981e-03,9.299740984458059518e-09,9.299740984458059518e-09,9.299740984458059518e-09,4.445465584813871426e-07
1.382279799114327114e-02,6.224645570126305848e-09,6.224645570126305848e-09,6.224645570126305848e-09,2.370406552661903250e-07
1.456368819447196282e-02,4.061813659256525336e-09,4.061813659256525336e-09,4.061813659256523682e-09,1.246157883543433767e-07
1.000658749898986587e-02,3.638053746751449377e-09,3.638053746751449377e-09,3.638053746751449791e-09,9.547877104991622794e-08
1.774372530104462685e-03,4.596643018368963377e-09,4.596643018368963377e-09,4.596643018368965032e-09,1.321468794025217924e-07
-5.905843819206300915e-03,6.601780734127448523e-09,6.601780734127448523e-09,6.601780734127452659e-09,2.276071323253237923e-07
-1.002174818023873586e-02,9.178313429784241205e-09,9.178313429784241205e-09,9.178313429784239550e-09,3.477558193535669700e-07
-1.014983511318905650e-02,1.335620044677544730e-08,1.335620044677544730e-08,1.335620044677544730e-08,4.722712913619136775e-07
-6.761944984892153711e-03,1.937628787913628319e-08,1.937628787913628319e-08,1.937628787913628319e-08,5.536464536819679662e-07
-6.276363731236502420e-04,2.459655383634010088e-08,2.459655383634010088e-08,2.459655383634010749e-08,5.368744483190839329e-07
6.345623515916524668e-03,2.083421971807641303e-08,2.083421971807641303e-08,2.083421971807640972e-08,3.517766171601172331e-07
1.157962112679142286e-02,-6.461768983601809618e-09,-6.461768983601809618e-09,-6.461768983601811272e-09,-9.401319952912185819e-08
1.352349843179032757e-02,-7.442881973325506414e-08,-7.442881973325506414e-08,-7.442881973325505091e-08,-8.898647234423349870e-07
1.192046390773606607e-02,-1.979370585434310929e-07,-1.979370585434310929e-07,-1.979370585434310929e-07,-2.126056269630446132e-06
1.028250210510470164e-02,-3.809351682094176367e-07,-3.809351682094176367e-07,-3.809351682094175837e-07,-3.849954011213590924e-06
9.709393756509593007e-03,-5.993721796887562808e-07,-5.993721796887562808e-07,-5.993721796887560690e-07,-6.034381008084128071e-06
9.092516603254358065e-03,-8.498167352803451784e-07,-8.498167352803451784e-07,-8.498167352803452842e-07,-8.520286518518578120e-06
