# InvDyn,Takahashi,Zelik,Frigo,GRF
1.321344206372133089e-02,2.854146843436306683e-11,2.854146843436306683e-11,2.854146843436307329e-11,-5.038159942940365733e-10
1.869203471054969520e-02,2.102634959436299368e-11,2.102634959436299368e-11,2.102634959436299691e-11,-3.742000631311766297e-10
1.931497917060228872e-02,1.401746004248381322e-11,1.401746004248381322e-11,1.401746004248380838e-11,-2.522237853258607615e-10
1.500932582054952287e-02,8.294070936731894295e-12,8.294070936731894295e-12,8.294070936731894295e-12,-1.508384986036597301e-10
9.792630262291211404e-03,4.087720083249936243e-12,4.087720083249936243e-12,4.087720083249934627e-12,-7.456400506889051331e-11
7.434417044496590028e-03,1.256933451636283965e-12,1.256933451636283965e-12,1.256933451636283562e-12,-2.224195373207123898e-11
7.669667994459472907e-03,-4.624561398413779633e-13,-4.624561398413779633e-13,-4.624561398413779633e-13,9.577050375721905810e-12
8.032760023872036192e-03,-1.374396330484780570e-12,-1.374396330484780570e-12,-1.374396330484780570e-12,2.598138514239042006e-11
7.058771486879663465e-03,-1.706876420708192425e-12,-1.706876420708192425e-12,-1.706876420708192223e-12,3.155131580401354546e-11
5.192404072903797872e-03,-1.652126864919847367e-12,-1.652126864919847367e-12,-1.652126864919847367e-12,3.031734283431053026e-11
3.637209464273909870e-03,-1.393375490846680555e-12,-1.393375490846680555e-12,-1.393375490846681161e-12,2.574050017233520386e-11
2.913887321251527971e-03,-1.031599218293249203e-12,-1.031599218293249203e-12,-1.031599218293249203e-12,1.950646246722126449e-11
2.669399151198524871e-03,-7.016272993692522320e-13,-7.016272993692522320e-13,-7.016272993692519290e-13,1.368818567719106128e-11
2.354380044696512218e-03,-4.155023568086089351e-13,-4.155023568086089351e-13,-4.155023568086089351e-13,8.459656133999705786e-12
1.706719714700584726e-03,-2.085372707154138526e-13,-2.085372707154138526e-13,-2.085372707154139031e-13,4.440188762616500774e-12
8.080857764231511942e-04,-8.228078808947699704e-14,-8.228078808947699704e-14,-8.228078808947699704e-14,1.825765917606729837e-12
-6.299935013844038814e-05,9.830503714388013559e-15,9.830503714388013559e-15,9.830503714388013559e-15,-2.824165214836103184e-13
-6.354848630934576683e-04,3.044324676348606786e-14,3.044324676348606786e-14,3.044324676348606786e-14,-8.611710033242300941e-13
-8.184104825834898718e-04,5.370919441910058079e-14,5.370919441910058079e-14,5.370919441910060604e-14,-1.601464107470817884e-12
-7.177808181791459638e-04,4.438909238732887438e-14,4.438909238732887438e-14,4.438909238732888701e-14,-1.461910123768823901e-12
-4.892399904933431975e-04,3.142926929112164241e-14,3.142926929112164241e-14,3.142926929112164241e-14,-1.144322481690315080e-12
-2.053898426889927723e-04,3.334393014351371488e-14,3.334393014351371488e-14,3.334393014351370226e-14,-1.338461912696795706e-12
1.393569091759984423e-04,6.077259787374252524e-15,6.077259787374252524e-15,6.077259787374253312e-15,-2.946702256895109037e-13
5.543203845699535377e-04,1.850525551413212806e-14,1.850525551413212806e-14,1.850525551413212490e-14,-9.023647943429022469e-13
1.004463662569755715e-03,-9.041046940146925949e-16,-9.041046940146925949e-16,-9.041046940146927922e-16,1.943604362916680937e-14
1.414688255554932567e-03,2.036100960185521859e-15,2.036100960185521859e-15,2.036100960185521071e-15,-1.058756842511793644e-13
1.709210810965840991e-03,5.964646815952274410e-15,5.964646815952274410e-15,5.964646815952275199e-15,-4.043192712497687097e-13
1.845518752456551262e-03,-1.066337277299434782e-14,-1.066337277299434782e-14,-1.066337277299434782e-14,7.905200068288518965e-13
1.813800819226602965e-03,1.131720228658113339e-14,1.131720228658113339e-14,1.131720228658113339e-14,-9.030735660682307227e-13
1.626133772283452558e-03,-1.103142854710163168e-14,-1.103142854710163168e-14,-1.103142854710163168e-14,9.926941552548472577e-13
1.325463711297960884e-03,5.001426603124726482e-15,5.001426603124726482e-15,5.001426603124726482e-15,-4.813471309034341674e-13
9.896839516566455133e-04,4.706897966288296431e-16,4.706897966288296431e-16,4.706897966288298404e-16,-8.254103009225184140e-14
6.996285407534374610e-04,-7.048046322013223207e-15,-7.048046322013223207e-15,-7.048046322013223207e-15,1.013732455317205192e-12
5.027260386551547040e-04,1.010329947042525126e-14,1.010329947042525126e-14,1.010329947042525126e-14,-1.719993612189476772e-12
4.117961211312368489e-04,-1.034742005048727348e-14,-1.034742005048727348e-14,-1.034742005048727505e-14,2.165100476704144336e-12
4.212831106746239775e-04,7.346656644087783299e-15,7.346656644087783299e-15,7.346656644087786454e-15,-1.941089194134834371e-12
5.147471686930951609e-04,-3.008940249322566382e-15,-3.008940249322566382e-15,-3.008940249322566382e-15,1.016087552762257538e-12
6.620766409983558972e-04,-1.233683314945617069e-15,-1.233683314945617069e-15,-1.233683314945617069e-15,5.545789104975302589e-13
8.083688976862224039e-04,4.489023347341548916e-15,4.489023347341548916e-15,4.489023347341548916e-15,-2.412930800201373198e-12
8.799997904280128800e-04,-6.844695768791455770e-15,-6.844695768791455770e-15,-6.844695768791455770e-15,4.028236601675933620e-12
8.282242877114452890e-04,8.325333803727034917e-15,8.325333803727034917e-15,8.325333803727034917e-15,-4.737100228156227391e-12
6.699351909189429563e-04,-8.218803434593615473e-15,-8.218803434593615473e-15,-8.218803434593617051e-15,4.089618556699358467e-12
4.790072142968034366e-04,4.378695770079452402e-15,4.378695770079452402e-15,4.378695770079452402e-15,-1.769317799859475746e-12
3.379640114868631695e-04,4.415403224938642529e-15,4.415403224938642529e-15,4.415403224938643317e-15,-1.771046160002670662e-12
3.135653619040524860e-04,-1.833735818588482009e-14,-1.833735818588482009e-14,-1.833735818588481693e-14,5.915011506726784519e-12
4.510403043343237921e-04,3.316638723706576504e-14,3.316638723706576504e-14,3.316638723706577135e-14,-9.188393934534509077e-12
7.421020282848145039e-04,-4.305286462527651584e-14,-4.305286462527651584e-14,-4.305286462527650322e-14,1.041764060731452831e-11
1.104711518383676020e-03,3.982505888995364389e-14,3.982505888995364389e-14,3.982505888995363758e-14,-8.443336916282161054e-12
1.421535117019782132e-03,-1.634259497417325825e-14,-1.634259497417325825e-14,-1.634259497417325825e-14,2.841902078668003405e-12
1.613011480360293558e-03,-2.600785586138477797e-14,-2.600785586138477797e-14,-2.600785586138477797e-14,5.096558329214527314e-12
1.678918340216476032e-03,8.626403440337804996e-14,8.626403440337804996e-14,8.626403440337804996e-14,-1.442754227147324380e-11
1.667665988048968847e-03,-1.361878078778037940e-13,-1.361878078778037940e-13,-1.361878078778037687e-13,2.056873753650386618e-11
1.618161957383458440e-03,1.689141749536997931e-13,1.689141749536997931e-13,1.689141749536997931e-13,-2.319237139168716287e-11
1.545841255795570978e-03,-1.320020918777852963e-13,-1.320020918777852963e-13,-1.320020918777852963e-13,1.653142443575640868e-11
1.472204206569519263e-03,3.987287138856472787e-14,3.987287138856472787e-14,3.987287138856473418e-14,-4.733381453483430226e-12
1.440962115269203096e-03,1.531875005298394719e-13,1.531875005298394719e-13,1.531875005298394466e-13,-1.502430587584846947e-11
1.496553423513292871e-03,-3.788278207884639010e-13,-3.788278207884639010e-13,-3.788278207884639515e-13,3.343292718101058694e-11
1.662383461487378393e-03,5.981235224582008974e-13,5.981235224582008974e-13,5.981235224582008974e-13,-4.704824102158281678e-11
1.933585869446897976e-03,-7.208104337840812177e-13,-7.208104337840812177e-13,-7.208104337840813187e-13,5.037134242068210256e-11
2.260683501993157856e-03,5.080514897486334362e-13,5.080514897486334362e-13,5.080514897486333352e-13,-3.154434198221415715e-11
2.539286661440335203e-03,-1.566024194739480197e-13,-1.566024194739480197e-13,-1.566024194739479944e-13,8.404491477364670577e-12
2.647180924735104308e-03,-9.047893774609624560e-13,-9.047893774609624560e-13,-9.047893774609628599e-13,4.551993547120114458e-11
2.509157053364540792e-03,1.518612740815578491e-12,1.518612740815578491e-12,1.518612740815578491e-12,-6.936807669186605508e-11
2.122634493315009481e-03,-2.863543920628537849e-12,-2.863543920628537849e-12,-2.863543920628537445e-12,1.190149724094538721e-10
1.528767302870201678e-03,2.376920793601885180e-12,2.376920793601885180e-12,2.376920793601885584e-12,-9.118913980891038796e-11
7.780674786686442345e-04,-2.241984389803009981e-12,-2.241984389803009981e-12,-2.241984389803010385e-12,8.072475192661360564e-11
-7.730181044326125863e-05,-4.419911470009108575e-13,-4.419911470009108575e-13,-4.419911470009107565e-13,1.313116137039635856e-11
-9.874072800883995638e-04,3.265025963981033732e-12,3.265025963981033732e-12,3.265025963981034539e-12,-9.993914700845013928e-11
-1.915721765452433429e-03,-5.681047934177757037e-12,-5.681047934177757037e-12,-5.681047934177757037e-12,1.649857633654856506e-10
-2.824581880114294865e-03,1.004585347787817498e-11,1.004585347787817498e-11,1.004585347787817660e-11,-2.870709779116110529e-10
-3.646405797792318451e-03,-5.084644580894402052e-12,-5.084644580894402052e-12,-5.084644580894401245e-12,1.345380806151642548e-10
-4.305040877510179533e-03,9.633573603524637365e-12,9.633573603524637365e-12,9.633573603524635749e-12,-2.687250450159075764e-10
-4.776564241306561175e-03,9.291678928370119640e-12,9.291678928370119640e-12,9.291678928370121255e-12,-2.349983630569562267e-10
-5.106771092695290212e-03,-1.001667164460149753e-12,-1.001667164460149753e-12,-1.001667164460149955e-12,-6.358964729747900898e-12
-5.379891283084675853e-03,3.038257569139310163e-11,3.038257569139310163e-11,3.038257569139310163e-11,-7.211718346713709739e-10
-5.692770911055613538e-03,-1.127482062110076447e-11,-1.127482062110076447e-11,-1.127482062110076286e-11,2.375653677645480033e-10
-6.113423586488366326e-03,3.034505474347823718e-11,3.034505474347823718e-11,3.034505474347823718e-11,-6.897925773890232858e-10
-6.605456789697474948e-03,-8.465217532104578688e-12,-8.465217532104578688e-12,-8.465217532104578688e-12,2.022891009259697115e-10
-7.022938248356830164e-03,-2.108685252113781920e-11,-2.108685252113781920e-11,-2.108685252113781597e-11,4.504714557908669340e-10
-7.223722784193743057e-03,-8.661173613902008943e-12,-8.661173613902008943e-12,-8.661173613902010559e-12,2.346090756017118512e-10
-7.168151942420411017e-03,-1.246976393763366833e-10,-1.246976393763366833e-10,-1.246976393763367091e-10,2.598699507329861624e-09
-6.913173697618700542e-03,-6.888890327122885299e-11,-6.888890327122885299e-11,-6.888890327122886591e-11,1.441171995044698145e-09
-6.545353865290268539e-03,-2.381078800019702762e-10,-2.381078800019702762e-10,-2.381078800019703279e-10,4.756836124721314880e-09
-6.068612947840455567e-03,-2.337531796190061879e-10,-2.337531796190061879e-10,-2.337531796190061879e-10,4.555535243988330381e-09
-5.313339452671143881e-03,-2.878795699125705144e-10,-2.878795699125705144e-10,-2.878795699125705661e-10,5.461361118909308465e-09
-4.049851956686734318e-03,-4.137396303071297483e-10,-4.137396303071297483e-10,-4.137396303071297483e-10,7.695422532975529741e-09
-2.275236040017005693e-03,-1.669700971762352924e-10,-1.669700971762352924e-10,-1.669700971762353183e-10,2.979994344468790384e-09
-3.476078592277931844e-04,-2.671384639233671573e-10,-2.671384639233671573e-10,-2.671384639233671056e-10,4.753938256908051736e-09
1.138488818462262591e-03,3.356730882016676818e-10,3.356730882016676818e-10,3.356730882016677851e-10,-5.849122652541962603e-09
1.498261909753160473e-03,7.703769493819886945e-10,7.703769493819886945e-10,7.703769493819886945e-10,-1.313136548708109746e-08
-2.676428938269397869e-05,1.626876509246915574e-09,1.626876509246915574e-09,1.626876509246915574e-09,-2.711903025392513088e-08
-4.302212311152318891e-03,3.159642999365022852e-09,3.159642999365022852e-09,3.159642999365023265e-09,-5.161545463797575467e-08
-1.223782215154600901e-02,4.164024758294265448e-09,4.164024758294265448e-09,4.164024758294265448e-09,-6.672056707585124123e-08
-2.455190263239295442e-02,6.576872926209392192e-09,6.576872926209392192e-09,6.576872926209390538e-09,-1.029595323637137901e-07
-4.122154742112584674e-02,7.558593139757616622e-09,7.558593139757616622e-09,7.558593139757616622e-09,-1.158375970789081884e-07
-6.046427372001945966e-02,8.847339369120683082e-09,8.847339369120683082e-09,8.847339369120683082e-09,-1.324413567209496402e-07
-7.791124242692398782e-02,8.527361100832223258e-09,8.527361100832223258e-09,8.527361100832221604e-09,-1.242974038145853358e-07
-8.757271087060559955e-02,4.567077694282448612e-09,4.567077694282448612e-09,4.567077694282449439e-09,-6.317326190803972743e-08
-8.494932699668739096e-02,-1.145582955085823420e-09,-1.145582955085823420e-09,-1.145582955085823834e-09,2.286588882809689551e-08
-6.982088644022590995e-02,-1.496026631816171002e-08,-1.496026631816171002e-08,-1.496026631816171333e-08,2.297681203288372037e-07
-4.621388168894535048e-02,-3.153834451120406863e-08,-3.153834451120406863e-08,-3.153834451120406863e-08,4.880550627418429679e-07
-2.018602067914370898e-02,-5.493990461250644840e-08,-5.493990461250644840e-08,-5.493990461250646825e-08,8.797127561236170726e-07
2.576564440826882314e-03,-8.036129258597388684e-08,-8.036129258597388684e-08,-8.036129258597388684e-08,1.367373431143079217e-06
1.857050792315348420e-02,-1.014822308038753569e-07,-1.014822308038753569e-07,-1.014822308038753437e-07,1.873499973208214617e-06
2.721157155870906549e-02,-1.177344985489083266e-07,-1.177344985489083266e-07,-1.177344985489083134e-07,2.427667646514766291e-06
3.008785205019816333e-02,-1.157494734066204245e-07,-1.157494734066204245e-07,-1.157494734066204245e-07,2.711856538309665849e-06
2.947380947202530091e-02,-9.959264229088982379e-08,-9.959264229088982379e-08,-9.959264229088982379e-08,2.696213290291662505e-06
2.721659915662539772e-02,-6.385808038953622576e-08,-6.385808038953622576e-08,-6.385808038953622576e-08,1.927809183459502619e-06
2.440777469921634121e-02,-1.759483351199249224e-08,-1.759483351199249224e-08,-1.759483351199248893e-08,7.093523331913728289e-08
2.154626373879314771e-02,2.436674641513018985e-08,2.436674641513018985e-08,2.436674641513020309e-08,-3.190108342409353385e-06
1.878182947458242186e-02,4.145796808336208038e-08,4.145796808336208038e-08,4.145796808336210023e-08,-8.530633611989103414e-06
1.611278348350747569e-02,2.715467717069223102e-09,2.715467717069223102e-09,2.715467717069233028e-09,-1.582593970499849895e-05
1.355781854080951795e-02,-1.185067500914721700e-07,-1.185067500914721700e-07,-1.185067500914721964e-07,-2.544570314910863838e-05
1.124424130567629188e-02,-3.357433912846548780e-07,-3.357433912846548780e-07,-3.357433912846548780e-07,-3.649102904579556756e-05
9.365715818472803572e-03,-6.267547695505667691e-07,-6.267547695505667691e-07,-6.267547695505667691e-07,-4.756363890327862214e-05
8.068059432651522936e-03,-9.249820930748403211e-07,-9.249820930748403211e-07,-9.249820930748398976e-07,-5.631614245715190392e-05
7.367818323416494043e-03,-1.067395083844293636e-06,-1.067395083844293636e-06,-1.067395083844294060e-06,-5.795356437312604493e-05
7.178603693816322517e-03,-8.396598097786000814e-07,-8.396598097786000814e-07,-8.396598097785998696e-07,-4.748461747942377457e-05
7.381858542090969158e-03,1.084189820869506721e-07,1.084189820869506721e-07,1.084189820869506854e-07,-1.645526455738061499e-05
7.857561422444684154e-03,2.161527867573709760e-06,2.161527867573709760e-06,2.161527867573710184e-06,4.331212073261358488e-05
8.497410015017197935e-03,5.733002904702672643e-06,5.733002904702672643e-06,5.733002904702671796e-06,1.406735337904498431e-04
9.217645277610427706e-03,1.119003508900054563e-05,1.119003508900054563e-05,1.119003508900054224e-05,2.832084336165199855e-04
9.960568662912771057e-03,1.855511713395414515e-05,1.855511713395414515e-05,1.855511713395414515e-05,4.709067165504285239e-04
1.068844296377681989e-02,2.750851049489426295e-05,2.750851049489426295e-05,2.750851049489426295e-05,6.972721042945704585e-04
1.136277040184819308e-02,3.679502641100783702e-05,3.679502641100783702e-05,3.679502641100782347e-05,9.359548065005010575e-04
1.191881904630184494e-02,4.418627007027515780e-05,4.418627007027515780e-05,4.418627007027515780e-05,1.140741568487418185e-03
1.227975428694894414e-02,4.607944027478375689e-05,4.607944027478375689e-05,4.607944027478376366e-05,1.234511209501562784e-03
1.241503952432455871e-02,3.729531898586610381e-05,3.729531898586610381e-05,3.729531898586611736e-05,1.102638795635509919e-03
1.236478432113907559e-02,1.164417546632608056e-05,1.164417546632608056e-05,1.164417546632608056e-05,5.993783448037541452e-04
1.219471854780208343e-02,-3.808600959805829743e-05,-3.808600959805829743e-05,-3.808600959805828387e-05,-4.588041263571511898e-04
1.196160075422305485e-02,-1.181459311244886979e-04,-1.181459311244886979e-04,-1.181459311244886979e-04,-2.257518855906420849e-03
1.172528220591427008e-02,-2.325019640503397770e-04,-2.325019640503397770e-04,-2.325019640503397770e-04,-4.961560880046306070e-03
1.156382732536309979e-02,-3.798119435924907365e-04,-3.798119435924907365e-04,-3.798119435924907365e-04,-8.646196798873314812e-03
1.156964430373708282e-02,-5.496588326135656193e-04,-5.496588326135656193e-04,-5.496588326135657277e-04,-1.320322983166171034e-02
1.184301892184271184e-02,-7.195697026973477736e-04,-7.195697026973477736e-04,-7.195697026973478820e-04,-1.824132603433149119e-02
1.249316767051864355e-02,-8.499213624023717936e-04,-8.499213624023717936e-04,-8.499213624023716851e-04,-2.291318152390791479e-02
1.363445381139443205e-02,-8.830879371797521618e-04,-8.830879371797521618e-04,-8.830879371797519450e-04,-2.580102297294818020e-02
1.538263444724555749e-02,-7.422444048080470858e-04,-7.422444048080470858e-04,-7.422444048080470858e-04,-2.475696598606615811e-02
1.785801583365624612e-02,-3.359432563379633938e-04,-3.359432563379633938e-04,-3.359432563379635022e-04,-1.685690312083520936e-02
2.118326407647542695e-02,4.310280216845226338e-04,4.310280216845226338e-04,4.310280216845226338e-04,1.503588876546425217e-03
2.541774198828147466e-02,1.641567856826357721e-03,1.641567856826357721e-03,1.641567856826357721e-03,3.433801661408743960e-02
3.041640370973680910e-02,3.334778523475589312e-03,3.334778523475589312e-03,3.334778523475589746e-03,8.533508321262382734e-02
3.573863038697951133e-02,5.468144383841536983e-03,5.468144383841536983e-03,5.468144383841536116e-03,1.568075575699347801e-01
4.068122310724690827e-02,7.863812871838076965e-03,7.863812871838076965e-03,7.863812871838078700e-03,2.479281108212524065e-01
4.438873814837973608e-02,1.015701822244914274e-02,1.015701822244914274e-02,1.015701822244914274e-02,3.524358430236890216e-01
4.596966183234629105e-02,1.176684301106962864e-02,1.176684301106962864e-02,1.176684301106962691e-02,4.558092229662907835e-01
4.456290943575626912e-02,1.191520515546321858e-02,1.191520515546321858e-02,1.191520515546322205e-02,5.319846693532792603e-01
3.929796809573796873e-02,9.743094890578766001e-03,9.743094890578766001e-03,9.743094890578762532e-03,5.405795184442158119e-01
2.936320987712614725e-02,4.518505058779639927e-03,4.518505058779639927e-03,4.518505058779638192e-03,4.248865316621779908e-01
1.454000046009101300e-02,-4.062191458519842473e-03,-4.062191458519842473e-03,-4.062191458519843340e-03,1.126467562354137725e-01
-4.133036217858649178e-03,-1.554388032621571540e-02,-1.554388032621571540e-02,-1.554388032621571540e-02,-4.790105487993138733e-01
-2.405781290767054770e-02,-2.843275768739591744e-02,-2.843275768739591744e-02,-2.843275768739591744e-02,-1.432193456697769651e+00
-4.120041896996776837e-02,-4.005411150864220809e-02,-4.005411150864220809e-02,-4.005411150864221503e-02,-2.807324413025318322e+00
-5.089937354602990655e-02,-4.669693759917672993e-02,-4.669693759917672993e-02,-4.669693759917674380e-02,-4.611457825396730215e+00
-4.925443750228364337e-02,-4.418481594594370759e-02,-4.418481594594370759e-02,-4.418481594594370065e-02,-6.753066814895118952e+00
-3.430296882631427013e-02,-2.913131338507557802e-02,-2.913131338507557802e-02,-2.913131338507556761e-02,-8.984685605910026851e+00
-6.988714271770071762e-03,-1.124044247517978377e-03,-1.124044247517978377e-03,-1.124044247517975558e-03,-1.083741647351319415e+01
2.703521308898244532e-02,3.430139902513229533e-02,3.430139902513229533e-02,3.430139902513229533e-02,-1.155571438091936542e+01
5.478066450315562108e-02,6.293650046434806633e-02,6.293650046434806633e-02,6.293650046434806633e-02,-1.004843355971833674e+01
5.485256491045688992e-02,6.163210502484994108e-02,6.163210502484994108e-02,6.163210502484994108e-02,-4.883779448978053495e+00
1.492121926080353577e-03,3.317391143527670481e-03,3.317391143527670481e-03,3.317391143527672216e-03,5.631603099167434401e+00
-1.244392720544295894e-01,-1.312144148680109701e-01,-1.312144148680109701e-01,-1.312144148680109978e-01,2.324787561164946581e+01
-3.202217011283477466e-01,-3.374218178689404324e-01,-3.374218178689404324e-01,-3.374218178689403769e-01,4.939343245215264488e+01
-5.501229108428923320e-01,-5.755300216430220273e-01,-5.755300216430220273e-01,-5.755300216430220273e-01,8.457009295828645179e+01
-7.501371395375698858e-01,-7.762880239891232215e-01,-7.762880239891232215e-01,-7.762880239891233325e-01,1.275565146777596226e+02
-8.545095758519636320e-01,-8.714545660000379002e-01,-8.714545660000379002e-01,-8.714545660000379002e-01,1.750310588755707784e+02
-8.293203631652316110e-01,-8.318465457526015294e-01,-8.318465457526015294e-01,-8.318465457526014184e-01,2.225810553621156771e+02
-6.861149035305170729e-01,-6.782952850745295192e-01,-6.782952850745295192e-01,-6.782952850745292972e-01,2.666099165513660978e+02
-4.680375661726903780e-01,-4.590151047561951692e-01,-4.590151047561951692e-01,-4.590151047561950026e-01,3.053899392996871143e+02
-2.248844812879561283e-01,-2.216824055880337596e-01,-2.216824055880337596e-01,-2.216824055880337041e-01,3.388946690066067049e+02
3.325852653680908249e-03,-1.405288892693887974e-03,-1.405288892693887974e-03,-1.405288892693818152e-03,3.683181428865763678e+02
1.898622683624492380e-01,1.788399887902444030e-01,1.788399887902444030e-01,1.788399887902444030e-01,3.955850126074287800e+02
3.197540315215874895e-01,3.057150934553657939e-01,3.057150934553657939e-01,3.057150934553657384e-01,4.227917739672205926e+02
3.884189894598417125e-01,3.745568137828635957e-01,3.745568137828635957e-01,3.745568137828636512e-01,4.517826901166262132e+02
4.005696038451937446e-01,3.889738619399232267e-01,3.889738619399232267e-01,3.889738619399232822e-01,4.839377797315088401e+02
3.680443637848647143e-01,3.594560589581453081e-01,3.594560589581453081e-01,3.594560589581454746e-01,5.199804765194240872e+02
3.061685702804247677e-01,3.003649476663716178e-01,3.003649476663716178e-01,3.003649476663714513e-01,5.597560118441408576e+02
2.300269173784948162e-01,2.263839135115298107e-01,2.263839135115298107e-01,2.263839135115298939e-01,6.021896416903787213e+02
1.522826300838300839e-01,1.501409079749021214e-01,1.501409079749021214e-01,1.501409079749020103e-01,6.455042967553298467e+02
8.293429247374083102e-02,8.172633657858366374e-02,8.172633657858366374e-02,8.172633657858369149e-02,6.875744577440598277e+02
2.955248378787493288e-02,2.882291081135847366e-02,2.882291081135847366e-02,2.882291081135846325e-02,7.263229564208039619e+02
-3.826676909084514907e-03,-4.406790143436446587e-03,-4.406790143436446587e-03,-4.406790143436574957e-03,7.600875650601815323e+02
-1.837790988885125779e-02,-1.899066235229868865e-02,-1.899066235229868865e-02,-1.899066235229852906e-02,7.878418378801957260e+02
-1.999744458861415011e-02,-2.069782179152442406e-02,-2.069782179152442406e-02,-2.069782179152441712e-02,8.092007293317733456e+02
-1.617658265763411221e-02,-1.695579358618528112e-02,-1.695579358618528112e-02,-1.695579358618527072e-02,8.242691736153878992e+02
-1.276926214950465689e-02,-1.361061704222993329e-02,-1.361061704222993329e-02,-1.361061704222989166e-02,8.334421786342576297e+02
-1.275066881054607096e-02,-1.364729546006973257e-02,-1.364729546006973257e-02,-1.364729546006972216e-02,8.372089703276842556e+02
-1.681918848804582131e-02,-1.776352642727478670e-02,-1.776352642727478670e-02,-1.776352642727473813e-02,8.360037379386609473e+02
-2.457321050096734905e-02,-2.554147116068952034e-02,-2.554147116068952034e-02,-2.554147116068950993e-02,8.301617893815522393e+02
-3.525936538164913675e-02,-3.620642908179595720e-02,-3.620642908179595720e-02,-3.620642908179593639e-02,8.199711087586745180e+02
-4.783148793998552584e-02,-4.870069915128066862e-02,-4.870069915128066862e-02,-4.870069915128074495e-02,8.057530374274869018e+02
-6.075013785443453967e-02,-6.149284958463505091e-02,-6.149284958463505091e-02,-6.149284958463498846e-02,7.879285537946458362e+02
-7.214967669213727397e-02,-7.274207601497414966e-02,-7.274207601497414966e-02,-7.274207601497417741e-02,7.670441483184503113e+02
-8.040725856759017853e-02,-8.085631921946796752e-02,-8.085631921946796752e-02,-8.085631921946796752e-02,7.437570640603996708e+02
-8.454671178552831956e-02,-8.488769504401723343e-02,-8.488769504401723343e-02,-8.488769504401719179e-02,7.188047731244179204e+02
-8.427450678763027947e-02,-8.456554947442607162e-02,-8.456554947442607162e-02,-8.456554947442605774e-02,6.929561743525671318e+02
-7.996995417238292325e-02,-8.028617252660869008e-02,-8.028617252660869008e-02,-8.028617252660869008e-02,6.669484698987766933e+02
-7.262733264946349965e-02,-7.305297100252877707e-02,-7.305297100252877707e-02,-7.305297100252877707e-02,6.414390286872780962e+02
-6.346482905712494405e-02,-6.407986805117639462e-02,-6.407986805117639462e-02,-6.407986805117640849e-02,6.169780888384780155e+02
-5.334389811663316910e-02,-5.420383593062048921e-02,-5.420383593062048921e-02,-5.420383593062047534e-02,5.940037603231155572e+02
-4.242996410513200090e-02,-4.354001641878838674e-02,-4.354001641878838674e-02,-4.354001641878837980e-02,5.728624161239346222e+02
-3.044730127226078983e-02,-3.174051811323807398e-02,-3.174051811323807398e-02,-3.174051811323806704e-02,5.538354254640427143e+02
-1.749555093175554285e-02,-1.884263383119783378e-02,-1.884263383119783378e-02,-1.884263383119783378e-02,5.371481631707451925e+02
-4.564102372957720699e-03,-5.824453154149695881e-03,-5.824453154149695881e-03,-5.824453154149697616e-03,5.229547147554267212e+02
6.959581891694830227e-03,5.888094377871565602e-03,5.888094377871565602e-03,5.888094377871563867e-03,5.113229488160233132e+02
1.609314100993304575e-02,1.526116273808082215e-02,1.526116273808082215e-02,1.526116273808082215e-02,5.022418664446680054e+02
2.241648301183887457e-02,2.183147766375810941e-02,2.183147766375810941e-02,2.183147766375810594e-02,4.956376189290342040e+02
2.569736147340975774e-02,2.532681267024960298e-02,2.532681267024960298e-02,2.532681267024960298e-02,4.913793013490292196e+02
2.564155989390078452e-02,2.540523718960269184e-02,2.540523718960269184e-02,2.540523718960269531e-02,4.892783693946703920e+02
2.202808475959561890e-02,2.180019845937026732e-02,2.180019845937026732e-02,2.180019845937026038e-02,4.891048459973457057e+02
1.470767619413347604e-02,1.434848158002956751e-02,1.434848158002956751e-02,1.434848158002957098e-02,4.906180118979663689e+02
3.122450835971621493e-03,2.514991369512229683e-03,2.514991369512229683e-03,2.514991369512224479e-03,4.935794966402109480e+02
-1.375530181803689966e-02,-1.468949322973340556e-02,-1.468949322973340556e-02,-1.468949322973339862e-02,4.977544450188346445e+02
-3.663694260219176047e-02,-3.792884028339362640e-02,-3.792884028339362640e-02,-3.792884028339361946e-02,5.029292634710627112e+02
-6.553158767625096026e-02,-6.715737961814186030e-02,-6.715737961814186030e-02,-6.715737961814187418e-02,5.089361221285611236e+02
-1.003607314795596367e-01,-1.022546215440367084e-01,-1.022546215440367084e-01,-1.022546215440367084e-01,5.156669038534375886e+02
-1.415419098414175680e-01,-1.436260231570996027e-01,-1.436260231570996027e-01,-1.436260231570996304e-01,5.230904052136871769e+02
-1.897051881875757018e-01,-1.919124992723780510e-01,-1.919124992723780510e-01,-1.919124992723780510e-01,5.312632153705029623e+02
-2.447383539489962623e-01,-2.470141918759491961e-01,-2.470141918759491961e-01,-2.470141918759491684e-01,5.402938723203828886e+02
-3.051101561755371616e-01,-3.073984805464242687e-01,-3.073984805464242687e-01,-3.073984805464242687e-01,5.502793755261807291e+02
-3.681993299558408705e-01,-3.704328453983528613e-01,-3.704328453983528613e-01,-3.704328453983528613e-01,5.612661353053797484e+02
-4.310372571163014754e-01,-4.331425978913724939e-01,-4.331425978913724939e-01,-4.331425978913724939e-01,5.732383868717918176e+02
-4.906786775312838578e-01,-4.925872081078571108e-01,-4.925872081078571108e-01,-4.925872081078571108e-01,5.861163984986634432e+02
-5.442190022795341253e-01,-5.458701780787320601e-01,-5.458701780787320601e-01,-5.458701780787321711e-01,5.997610682740512402e+02
-5.885487353002285538e-01,-5.898907659202277110e-01,-5.898907659202277110e-01,-5.898907659202275999e-01,6.139951262369442020e+02
-6.204125450469981651e-01,-6.214068761929125717e-01,-6.214068761929125717e-01,-6.214068761929125717e-01,6.286408197154693198e+02
-6.373357870678345583e-01,-6.379605984971620236e-01,-6.379605984971620236e-01,-6.379605984971619126e-01,6.435542831403664650e+02
-6.384231526083185004e-01,-6.386723027497855920e-01,-6.386723027497855920e-01,-6.386723027497855920e-01,6.586425101579385455e+02
-6.240404619518017393e-01,-6.239153514866159211e-01,-6.239153514866159211e-01,-6.239153514866156991e-01,6.738500269430792287e+02
-5.949143744026619274e-01,-5.944120289563813442e-01,-5.944120289563813442e-01,-5.944120289563813442e-01,6.891204813067464556e+02
-5.518227127411964306e-01,-5.509297434276602123e-01,-5.509297434276602123e-01,-5.509297434276602123e-01,7.043622975067042944e+02
-4.965171062921034384e-01,-4.952132478399053350e-01,-4.952132478399053350e-01,-4.952132478399054460e-01,7.194295591045250831e+02
-4.326261609787234175e-01,-4.309015834963870750e-01,-4.309015834963870750e-01,-4.309015834963870195e-01,7.341174518246961043e+02
-3.647942941319047283e-01,-3.626728846724527888e-01,-3.626728846724527888e-01,-3.626728846724530664e-01,7.481662322421957469e+02
-2.966727813195355612e-01,-2.942103463143605491e-01,-2.942103463143605491e-01,-2.942103463143605491e-01,7.612612185905495608e+02
-2.296008335343505125e-01,-2.268520665452034013e-01,-2.268520665452034013e-01,-2.268520665452034568e-01,7.730378425490393965e+02
-1.625994204417120781e-01,-1.595897106284955569e-01,-1.595897106284955569e-01,-1.595897106284956679e-01,7.831089733140173621e+02
-9.289137686675037753e-02,-8.961376503660747894e-02,-8.961376503660747894e-02,-8.961376503660761772e-02,7.911016074552129567e+02
-1.640231213267564353e-02,-1.282510020128417930e-02,-1.282510020128417930e-02,-1.282510020128494431e-02,7.966714841934833657e+02
7.110562460857050571e-02,7.503054156419061704e-02,7.503054156419061704e-02,7.503054156419089460e-02,7.994947417715048914e+02
1.725241541798157585e-01,1.768499645694809885e-01,1.768499645694809885e-01,1.768499645694812661e-01,7.992633082529088142e+02
2.891211417025478791e-01,2.938928713596705156e-01,2.938928713596705156e-01,2.938928713596697939e-01,7.956840694522769581e+02
4.215688938500562477e-01,4.268030158847916367e-01,4.268030158847916367e-01,4.268030158847908595e-01,7.884602732272215917e+02
5.707700484170142863e-01,5.764190713489230067e-01,5.764190713489230067e-01,5.764190713489230067e-01,7.772749136972626047e+02
7.376646148845955597e-01,7.435764216078629696e-01,7.435764216078629696e-01,7.435764216078630806e-01,7.618085345984382002e+02
9.223895622031819119e-01,9.282798935172053012e-01,9.282798935172053012e-01,9.282798935172053012e-01,7.417568760093171250e+02
1.123592988179358931e+00,1.129049901073484019e+00,1.129049901073484019e+00,1.129049901073483575e+00,7.168253242347237801e+02
1.338211567361601961e+00,1.342759673563289402e+00,1.342759673563289402e+00,1.342759673563289180e+00,6.867493067458919995e+02
1.560897071850673168e+00,1.564127593377372838e+00,1.564127593377372838e+00,1.564127593377372616e+00,6.513622287132495785e+02
1.782387455057049763e+00,1.784115797456393482e+00,1.784115797456393482e+00,1.784115797456393482e+00,6.106825594798510792e+02
1.988456203889769069e+00,1.988881571891094824e+00,1.988881571891094824e+00,1.988881571891094824e+00,5.649729180544463816e+02
2.161559791950046883e+00,2.161458695080717529e+00,2.161458695080717529e+00,2.161458695080717085e+00,5.147387561003197334e+02
2.284207069839023330e+00,2.285205838825978386e+00,2.285205838825978386e+00,2.285205838825977942e+00,4.607113442580472906e+02
2.341822331330291718e+00,2.346713722536353686e+00,2.346713722536353686e+00,2.346713722536353242e+00,4.038697117822827067e+02
2.324925117352543591e+00,2.337822094180105559e+00,2.337822094180105559e+00,2.337822094180105115e+00,3.454787958229259175e+02
2.230666126116593428e+00,2.256588723341348857e+00,2.256588723341348857e+00,2.256588723341349301e+00,2.870895841536966486e+02
2.062517377467611546e+00,2.105980516119883017e+00,2.105980516119883017e+00,2.105980516119883017e+00,2.304638629699618662e+02
1.828317502379102288e+00,1.890887637636349483e+00,1.890887637636349483e+00,1.890887637636349483e+00,1.774264333328615351e+02
1.538580184002667828e+00,1.616349632030239958e+00,1.616349632030239958e+00,1.616349632030239958e+00,1.296885942238999974e+02
1.207168706279354575e+00,1.290101657999371598e+00,1.290101657999371598e+00,1.290101657999371376e+00,8.865494110580584675e+01
8.546694923349424933e-01,9.292488853747339350e-01,9.292488853747339350e-01,9.292488853747337130e-01,5.522300273996249587e+01
5.113579934258619675e-01,5.655920707561471472e-01,5.655920707561471472e-01,5.655920707561471472e-01,2.965705127479406400e+01
2.135637359266249757e-01,2.413984098687902147e-01,2.413984098687902147e-01,2.413984098687901592e-01,1.156927056708982349e+01
-9.298915834151192175e-03,-6.766602863118569705e-03,-6.766602863118569705e-03,-6.766602863118574042e-03,-8.939145119518654425e-03
-1.467588097009770443e-01,-1.634526280820476074e-01,-1.634526280820476074e-01,-1.634526280820476629e-01,-6.425237762155406429e+00
-2.075038859375109845e-01,-2.358840232681609084e-01,-2.358840232681609084e-01,-2.358840232681609639e-01,-9.117561731845622575e+00
-2.111836569918823237e-01,-2.449402649739832183e-01,-2.449402649739832183e-01,-2.449402649739832183e-01,-9.384564323426161536e+00
-1.798727505219959444e-01,-2.149577658748026698e-01,-2.149577658748026698e-01,-2.149577658748026698e-01,-8.272319195746851150e+00
-1.327418292374669129e-01,-1.670548673564179465e-01,-1.670548673564179465e-01,-1.670548673564179465e-01,-6.545917007499820528e+00
-8.385644137690220767e-02,-1.164029719786737888e-01,-1.164029719786737888e-01,-1.164029719786737888e-01,-4.711634005365776368e+00
-4.186311309999040525e-02,-7.207933576801542341e-02,-7.207933576801542341e-02,-7.207933576801543729e-02,-3.064061186469371201e+00
-1.068659239998846940e-02,-3.815572828692551099e-02,-3.815572828692551099e-02,-3.815572828692551099e-02,-1.741041203249605873e+00
9.250980074148762444e-03,-1.519291890173233781e-02,-1.519291890173233781e-02,-1.519291890173233434e-02,-7.752472578864184616e-01
1.967404089635363049e-02,-1.692003159795702578e-03,-1.692003159795702578e-03,-1.692003159795702361e-03,-1.367947900020774765e-01
2.324405215323373589e-02,4.730250693968708099e-03,4.730250693968708099e-03,4.730250693968708099e-03,2.348027635374077549e-01
2.266096648836578992e-02,6.534573457030123066e-03,6.534573457030123066e-03,6.534573457030123933e-03,4.088740280408157401e-01
2.012282307058389438e-02,5.801743535488878764e-03,5.801743535488878764e-03,5.801743535488878764e-03,4.502700681325114695e-01
1.710776916934569555e-02,4.047713047225450639e-03,4.047713047225450639e-03,4.047713047225451506e-03,4.127094930680249019e-01
1.442400541980269103e-02,2.221453407588168914e-03,2.221453407588168914e-03,2.221453407588168914e-03,3.365085894600775562e-01
1.240390971822864959e-02,8.025668597236014458e-04,8.025668597236014458e-04,8.025668597236005784e-04,2.491560663834563316e-01
1.109164265898435024e-02,-6.204023338326263514e-05,-6.204023338326263514e-05,-6.204023338326220146e-05,1.673725722291220241e-01
1.036778516168381827e-02,-4.237434667207400432e-04,-4.237434667207400432e-04,-4.237434667207403685e-04,9.964466449967207540e-02
1.001987612649769648e-02,-4.257847553198323563e-04,-4.257847553198323563e-04,-4.257847553198323021e-04,4.879374076500044011e-02
9.811422309052146920e-03,-2.281855877590775988e-04,-2.281855877590775988e-04,-2.281855877590774904e-04,1.410691981739153542e-02
9.570108343890253860e-03,3.446256436565964341e-05,3.446256436565964341e-05,3.446256436565964341e-05,-6.979807911216098434e-03
9.233137313092791912e-03,2.702143135437193745e-04,2.702143135437193745e-04,2.702143135437194287e-04,-1.770728834138532784e-02
8.817771683487818715e-03,4.308669062988880602e-04,4.308669062988880602e-04,4.308669062988881686e-04,-2.126653293977362816e-02
8.368238087140459844e-03,5.028895877448258606e-04,5.028895877448258606e-04,5.028895877448257522e-04,-2.037847751280657399e-02
7.922692747240635963e-03,4.964953526193887755e-04,4.964953526193887755e-04,4.964953526193885587e-04,-1.715130085408165736e-02
7.508844929200763837e-03,4.335608315760718263e-04,4.335608315760718263e-04,4.335608315760717179e-04,-1.306261707751127030e-02
7.175758524342161666e-03,3.390150774032586810e-04,3.390150774032586810e-04,3.390150774032585725e-04,-9.045747275932722667e-03
7.018028812669776031e-03,2.351183078998187945e-04,2.351183078998187945e-04,2.351183078998187403e-04,-5.609468164238560518e-03
7.142316948686178342e-03,1.381537033140960255e-04,1.381537033140960255e-04,1.381537033140959984e-04,-2.954145786206144927e-03
7.618695911212908060e-03,5.827783222435407802e-05,5.827783222435407802e-05,5.827783222435407802e-05,-1.088954157276160028e-03
8.470381251200639200e-03,-3.761569546503134792e-07,-3.761569546503134792e-07,-3.761569546503130556e-07,8.951614991090811081e-05
9.697609002598651592e-03,-3.788575354317170926e-05,-3.788575354317170926e-05,-3.788575354317172281e-05,7.295577780598473802e-04
1.130183030964543485e-02,-5.711848764251593056e-05,-5.711848764251593056e-05,-5.711848764251591700e-05,9.854107603443627069e-04
1.328427193809389624e-02,-6.239233703067018565e-05,-6.239233703067018565e-05,-6.239233703067019921e-05,9.950395150178808525e-04
1.563043367365688982e-02,-5.811941171409227950e-05,-5.811941171409227950e-05,-5.811941171409227950e-05,8.663665831592806633e-04
1.830879315817150743e-02,-4.845319482477920548e-05,-4.845319482477920548e-05,-4.845319482477919871e-05,6.790968003329807875e-04
2.128297174837246591e-02,-3.657511041308449264e-05,-3.657511041308449264e-05,-3.657511041308448587e-05,4.841866050366040990e-04
2.449749460094558309e-02,-2.480763294796357415e-05,-2.480763294796357415e-05,-2.480763294796357415e-05,3.112859004214839679e-04
2.783334365829190707e-02,-1.460136501599886648e-05,-1.460136501599886648e-05,-1.460136501599886648e-05,1.739681634384181120e-04
3.109022630502290135e-02,-6.618502387207427896e-06,-6.618502387207427896e-06,-6.618502387207429590e-06,7.444780885120644547e-05
3.397959394027054436e-02,-1.076642623444629534e-06,-1.076642623444629534e-06,-1.076642623444629534e-06,9.555981708108655478e-06
3.606830045198506501e-02,2.282582104975391319e-06,2.282582104975391319e-06,2.282582104975391742e-06,-2.773984898266315221e-05
3.674537578668354842e-02,3.858903022783251123e-06,3.858903022783251123e-06,3.858903022783252817e-06,-4.461206812802643988e-05
3.533213685655314101e-02,4.170619607818447289e-06,4.170619607818447289e-06,4.170619607818447289e-06,-4.792821312929951353e-05
3.128209711065235016e-02,3.723576695460716119e-06,3.723576695460716119e-06,3.723576695460716119e-06,-4.339727468138256360e-05
2.441120857142545578e-02,2.904351113665235640e-06,2.904351113665235640e-06,2.904351113665235640e-06,-3.497814343330213756e-05
1.531986297502309878e-02,2.030458290095929422e-06,2.030458290095929422e-06,2.030458290095929845e-06,-2.569620540038650434e-05
5.764075557182559220e-03,1.258400987855670115e-06,1.258400987855670115e-06,1.258400987855670115e-06,-1.706471884488675416e-05
-1.839661392114413235e-03,6.765377397813783637e-07,6.765377397813783637e-07,6.765377397813783637e-07,-1.000981321743718700e-05
-5.820114130283116256e-03,2.922920240655513128e-07,2.922920240655513128e-07,2.922920240655513128e-07,-4.778691408584222178e-06
-6.439421483556096067e-03,7.068980642916870205e-08,7.068980642916870205e-08,7.068980642916870205e-08,-1.208850239264841152e-06
-5.643147344971267097e-03,-2.795753949844938217e-08,-2.795753949844938217e-08,-2.795753949844937555e-08,8.901088109720925367e-07
-5.400425736986564154e-03,-5.575617697770057383e-08,-5.575617697770057383e-08,-5.575617697770057383e-08,1.963717838715465493e-06
-6.329921167837300119e-03,-4.507264078452697849e-08,-4.507264078452697849e-08,-4.507264078452697187e-08,2.275473923540719175e-06
-7.795392167508686555e-03,-2.270821069563607294e-08,-2.270821069563607294e-08,-2.270821069563607955e-08,2.145753856594369549e-06
-8.793986872980701780e-03,-2.259529659951792832e-09,-2.259529659951792832e-09,-2.259529659951796554e-09,1.794723194981075076e-06
-8.649059835852774755e-03,1.070914730351605604e-08,1.070914730351605604e-08,1.070914730351605604e-08,1.343239748414229275e-06
-7.166910558176783734e-03,1.538919420361799740e-08,1.538919420361799740e-08,1.538919420361799740e-08,9.302746855490448300e-07
-4.407030882535871788e-03,1.378509141305415253e-08,1.378509141305415253e-08,1.378509141305415253e-08,5.629303733622123602e-07
-4.739519330071734356e-04,9.092406181695503926e-09,9.092406181695503926e-09,9.092406181695502272e-09,2.913623393267714914e-07
4.433955502153984901e-03,3.690556835596430915e-09,3.690556835596430915e-09,3.690556835596430915e-09,1.012986139794568458e-07
9.681207011412009192e-03,-9.778892071283490502e-10,-9.778892071283490502e-10,-9.778892071283490502e-10,-2.212049289472792351e-08
1.366172061736441352e-02,-3.606148343038838283e-09,-3.606148343038838283e-09,-3.606148343038838283e-09,-7.948965240774362231e-08
1.395079378392162159e-02,-5.036463630900441969e-09,-5.036463630900441969e-09,-5.036463630900441142e-09,-1.076184300572607004e-07
9.494137175806728265e-03,-4.849975321416992312e-09,-4.849975321416992312e-09,-4.849975321416993139e-09,-1.015717380365957611e-07
3.280302436804171089e-03,-4.131115746139976963e-09,-4.131115746139976963e-09,-4.131115746139976136e-09,-8.560538597001248120e-08
4.228467656391110270e-04,-3.084093399899873607e-09,-3.084093399899873607e-09,-3.084093399899874021e-09,-6.282227471354892549e-08
2.586020613399130173e-03,-1.840855448126511793e-09,-1.840855448126511793e-09,-1.840855448126511793e-09,-3.612879184262267997e-08
6.680465685516260091e-03,-8.944568037171095259e-10,-8.944568037171095259e-10,-8.944568037171095259e-10,-1.648226731046167990e-08
8.755549326866065088e-03,1.408525256652947886e-10,1.408525256652947886e-10,1.408525256652947886e-10,3.431976866682628846e-09
7.318479202783708358e-03,7.257889686471404166e-10,7.257889686471404166e-10,7.257889686471404166e-10,1.361537078051429216e-08
3.391791892722562443e-03,9.972996084220189566e-10,9.972996084220189566e-10,9.972996084220187498e-10,1.795433960397223270e-08
-1.207737151997631672e-03,7.155741290644023077e-10,7.155741290644023077e-10,7.155741290644022043e-10,1.283469168666311199e-08
-5.074333522264459426e-03,-3.153072270830273782e-10,-3.153072270830273782e-10,-3.153072270830273265e-10,-5.621427849250836821e-09
-7.345729832345554954e-03,-1.916181539299323147e-09,-1.916181539299323147e-09,-1.916181539299323147e-09,-3.627480227283738757e-08
-7.771584284894393450e-03,-4.242730617473491963e-09,-4.242730617473491963e-09,-4.242730617473491963e-09,-8.557574328368202014e-08
-6.886726938958680905e-03,-6.904707326882980927e-09,-6.904707326882980927e-09,-6.904707326882980927e-09,-1.504965607587485755e-07
-5.599363424170133476e-03,-9.675635356906819628e-09,-9.675635356906819628e-09,-9.675635356906821283e-09,-2.308819772480356108e-07
-4.527999483860845921e-03,-1.205783925918253733e-08,-1.205783925918253733e-08,-1.205783925918253567e-08,-3.186393254559276464e-07
-3.812590586121754246e-03,-1.346989217901628527e-08,-1.346989217901628527e-08,-1.346989217901628527e-08,-3.976831654510355595e-07
-3.336933109474431950e-03,-1.340657642191648072e-08,-1.340657642191648072e-08,-1.340657642191647741e-08,-4.443353552221879706e-07
-2.973884688780300146e-03,-1.125830480470635015e-08,-1.125830480470635015e-08,-1.125830480470635015e-08,-4.187618270749057001e-07
-2.655946450861227433e-03,-6.539055385750841330e-09,-6.539055385750841330e-09,-6.539055385750842984e-09,-2.713923047769208441e-07
-2.339213326207831289e-03,1.343681207657364400e-09,1.343681207657364400e-09,1.343681207657363986e-09,6.152637450517867980e-08
-2.000341220566709960e-03,1.306804878335675281e-08,1.306804878335675281e-08,1.306804878335675281e-08,6.485152222646488454e-07
-1.646837797636279896e-03,2.947033743915009464e-08,2.947033743915009464e-08,2.947033743915008802e-08,1.551602228566537702e-06
-1.353733917462926137e-03,5.137417056468495851e-08,5.137417056468495851e-08,5.137417056468495189e-08,2.807860667760864691e-06
-1.288859999830236670e-03,8.051434203222699507e-08,8.051434203222699507e-08,8.051434203222699507e-08,4.396290412984701318e-06
-1.236740014446764593e-03,1.136606889094916423e-07,1.136606889094916423e-07,1.136606889094916159e-07,6.200566081838064212e-06
