# InvDyn,Takahashi,Zelik,Frigo,GRF
-1.900459587153086256e-04,-1.628489589599323863e-18,-1.628489589599323863e-18,-1.628489589599323863e-18,3.878009442260280683e-17
2.402499691464272773e-05,-1.162492342434067158e-18,-1.162492342434067158e-18,-1.162492342434067158e-18,2.756679416302577299e-17
3.114254431372619593e-04,-7.533666697909119607e-19,-7.533666697909119607e-19,-7.533666697909120570e-19,1.766216422822533360e-17
5.713132843474333453e-04,-4.255843614348827790e-19,-4.255843614348827790e-19,-4.255843614348828753e-19,9.808493207124285504e-18
7.297725969005065122e-04,-1.837140798461737113e-19,-1.837140798461737113e-19,-1.837140798461737113e-19,4.148344292963793184e-18
7.330815056863266991e-04,-2.073471919579578354e-20,-2.073471919579578354e-20,-2.073471919579578354e-20,4.578778820591200793e-19
5.444256914909604856e-04,7.598164661059783316e-20,7.598164661059783316e-20,7.598164661059780909e-20,-1.644767445731655609e-18
1.679357370422859786e-04,1.218670918508588598e-19,1.218670918508588598e-19,1.218670918508588839e-19,-2.586172059491638128e-18
-3.409355405096539627e-04,1.326031385237265122e-19,1.326031385237265122e-19,1.326031385237265122e-19,-2.762676449202868421e-18
-9.149442447535596507e-04,1.213778312754987722e-19,1.213778312754987722e-19,1.213778312754987722e-19,-2.484932230460409008e-18
-1.500297995685418492e-03,9.950992484361603028e-20,9.950992484361603028e-20,9.950992484361601824e-20,-2.002381894313059486e-18
-2.049103311637085964e-03,7.396678771803747201e-20,7.396678771803747201e-20,7.396678771803747201e-20,-1.462812208940021976e-18
-2.529638469065807749e-03,4.985067562956894646e-20,4.985067562956894646e-20,4.985067562956895850e-20,-9.688164876368648442e-19
-2.921413492416928721e-03,2.975941012835743549e-20,2.975941012835743549e-20,2.975941012835743549e-20,-5.683317932949629235e-19
-3.199311803103645907e-03,1.404102449163113286e-20,1.404102449163113286e-20,1.404102449163113286e-20,-2.634133633471736306e-19
-3.363228018676562691e-03,3.766370509563434980e-21,3.766370509563434980e-21,3.766370509563435732e-21,-6.931237356561821270e-20
-3.448229458243795911e-03,-3.191163119706561262e-21,-3.191163119706561262e-21,-3.191163119706562014e-21,5.780617444212668432e-20
-3.488932786259871591e-03,-6.359957405755258323e-21,-6.359957405755258323e-21,-6.359957405755256818e-21,1.129371799535402885e-19
-3.515180492533708824e-03,-7.433916483608832625e-21,-7.433916483608832625e-21,-7.433916483608832625e-21,1.292628775345810104e-19
-3.553007951152608885e-03,-7.566297805857416322e-21,-7.566297805857416322e-21,-7.566297805857417826e-21,1.287197003571185544e-19
-3.600530300728765464e-03,-5.690510370414617310e-21,-5.690510370414617310e-21,-5.690510370414616557e-21,9.454186467156129206e-20
-3.658081233122831896e-03,-5.271992948696729828e-21,-5.271992948696729828e-21,-5.271992948696731333e-21,8.537081838460470400e-20
-3.781978676146838681e-03,-2.946760825108633944e-21,-2.946760825108633944e-21,-2.946760825108633944e-21,4.643623340637702362e-20
-4.058174540894405984e-03,-2.178240224372666160e-21,-2.178240224372666160e-21,-2.178240224372665784e-21,3.333927822557594518e-20
-4.529716752996182372e-03,-1.484229755549237628e-21,-1.484229755549237628e-21,-1.484229755549238004e-21,2.205331675301707863e-20
-5.149495193989132510e-03,5.003871210179701573e-22,5.003871210179701573e-22,5.003871210179703453e-22,-7.212550452940879165e-21
-5.784575795556501886e-03,-1.175820486776008345e-21,-1.175820486776008345e-21,-1.175820486776007969e-21,1.642315344515338934e-20
-6.286423413580073151e-03,1.687506269143320702e-21,1.687506269143320702e-21,1.687506269143321078e-21,-2.285037239376765609e-20
-6.586348034847513445e-03,-4.767563045718875407e-22,-4.767563045718875407e-22,-4.767563045718874466e-22,6.230544492726759589e-21
-6.719290334832744155e-03,5.355110717444043410e-22,5.355110717444043410e-22,5.355110717444043410e-22,-6.771543813188914801e-21
-6.757967425823374098e-03,1.610426564891601893e-21,1.610426564891601893e-21,1.610426564891601705e-21,-1.995967453703997457e-20
-6.759728579216626489e-03,-2.164549138562027896e-21,-2.164549138562027896e-21,-2.164549138562027144e-21,2.595020268185976177e-20
-6.772398060497422830e-03,3.660604017987590460e-21,3.660604017987590460e-21,3.660604017987590460e-21,-4.241998042194337928e-20
-6.866360418318655061e-03,-3.291936490192267803e-21,-3.291936490192267803e-21,-3.291936490192267051e-21,3.683296968410924978e-20
-7.193510906987298816e-03,2.330927085487483531e-21,2.330927085487483531e-21,2.330927085487484660e-21,-2.511545231755834545e-20
-8.057407171736597970e-03,2.947759304489949019e-22,2.947759304489949019e-22,2.947759304489948549e-22,-3.465266878612649911e-21
-9.920275414980484971e-03,-3.618472587769886257e-21,-3.618472587769886257e-21,-3.618472587769886257e-21,3.758761019938203764e-20
-1.328099946873034960e-02,6.912482439219165567e-21,6.912482439219165567e-21,6.912482439219167072e-21,-6.971602573585411192e-20
-1.843436434197651477e-02,-8.981526729344525359e-21,-8.981526729344525359e-21,-8.981526729344523854e-21,8.850270112550810750e-20
-2.518761803141122274e-02,8.456302077388623066e-21,8.456302077388623066e-21,8.456302077388623066e-21,-8.168457524511454509e-20
-3.267559066118499306e-02,-4.860630639537814473e-21,-4.860630639537814473e-21,-4.860630639537813721e-21,4.601072091770024963e-20
-3.949159043403886044e-02,-1.780068579601950015e-21,-1.780068579601950015e-21,-1.780068579601949639e-21,1.750298536690598437e-20
-4.418785947358725569e-02,9.817684454499256643e-21,9.817684454499256643e-21,9.817684454499258148e-21,-9.368308675400694836e-20
-4.593874342939056193e-02,-1.688262997019080068e-20,-1.688262997019080068e-20,-1.688262997019080068e-20,1.619201741882496999e-19
-4.502994980570595995e-02,1.998069534888067646e-20,1.998069534888067646e-20,1.998069534888067646e-20,-1.952955248438284800e-19
-4.254444616696924364e-02,-1.705090063518256659e-20,-1.705090063518256659e-20,-1.705090063518256960e-20,1.723635642533454515e-19
-3.904086687840600811e-02,7.803575562185713427e-21,7.803575562185713427e-21,7.803575562185713427e-21,-8.323777951517788311e-20
-3.346445551728441381e-02,5.611410342396724764e-21,5.611410342396724764e-21,5.611410342396724764e-21,-6.178871817695264110e-20
-2.368319312326559387e-02,-1.913951538820282714e-20,-1.913951538820282714e-20,-1.913951538820283015e-20,2.303050148544219686e-19
-8.508522671199935175e-03,2.815403578092664113e-20,2.815403578092664113e-20,2.815403578092664113e-20,-3.719259714549640865e-19
1.055110552082572442e-02,-2.913654136851087476e-20,-2.913654136851087476e-20,-2.913654136851087476e-20,4.297869359149638344e-19
2.983751496375462373e-02,2.119375699749516916e-20,2.119375699749516916e-20,2.119375699749516916e-20,-3.584000264779205665e-19
4.542348394873538947e-02,-6.836150309863563408e-21,-6.836150309863563408e-21,-6.836150309863560399e-21,1.423006950570034524e-19
5.430373857659696185e-02,-8.396235951988375876e-21,-8.396235951988375876e-21,-8.396235951988377380e-21,1.890200361427745745e-19
5.539166352623781098e-02,1.800733571566957884e-20,1.800733571566957884e-20,1.800733571566957884e-20,-5.576883500576324063e-19
5.010663317736912398e-02,-1.784758749448004914e-20,-1.784758749448004914e-20,-1.784758749448004914e-20,8.489672156868972451e-19
4.155275954839041108e-02,9.016961331110410390e-21,9.016961331110410390e-21,9.016961331110411894e-21,-9.393408034262417331e-19
3.286046377109541616e-02,1.585613065399308632e-21,1.585613065399308632e-21,1.585613065399309572e-21,7.359959279235191686e-19
2.586268282456094525e-02,-3.896534581954902445e-21,-3.896534581954902445e-21,-3.896534581954901693e-21,-2.180946249231674744e-19
2.082236621747618824e-02,-1.022012353093276734e-20,-1.022012353093276734e-20,-1.022012353093276734e-20,-5.339427636697024648e-19
1.718303140964570416e-02,4.145640084354233372e-20,4.145640084354233372e-20,4.145640084354232770e-20,1.334791125339511323e-18
1.435399707033043100e-02,-7.964224383987558933e-20,-7.964224383987558933e-20,-7.964224383987560137e-20,-1.925338094983980593e-18
1.194432269324328423e-02,1.044789744669769602e-19,1.044789744669769602e-19,1.044789744669769723e-19,2.038678824868712127e-18
9.782509532099350688e-03,-9.136427105086163750e-20,-9.136427105086163750e-20,-9.136427105086163750e-20,-1.489060987599139510e-18
7.897638803449173739e-03,2.176394872570109779e-20,2.176394872570109779e-20,2.176394872570109478e-20,2.604759653898390910e-19
6.368762011927502423e-03,1.046012556765922509e-19,1.046012556765922509e-19,1.046012556765922509e-19,1.435602969305143660e-18
5.209536723948700321e-03,-2.607769494209392010e-19,-2.607769494209392010e-19,-2.607769494209391528e-19,-3.162550630747802391e-18
4.372814439582738306e-03,3.924005270262458396e-19,3.924005270262458396e-19,3.924005270262458396e-19,4.338723046031617140e-18
3.778994344732503324e-03,-4.299600765532330089e-19,-4.299600765532330089e-19,-4.299600765532331052e-19,-4.391899784206383420e-18
3.374446677912688788e-03,3.127636082350265211e-19,3.127636082350265211e-19,3.127636082350264730e-19,2.958063296882435304e-18
3.175669894107095541e-03,-1.832867940396120878e-20,-1.832867940396120878e-20,-1.832867940396120878e-20,-7.011947124495056547e-20
3.208085958611804796e-03,-4.133027209363687514e-19,-4.133027209363687514e-19,-4.133027209363687514e-19,-3.731138690826575221e-18
3.447294037877471178e-03,8.715736704053184011e-19,8.715736704053184011e-19,8.715736704053185937e-19,7.425750192494157975e-18
3.827694531404047043e-03,-1.191946152629017935e-18,-1.191946152629017935e-18,-1.191946152629017743e-18,-9.716174469799756093e-18
4.236100563509636978e-03,1.199009766619166298e-18,1.199009766619166298e-18,1.199009766619166683e-18,9.385973161231371612e-18
4.531840170889307566e-03,-7.688266033047211976e-19,-7.688266033047211976e-19,-7.688266033047212939e-19,-5.741183529809377557e-18
4.659708435252681372e-03,-1.058842500583952172e-19,-1.058842500583952172e-19,-1.058842500583952412e-19,-9.912412244048317483e-19
4.711674203572619596e-03,1.270122398520121064e-18,1.270122398520121064e-18,1.270122398520121256e-18,9.457533593791474574e-18
4.831835234562583369e-03,-2.404959424631996504e-18,-2.404959424631996504e-18,-2.404959424631996504e-18,-1.729352868722813057e-17
5.088917838685998347e-03,3.087012338120686572e-18,3.087012338120686572e-18,3.087012338120686572e-18,2.162279874547007301e-17
5.466713129424295714e-03,-2.908567696766455112e-18,-2.908567696766455112e-18,-2.908567696766455497e-18,-1.988353539758061497e-17
5.938817923886510579e-03,1.634255445318867405e-18,1.634255445318867405e-18,1.634255445318867405e-18,1.080236424407091501e-17
6.499927398738706945e-03,6.527834727555367104e-19,6.527834727555367104e-19,6.527834727555367104e-19,4.773007452469259365e-18
7.132845029000840428e-03,-3.474697316728787827e-18,-3.474697316728787827e-18,-3.474697316728788598e-18,-2.351080458193228137e-17
7.780910250231825101e-03,6.004709340110913116e-18,6.004709340110913116e-18,6.004709340110913886e-18,3.997073917563083993e-17
8.371566592869290543e-03,-7.256257083284136300e-18,-7.256257083284136300e-18,-7.256257083284134759e-18,-4.781697831963516576e-17
8.888752022419642296e-03,6.388640081763980448e-18,6.388640081763980448e-18,6.388640081763978907e-18,4.171118464231799168e-17
9.415587830006698356e-03,-3.050189451117312524e-18,-3.050189451117312524e-18,-3.050189451117312139e-18,-1.944704816211744828e-17
1.006396261027818310e-02,-2.353052222408490932e-18,-2.353052222408490932e-18,-2.353052222408490547e-18,-1.632999936483588342e-17
1.084052334139639327e-02,8.574525300345792164e-18,8.574525300345792164e-18,8.574525300345793705e-18,5.753429767273843571e-17
1.158572129238603227e-02,-1.371301243058774088e-17,-1.371301243058774088e-17,-1.371301243058774088e-17,-9.173249406408492828e-17
1.203281970814524919e-02,1.568425855420843066e-17,1.568425855420843066e-17,1.568425855420843066e-17,1.050607722994473342e-16
1.192939927340661531e-02,-1.289673490764663630e-17,-1.289673490764663630e-17,-1.289673490764663630e-17,-8.653006666488648936e-17
1.117828837978684410e-02,4.961195617768702606e-18,4.961195617768702606e-18,4.961195617768702606e-18,3.267297741392571298e-17
9.911897467667527342e-03,6.805420348583889302e-18,6.805420348583889302e-18,6.805420348583887762e-18,4.895309867917386982e-17
8.397219001033401700e-03,-1.935372659618808034e-17,-1.935372659618808034e-17,-1.935372659618808342e-17,-1.389579529187567217e-16
6.869005739481203777e-03,2.854067449567195350e-17,2.854067449567195350e-17,2.854067449567195966e-17,2.091122430751012447e-16
5.472214787370475661e-03,-3.039499382980063917e-17,-3.039499382980063917e-17,-3.039499382980064533e-17,-2.292887239090677445e-16
4.301743528856869121e-03,2.268112132436152126e-17,2.268112132436152126e-17,2.268112132436151817e-17,1.771906652395581287e-16
3.365215395073878520e-03,-6.183925916983827731e-18,-6.183925916983827731e-18,-6.183925916983827731e-18,-4.839554134335929361e-17
2.457632226603655070e-03,-1.491719325118657630e-17,-1.491719325118657630e-17,-1.491719325118657630e-17,-1.366269250553320597e-16
1.273565843687283821e-03,3.396952135463669236e-17,3.396952135463669236e-17,3.396952135463669236e-17,3.318564127269143481e-16
-2.756177534196989441e-04,-4.403350197209982453e-17,-4.403350197209982453e-17,-4.403350197209981837e-17,-4.736072142773449631e-16
-2.168324414792059760e-03,4.079514153820036443e-17,4.079514153820036443e-17,4.079514153820036443e-17,4.968884656541778491e-16
-4.640758117296561389e-03,-2.507517152213729639e-17,-2.507517152213729639e-17,-2.507517152213729947e-17,-3.572494017759595450e-16
-7.841904798731615805e-03,3.476954548784763771e-18,3.476954548784763771e-18,3.476954548784763771e-18,5.232011040544177750e-17
-1.111781640946132160e-02,1.389463942207943053e-17,1.389463942207943053e-17,1.389463942207942744e-17,3.644185279591631775e-16
-1.307755558713246703e-02,-1.843131348142027366e-17,-1.843131348142027366e-17,-1.843131348142027674e-17,-7.847435933966539671e-16
-1.244847855137097212e-02,8.628793485786090785e-18,8.628793485786090785e-18,8.628793485786087703e-18,1.065878192743968455e-15
-8.995708420008879935e-03,7.243821698051330489e-18,7.243821698051330489e-18,7.243821698051330489e-18,-1.068725140931268049e-15
-3.847738191056474747e-03,-1.427185266518354889e-17,-1.427185266518354889e-17,-1.427185266518354889e-17,7.066142303121975070e-16
1.127470443683475368e-03,-5.754475475093305524e-19,-5.754475475093305524e-19,-5.754475475093305524e-19,8.885718774478565089e-18
4.619884213217177737e-03,3.885089102577233231e-17,3.885089102577233231e-17,3.885089102577233847e-17,-9.416743038592733970e-16
6.853219943710930386e-03,-8.618228496030770915e-17,-8.618228496030770915e-17,-8.618228496030772147e-17,1.839361826022488808e-15
9.079712935319672606e-03,1.173678666930346251e-16,1.173678666930346251e-16,1.173678666930346004e-16,-2.383851209582406276e-15
1.159518708430621985e-02,-1.101882267216288572e-16,-1.101882267216288572e-16,-1.101882267216288572e-16,2.279996723624347050e-15
1.244108826373999804e-02,6.061526365925889715e-17,6.061526365925889715e-17,6.061526365925889715e-17,-1.363696013174947793e-15
9.254407520003690366e-03,1.182276002826233424e-17,1.182276002826233424e-17,1.182276002826233424e-17,-3.015744893649210869e-16
2.962617634351226350e-03,-7.603387938927477490e-17,-7.603387938927477490e-17,-7.603387938927479955e-17,2.376416586423047380e-15
-2.164488166321256683e-03,1.113372699252982981e-16,1.113372699252982981e-16,1.113372699252982735e-16,-4.276714300562928030e-15
-3.315412227321777941e-03,-1.171506992568347134e-16,-1.171506992568347134e-16,-1.171506992568346887e-16,5.298228421283445532e-15
-1.855813865643484405e-03,9.928413399884840676e-17,9.928413399884840676e-17,9.928413399884838211e-17,-4.820676613102073917e-15
-7.798400778621174300e-04,-5.294181052930944439e-17,-5.294181052930944439e-17,-5.294181052930944439e-17,2.545899492747400492e-15
-1.608322372795713273e-03,-3.257014720354147082e-17,-3.257014720354147082e-17,-3.257014720354147082e-17,1.300846894606785570e-15
-3.811334727169002953e-03,1.518850601405673130e-16,1.518850601405673130e-16,1.518850601405673376e-16,-5.886879940773945845e-15
-5.911331191442692999e-03,-2.700677420414638808e-16,-2.700677420414638808e-16,-2.700677420414639301e-16,9.869980305821396134e-15
-6.948402037675444586e-03,3.330144740522594463e-16,3.330144740522594463e-16,3.330144740522594463e-16,-1.170107068288563398e-14
-6.889829955924116865e-03,-2.928004298753940622e-16,-2.928004298753940622e-16,-2.928004298753941115e-16,1.009061491205596321e-14
-5.942223723172860086e-03,1.306341160572256051e-16,1.306341160572256051e-16,1.306341160572256051e-16,-4.530147206098326475e-15
-4.246100488925823487e-03,1.288659356360675249e-16,1.288659356360675249e-16,1.288659356360675249e-16,-4.293332057592405505e-15
-2.169992944662594170e-03,-4.143267067895065298e-16,-4.143267067895065298e-16,-4.143267067895065298e-16,1.436426862072025491e-14
-2.852219729471437487e-04,6.251155897918333081e-16,6.251155897918333081e-16,6.251155897918334067e-16,-2.261937566264179848e-14
1.057024859050168181e-03,-6.709610155623589962e-16,-6.709610155623589962e-16,-6.709610155623589962e-16,2.567382986302710004e-14
1.887631546940234280e-03,5.111955516033830775e-16,5.111955516033830775e-16,5.111955516033831761e-16,-2.088030633861767602e-14
2.401266538876306849e-03,-1.698872892637995345e-16,-1.698872892637995345e-16,-1.698872892637995838e-16,7.463408592225642242e-15
2.756205944177329056e-03,-2.740252593069821973e-16,-2.740252593069821973e-16,-2.740252593069821973e-16,1.264024187758790093e-14
3.061616185960784609e-03,7.079900896694289977e-16,7.079900896694289977e-16,7.079900896694289977e-16,-3.460726248675695747e-14
3.403339657967692933e-03,-1.007752334725041772e-15,-1.007752334725041772e-15,-1.007752334725041575e-15,5.149292809622305061e-14
3.815994231609455209e-03,1.058512803346266910e-15,1.058512803346266910e-15,1.058512803346266910e-15,-5.595133784185136476e-14
4.257500990357497399e-03,-7.832795403451402179e-16,-7.832795403451402179e-16,-7.832795403451402179e-16,4.263035440497649094e-14
4.633665928228797998e-03,1.790232032781629291e-16,1.790232032781629291e-16,1.790232032781629291e-16,-1.061455701984097353e-14
4.856126046517842201e-03,6.550158964580818752e-16,6.550158964580818752e-16,6.550158964580816780e-16,-3.489429241950383530e-14
4.884520411142251155e-03,-1.513842060974626393e-15,-1.513842060974626393e-15,-1.513842060974626393e-15,8.247078039660850328e-14
4.727635201395690920e-03,2.117608139728390900e-15,2.117608139728390900e-15,2.117608139728391295e-15,-1.164705466784632397e-13
4.423595426145580413e-03,-2.182688259776196110e-15,-2.182688259776196110e-15,-2.182688259776196505e-15,1.210662612703733723e-13
4.017984748221805312e-03,1.524498614525847141e-15,1.524498614525847141e-15,1.524498614525847141e-15,-8.564214517019734654e-14
3.537272270337356393e-03,-1.524730525549755273e-16,-1.524730525549755273e-16,-1.524730525549755027e-16,9.984248519846478940e-15
2.989939163818418517e-03,-1.681696998090184354e-15,-1.681696998090184354e-15,-1.681696998090184354e-15,9.237861782238425899e-14
2.409986692454571793e-03,3.508398881363564789e-15,3.508398881363564789e-15,3.508398881363564789e-15,-1.946520062953603659e-13
1.867537427242211938e-03,-4.726047059592820063e-15,-4.726047059592820063e-15,-4.726047059592820852e-15,2.617793945774927992e-13
1.424771408335990695e-03,4.737867076925786516e-15,4.737867076925786516e-15,4.737867076925786516e-15,-2.599710599294608787e-13
1.106195808740942843e-03,-3.123845956259087092e-15,-3.123845956259087092e-15,-3.123845956259087486e-15,1.686244713849310290e-13
9.056313547635980047e-04,-1.614072306594332357e-16,-1.614072306594332357e-16,-1.614072306594331617e-16,8.601254588234238057e-15
8.039796604185160114e-04,4.602011385591752724e-15,4.602011385591752724e-15,4.602011385591752724e-15,-2.374016679914415845e-13
7.766478514347333658e-04,-9.057660464589584522e-15,-9.057660464589584522e-15,-9.057660464589586100e-15,4.554860988533066196e-13
7.905490775154329656e-04,1.191514510113725467e-14,1.191514510113725467e-14,1.191514510113725309e-14,-5.846746416269474826e-13
8.092494382343074074e-04,-1.154778964327186125e-14,-1.154778964327186125e-14,-1.154778964327185968e-14,5.536868202939534320e-13
8.024775580768138275e-04,6.910549678057861830e-15,6.910549678057861830e-15,6.910549678057860252e-15,-3.234052097180892073e-13
7.421879173235767461e-04,1.841907919405517150e-15,1.841907919405517150e-15,1.841907919405517544e-15,-8.825864169436135717e-14
6.069152629172242051e-04,-1.302567298062059408e-14,-1.302567298062059408e-14,-1.302567298062059092e-14,5.966851151191886102e-13
4.105694451284737996e-04,2.344394441889269062e-14,2.344394441889269062e-14,2.344394441889268115e-14,-1.057319725787854420e-12
2.044763654249514867e-04,-2.907193895005136650e-14,-2.907193895005136650e-14,-2.907193895005136650e-14,1.297768146490945326e-12
3.297209029957103856e-05,2.633217701242251374e-14,2.633217701242251374e-14,2.633217701242250743e-14,-1.168477572131879765e-12
-9.774374178060546187e-05,-1.354866707359472857e-14,-1.354866707359472857e-14,-1.354866707359472699e-14,5.984106699682454479e-13
-2.173851209835938366e-04,-7.719647493484385581e-15,-7.719647493484385581e-15,-7.719647493484387159e-15,3.503491692208601856e-13
-3.815607650432298564e-04,3.257750093242455331e-14,3.257750093242455331e-14,3.257750093242455962e-14,-1.473913464472653809e-12
-6.477873914243030551e-04,-5.330384440382812069e-14,-5.330384440382812069e-14,-5.330384440382812069e-14,2.435400373999917755e-12
-1.033430559571224972e-03,6.187611509209958271e-14,6.187611509209958271e-14,6.187611509209958271e-14,-2.863718881523633406e-12
-1.489729933362462372e-03,-5.198645651495948343e-14,-5.198645651495948343e-14,-5.198645651495948343e-14,2.438724829894805622e-12
-1.917147015440670565e-03,2.233150619783477064e-14,2.233150619783477064e-14,2.233150619783477064e-14,-1.052731743491999717e-12
-2.213202838818606639e-03,2.247224983776445013e-14,2.247224983776445013e-14,2.247224983776445013e-14,-1.123492322871803852e-12
-2.316470513876750775e-03,-7.145892100254786077e-14,-7.145892100254786077e-14,-7.145892100254787339e-14,3.585851716331082051e-12
-2.217419118370168689e-03,1.095694607701736895e-13,1.095694607701736895e-13,1.095694607701736642e-13,-5.571983218266733755e-12
-1.954263553492648769e-03,-1.220244019474782434e-13,-1.220244019474782434e-13,-1.220244019474782434e-13,6.279337687035105975e-12
-1.600528220732180080e-03,9.695550583002756038e-14,9.695550583002756038e-14,9.695550583002756038e-14,-5.024227739543569692e-12
-1.224517793311007867e-03,-3.343971860988275558e-14,-3.343971860988275558e-14,-3.343971860988274295e-14,1.711152401123268667e-12
-8.531816880581993400e-04,-6.097633794395641740e-14,-6.097633794395641740e-14,-6.097633794395643002e-14,3.276266433847484744e-12
-4.803408011690348672e-04,1.615167823287824716e-13,1.615167823287824716e-13,1.615167823287824464e-13,-8.590082348033801610e-12
-1.036625516756792986e-04,-2.401772346821635153e-13,-2.401772346821635153e-13,-2.401772346821634648e-13,1.270169830388851802e-11
2.444643970778441391e-04,2.598553301277658667e-13,2.598553301277658667e-13,2.598553301277658667e-13,-1.362903078793154330e-11
4.955212990657888042e-04,-1.979592405088568167e-13,-1.979592405088568167e-13,-1.979592405088568167e-13,1.025523330542434996e-11
5.671067068955476867e-04,4.620605993268664614e-14,4.620605993268664614e-14,4.620605993268664614e-14,-2.315592326905862058e-12
3.956537072396398868e-04,1.756183662403491225e-13,1.756183662403491225e-13,1.756183662403491478e-13,-8.961579826890376461e-12
-1.543087009502541732e-05,-4.070605272116245687e-13,-4.070605272116245687e-13,-4.070605272116246192e-13,2.035770727780449462e-11
-5.672559943036346690e-04,5.864414658079958494e-13,5.864414658079958494e-13,5.864414658079958494e-13,-2.884761757667886123e-11
-1.122420270111286478e-03,-6.025684332166147668e-13,-6.025684332166147668e-13,-6.025684332166148678e-13,2.917565302405605456e-11
-1.596964777162277003e-03,4.387648446585985398e-13,4.387648446585985398e-13,4.387648446585986407e-13,-2.092986237872758724e-11
-1.971955073987710118e-03,-2.881299038509290529e-14,-2.881299038509290529e-14,-2.881299038509290529e-14,1.244107495069702856e-12
-2.249186221273097742e-03,-4.864246997654848536e-13,-4.864246997654848536e-13,-4.864246997654847526e-13,2.284830358351392239e-11
-2.433134910551170045e-03,1.053640593503007303e-12,1.053640593503007303e-12,1.053640593503007303e-12,-4.873810707216375736e-11
-2.534812965839783588e-03,-1.405517871994724838e-12,-1.405517871994724838e-12,-1.405517871994724838e-12,6.403728347172676466e-11
-2.569385020994982647e-03,1.406336526712156691e-12,1.406336526712156691e-12,1.406336526712157095e-12,-6.297218934722450099e-11
-2.548847149179690654e-03,-9.396671451446829985e-13,-9.396671451446829985e-13,-9.396671451446829985e-13,4.125304039029510701e-11
-2.482903018103175055e-03,-1.267293523742410375e-13,-1.267293523742410375e-13,-1.267293523742410628e-13,5.957350828553350945e-12
-2.384338565794495192e-03,1.310328392218807516e-12,1.310328392218807516e-12,1.310328392218807516e-12,-5.588198346694126451e-11
-2.260423676719258007e-03,-2.852273570810108424e-12,-2.852273570810108424e-12,-2.852273570810108424e-12,1.186838265720950390e-10
-2.104035096922921705e-03,3.350996144391519918e-12,3.350996144391519918e-12,3.350996144391521534e-12,-1.352256051948191520e-10
-1.927841675708650941e-03,-3.678487961407102606e-12,-3.678487961407102606e-12,-3.678487961407102606e-12,1.445581521948468223e-10
-1.813944255497413217e-03,1.727083426879193304e-12,1.727083426879193304e-12,1.727083426879193304e-12,-6.525309087668524710e-11
-1.875437219847616004e-03,3.687775003318617321e-13,3.687775003318617321e-13,3.687775003318616816e-13,-1.444748022568757559e-11
-2.153758358522822516e-03,-4.298246085035418546e-12,-4.298246085035418546e-12,-4.298246085035417738e-12,1.566893780908918919e-10
-2.594697724782115376e-03,7.405353187848000667e-12,7.405353187848000667e-12,7.405353187848002282e-12,-2.627548967578826064e-10
-3.115169082689690696e-03,-8.775683895232613054e-12,-8.775683895232613054e-12,-8.775683895232613054e-12,3.014802984780498868e-10
-3.661650044771043444e-03,9.577486005696878838e-12,9.577486005696878838e-12,9.577486005696875607e-12,-3.223397869913716871e-10
-4.224918109003728169e-03,-2.236505788541509774e-12,-2.236505788541509774e-12,-2.236505788541508967e-12,6.919036541645526540e-11
-4.828643434317936300e-03,5.210740697386636420e-13,5.210740697386636420e-13,5.210740697386637429e-13,-1.796010412862081161e-11
-5.500163792896126981e-03,1.679253317921878950e-11,1.679253317921878950e-11,1.679253317921879596e-11,-5.263049800127633840e-10
-6.237265505792677356e-03,-1.331239309354981578e-11,-1.331239309354981578e-11,-1.331239309354981255e-11,3.984056312859906549e-10
-7.008258231372699494e-03,3.170783273866525774e-11,3.170783273866525774e-11,3.170783273866526420e-11,-9.349448300412257394e-10
-7.795838248699765022e-03,-1.252223542189403490e-11,-1.252223542189403490e-11,-1.252223542189403651e-11,3.539781740450860426e-10
-8.608170916602998421e-03,1.542674556204886682e-11,1.542674556204886682e-11,1.542674556204886359e-11,-4.233511679305407581e-10
-9.421739510618068816e-03,1.237613488392981950e-11,1.237613488392981950e-11,1.237613488392981950e-11,-3.283765565157188425e-10
-1.013985545961746011e-02,-4.222946811778405269e-11,-4.222946811778405269e-11,-4.222946811778405915e-11,1.127982462493228520e-09
-1.061293700854050795e-02,2.963318797784725393e-11,2.963318797784725393e-11,2.963318797784724747e-11,-7.095424273104523078e-10
-1.071251875085330735e-02,-1.122877876146427737e-10,-1.122877876146427737e-10,-1.122877876146427220e-10,2.813230132481373272e-09
-1.041395443853438199e-02,-3.231176325732196801e-11,-3.231176325732196801e-11,-3.231176325732196801e-11,8.715234251588023007e-10
-9.780070275923468184e-03,-1.436672649536091759e-10,-1.436672649536091759e-10,-1.436672649536091501e-10,3.414265294481418417e-09
-8.885201023059311962e-03,-2.105779298193752311e-10,-2.105779298193752311e-10,-2.105779298193753086e-10,4.843577464858237079e-09
-7.843504659599261769e-03,-1.181297380428111986e-10,-1.181297380428111986e-10,-1.181297380428111986e-10,2.654025372967909601e-09
-6.924876080292151348e-03,-3.875217011804880595e-10,-3.875217011804880595e-10,-3.875217011804880595e-10,8.181145431488471945e-09
-6.628258099508683998e-03,-5.731770969621988311e-11,-5.731770969621988311e-11,-5.731770969621988311e-11,9.810482300012844180e-10
-7.652536897234310000e-03,-2.465343217646060348e-10,-2.465343217646060348e-10,-2.465343217646060348e-10,4.367472811368112397e-09
-1.074932226528248908e-02,1.180681229268788572e-10,1.180681229268788572e-10,1.180681229268788830e-10,-3.390159320289154297e-09
-1.647368212195095619e-02,5.865257776636556145e-10,5.865257776636556145e-10,5.865257776636555111e-10,-1.315448650239067548e-08
-2.489029780107947579e-02,7.943079051673791639e-10,7.943079051673791639e-10,7.943079051673794741e-10,-1.759496460767074197e-08
-3.537380342547061240e-02,2.243489004178564661e-09,2.243489004178564661e-09,2.243489004178564661e-09,-4.552808945050699422e-08
-4.661283430796012150e-02,2.514650212522566379e-09,2.514650212522566379e-09,2.514650212522565965e-09,-5.053957921151477710e-08
-5.677227857751455248e-02,4.247435632651111526e-09,4.247435632651111526e-09,4.247435632651111526e-09,-8.337540542761550812e-08
-6.400717899864971638e-02,4.938626482476802889e-09,4.938626482476802889e-09,4.938626482476802889e-09,-9.666358922960849257e-08
-6.734723947386701826e-02,5.126041633362991531e-09,5.126041633362991531e-09,5.126041633362992359e-09,-1.008355472221405860e-07
-6.686674869829781209e-02,5.481841485360177664e-09,5.481841485360177664e-09,5.481841485360178491e-09,-1.105698484971511600e-07
-6.251770039130152834e-02,2.511819570564322119e-09,2.511819570564322119e-09,2.511819570564322533e-09,-4.417756160774159607e-08
-5.329119783560805346e-02,3.555239680161483688e-10,3.555239680161483688e-10,3.555239680161481103e-10,9.090566287273327517e-09
-3.825050984205395632e-02,-5.406185471263877180e-09,-5.406185471263877180e-09,-5.406185471263876353e-09,1.806614011270657461e-07
-1.796440247247889019e-02,-1.126106312703102759e-08,-1.126106312703102759e-08,-1.126106312703102924e-08,3.958874735546708155e-07
5.460804226291072344e-03,-1.737792994014254010e-08,-1.737792994014254010e-08,-1.737792994014254010e-08,6.877454249420995028e-07
2.898433882042731474e-02,-2.405853873059612121e-08,-2.405853873059612121e-08,-2.405853873059612121e-08,1.117161164330364892e-06
4.890920882268331299e-02,-2.671607945987472878e-08,-2.671607945987472878e-08,-2.671607945987471886e-08,1.488248692052560111e-06
6.153258650032693983e-02,-2.773885533489344911e-08,-2.773885533489344911e-08,-2.773885533489345903e-08,1.970923000746072178e-06
6.478448014336218863e-02,-2.428788477875734526e-08,-2.428788477875734526e-08,-2.428788477875734195e-08,2.199682533848734151e-06
5.964538679714028596e-02,-1.991874174921957242e-08,-1.991874174921957242e-08,-1.991874174921957242e-08,2.177605571309592346e-06
4.970853058651496931e-02,-1.967596264924298992e-08,-1.967596264924298992e-08,-1.967596264924299323e-08,1.632002984957518681e-06
3.909073788589906284e-02,-3.371019402891661069e-08,-3.371019402891661069e-08,-3.371019402891660408e-08,7.621706833587776835e-08
3.043841901835048561e-02,-7.026118465036928959e-08,-7.026118465036928959e-08,-7.026118465036930282e-08,-2.443039142099171519e-06
2.442017543394052817e-02,-1.493442244303345949e-07,-1.493442244303345949e-07,-1.493442244303346478e-07,-6.788257614248166743e-06
2.052377260881433144e-02,-2.728567794319257490e-07,-2.728567794319257490e-07,-2.728567794319257490e-07,-1.264506228785823449e-05
1.797746757926117420e-02,-4.518066876036396378e-07,-4.518066876036396378e-07,-4.518066876036396378e-07,-2.034499393386607927e-05
1.614869486815673910e-02,-6.755151280719709721e-07,-6.755151280719709721e-07,-6.755151280719710779e-07,-2.942065227371843577e-05
1.461078285518841065e-02,-8.953119944969926858e-07,-8.953119944969926858e-07,-8.953119944969928976e-07,-3.825392581508370288e-05
1.314145124866324989e-02,-1.065162078548042027e-06,-1.065162078548042027e-06,-1.065162078548042027e-06,-4.565270192177438936e-05
1.169281656879110447e-02,-1.021381917864806051e-06,-1.021381917864806051e-06,-1.021381917864806263e-06,-4.709534733929971270e-05
1.033064212812467332e-02,-6.208540684764237302e-07,-6.208540684764237302e-07,-6.208540684764235185e-07,-3.900282901179136745e-05
9.191869501531476153e-03,4.021685862799036388e-07,4.021685862799036388e-07,4.021685862799036388e-07,-1.458425501426696439e-05
8.414507944667304340e-03,2.324014644409426373e-06,2.324014644409426373e-06,2.324014644409426796e-06,3.340702784552581240e-05
8.013702956098260610e-03,5.351365124096153733e-06,5.351365124096153733e-06,5.351365124096152886e-06,1.109923476479636500e-04
7.829061157706851057e-03,9.720722615653998728e-06,9.720722615653998728e-06,9.720722615653998728e-06,2.259283229213939121e-04
7.616152893646521531e-03,1.523465424090442286e-05,1.523465424090442286e-05,1.523465424090442286e-05,3.769678761485838300e-04
7.255497630304414206e-03,2.153401804074039086e-05,2.153401804074039086e-05,2.153401804074039425e-05,5.599776743216340353e-04
6.860282663885111480e-03,2.752357320090982644e-05,2.752357320090982644e-05,2.752357320090982983e-05,7.543074359500845849e-04
6.586523883121696808e-03,3.139935615525478571e-05,3.139935615525478571e-05,3.139935615525478571e-05,9.215354467501669358e-04
6.419859203530958562e-03,3.061284364376966858e-05,3.061284364376966858e-05,3.061284364376966181e-05,1.002641130337983541e-03
6.232651124873533899e-03,2.133138689185399938e-05,2.133138689185399938e-05,2.133138689185400615e-05,9.021334277923684277e-04
5.962901976184278863e-03,-5.127267239079765810e-07,-5.127267239079765810e-07,-5.127267239079783810e-07,5.055703755178417563e-04
5.675549522764894959e-03,-3.967671546831259724e-05,-3.967671546831259724e-05,-3.967671546831259724e-05,-3.369843553915483547e-04
5.480275550316249765e-03,-9.972874509880235046e-05,-9.972874509880235046e-05,-9.972874509880235046e-05,-1.777308482215184463e-03
5.437366461660632366e-03,-1.819664699644239162e-04,-1.819664699644239162e-04,-1.819664699644239433e-04,-3.946661897217448520e-03
5.548652417721353439e-03,-2.838751907825770213e-04,-2.838751907825770213e-04,-2.838751907825770213e-04,-6.915721709864014466e-03
5.795815954155127472e-03,-3.957556850141779985e-04,-3.957556850141779985e-04,-3.957556850141781069e-04,-1.059509525319458738e-02
6.176965342051528134e-03,-5.002323130978813658e-04,-5.002323130978813658e-04,-5.002323130978812574e-04,-1.468250012660106407e-02
6.725661720787286593e-03,-5.677814199870296957e-04,-5.677814199870296957e-04,-5.677814199870299125e-04,-1.850037741934554975e-02
7.483170753325790563e-03,-5.566918087653865846e-04,-5.566918087653865846e-04,-5.566918087653865846e-04,-2.091129898872572113e-02
8.464846877361245983e-03,-4.123355843686094392e-04,-4.123355843686094392e-04,-4.123355843686094392e-04,-2.020010483103584081e-02
9.672152555731977630e-03,-6.934869061744945934e-05,-6.934869061744945934e-05,-6.934869061744951355e-05,-1.399769137355217317e-02
1.111337761213654872e-02,5.376571144379304647e-04,5.376571144379304647e-04,5.376571144379304647e-04,5.912815282286312249e-04
1.276994576664256670e-02,1.462825284927579423e-03,1.462825284927579423e-03,1.462825284927579206e-03,2.683529579911454396e-02
1.454131749087936472e-02,2.721541696086278526e-03,2.721541696086278526e-03,2.721541696086278092e-03,6.774391033014949548e-02
1.627065971009218626e-02,4.262582950166497568e-03,4.262582950166497568e-03,4.262582950166497568e-03,1.252408100517643508e-01
1.778706123333255104e-02,5.931925825939392619e-03,5.931925825939392619e-03,5.931925825939392619e-03,1.987819284913939222e-01
1.889418921260095641e-02,7.437483293358916094e-03,7.437483293358916094e-03,7.437483293358914359e-03,2.834218287625189792e-01
1.933312646102787122e-02,8.333506301109025807e-03,8.333506301109025807e-03,8.333506301109024073e-03,3.676560856332523608e-01
1.870552286698123554e-02,8.021752325395491851e-03,8.021752325395491851e-03,8.021752325395491851e-03,4.306258584894894770e-01
1.641578864291482961e-02,5.822008714672231161e-03,5.822008714672231161e-03,5.822008714672232896e-03,4.399446013922338472e-01
1.172897134366338370e-02,1.105043659677402978e-03,1.105043659677402978e-03,1.105043659677403412e-03,3.500158609336531113e-01
4.056017574881977394e-03,-6.484704763828428448e-03,-6.484704763828428448e-03,-6.484704763828427580e-03,1.024689646894976630e-01
-6.647689686286896264e-03,-1.673658177831492330e-02,-1.673658177831492330e-02,-1.673658177831492330e-02,-3.697401651913458376e-01
-1.959941574358903954e-02,-2.857474488608301860e-02,-2.857474488608301860e-02,-2.857474488608302554e-02,-1.133583179917389661e+00
-3.294923829088922812e-02,-3.979116756609327177e-02,-3.979116756609327177e-02,-3.979116756609327871e-02,-2.238972388111406975e+00
-4.357775770984827213e-02,-4.702717270079376233e-02,-4.702717270079376233e-02,-4.702717270079376233e-02,-3.693466719586055103e+00
-4.727991442673334932e-02,-4.624423717362681485e-02,-4.624423717362681485e-02,-4.624423717362680791e-02,-5.426013467484064101e+00
-3.983974787209421803e-02,-3.396893406294014539e-02,-3.396893406294014539e-02,-3.396893406294015233e-02,-7.240330097465052184e+00
-1.922332149211056565e-02,-9.443089001989122405e-03,-9.443089001989122405e-03,-9.443089001989118936e-03,-8.762181566674431821e+00
1.130152303240988983e-02,2.265091273414287718e-02,2.265091273414287718e-02,2.265091273414287718e-02,-9.386202584445085151e+00
4.016495893444095577e-02,4.997074590988565684e-02,4.997074590988565684e-02,4.997074590988565684e-02,-8.235418320869026587e+00
4.701515245681235633e-02,5.273217119594710706e-02,5.273217119594710706e-02,5.273217119594710706e-02,-4.154660719019781290e+00
7.791081854181571009e-03,8.528069688812171464e-03,8.528069688812171464e-03,8.528069688812171464e-03,4.226441023550532528e+00
-9.373648091969104257e-02,-9.745326689665810560e-02,-9.745326689665810560e-02,-9.745326689665810560e-02,1.832960469156130756e+01
-2.522555115800368397e-01,-2.596031991896318725e-01,-2.596031991896318725e-01,-2.596031991896318170e-01,3.932618308148026642e+01
-4.339592242092989438e-01,-4.439927497689193370e-01,-4.439927497689193370e-01,-4.439927497689193370e-01,6.765560006728308906e+01
-5.855385330687058465e-01,-5.957320709022912997e-01,-5.957320709022912997e-01,-5.957320709022912997e-01,1.023497392296606705e+02
-6.620218009987882679e-01,-6.675376429700677905e-01,-6.675376429700677905e-01,-6.675376429700676795e-01,1.406522003362638316e+02
-6.572453606698616113e-01,-6.538442744760689651e-01,-6.538442744760689651e-01,-6.538442744760687431e-01,1.790278085211352561e+02
-6.033055352539401506e-01,-5.916225606859886188e-01,-5.916225606859886188e-01,-5.916225606859885078e-01,2.151396022992185522e+02
-5.359915366583872798e-01,-5.213673507874798663e-01,-5.213673507874798663e-01,-5.213673507874798663e-01,2.485049488856731728e+02
-4.675032552339803416e-01,-4.555895841842304006e-01,-4.555895841842304006e-01,-4.555895841842304006e-01,2.794478873880883043e+02
-3.915331735589412387e-01,-3.850171797819536557e-01,-3.850171797819536557e-01,-3.850171797819537112e-01,3.081787962463722579e+02
-3.026647503802287753e-01,-3.010453674916305222e-01,-3.010453674916305222e-01,-3.010453674916304667e-01,3.345921213199034696e+02
-2.045294967627605542e-01,-2.056604496891784872e-01,-2.056604496891784872e-01,-2.056604496891783762e-01,3.582485736876033116e+02
-1.051412765572683344e-01,-1.071303510258941466e-01,-1.071303510258941466e-01,-1.071303510258942299e-01,3.785954300996359621e+02
-1.282532971939195042e-02,-1.481017520661539848e-02,-1.481017520661539848e-02,-1.481017520661531348e-02,3.955279639857346297e+02
6.393146395254944991e-02,6.213705761071992850e-02,6.213705761071992850e-02,6.213705761072001177e-02,4.098015299893401107e+02
1.178104555666507069e-01,1.160859916820187465e-01,1.160859916820187465e-01,1.160859916820188437e-01,4.228257430405609512e+02
1.450135896104705058e-01,1.432189558466135382e-01,1.432189558466135382e-01,1.432189558466136770e-01,4.360487444510291652e+02
1.462327614932275865e-01,1.444780716443540558e-01,1.444780716443540558e-01,1.444780716443542223e-01,4.505146581327694548e+02
1.263360623413930794e-01,1.249118270858759344e-01,1.249118270858759344e-01,1.249118270858759899e-01,4.668161581158747708e+02
9.315780155120861883e-02,9.226071012725643727e-02,9.226071012725643727e-02,9.226071012725642340e-02,4.851895231825558312e+02
5.555642615386392064e-02,5.516182418855396924e-02,5.516182418855396924e-02,5.516182418855400393e-02,5.055329561473792523e+02
2.139322109693904406e-02,2.130487640694616464e-02,2.130487640694616464e-02,2.130487640694613341e-02,5.274096901631934315e+02
-3.913730436567068767e-03,-3.949778567189744967e-03,-3.949778567189744967e-03,-3.949778567189860326e-03,5.501254575281757297e+02
-1.785063209706050022e-02,-1.803218072416291548e-02,-1.803218072416291548e-02,-1.803218072416292589e-02,5.728547717958932708e+02
-2.055183951621745650e-02,-2.095677812652623970e-02,-2.095677812652623970e-02,-2.095677812652622582e-02,5.947660666990765321e+02
-1.448361016285326652e-02,-1.509055554659426840e-02,-1.509055554659426840e-02,-1.509055554659426840e-02,6.151201754041300092e+02
-3.827548352985336768e-03,-4.585190738683644907e-03,-4.585190738683644907e-03,-4.585190738683591130e-03,6.333300700279403372e+02
6.993342250989568153e-03,6.122833985096229684e-03,6.122833985096229684e-03,6.122833985096189785e-03,6.489799142698823289e+02
1.501852475094311856e-02,1.406182820294593801e-02,1.406182820294593801e-02,1.406182820294599005e-02,6.618094284795391786e+02
1.943977407682706549e-02,1.842597913688254208e-02,1.842597913688254208e-02,1.842597913688252820e-02,6.716703583375019662e+02
2.090596613772066625e-02,1.986842631080490765e-02,1.986842631080490765e-02,1.986842631080486601e-02,6.784850280770472182e+02
2.026201741178997734e-02,1.923134734068569773e-02,1.923134734068569773e-02,1.923134734068569773e-02,6.822396496672720332e+02
1.777311980125491700e-02,1.677521682571611952e-02,1.677521682571611952e-02,1.677521682571615422e-02,6.829995911535148707e+02
1.309235965900890607e-02,1.215864553026390661e-02,1.215864553026390661e-02,1.215864553026391182e-02,6.809216676174854683e+02
5.631586375569722948e-03,4.809843689636238151e-03,4.809843689636238151e-03,4.809843689636223406e-03,6.762643870183370609e+02
-4.932041930545347230e-03,-5.579463746348660609e-03,-5.579463746348660609e-03,-5.579463746348651935e-03,6.693998391966555346e+02
-1.820217654945685548e-02,-1.860928702067634818e-02,-1.860928702067634818e-02,-1.860928702067635859e-02,6.608079033931351205e+02
-3.279960128789052853e-02,-3.290523317954864579e-02,-3.290523317954864579e-02,-3.290523317954864579e-02,6.510394973949269115e+02
-4.660370364279856070e-02,-4.635317814976683271e-02,-4.635317814976683271e-02,-4.635317814976683964e-02,6.406673841901354081e+02
-5.802360746788529783e-02,-5.737631754022860103e-02,-5.737631754022860103e-02,-5.737631754022860103e-02,6.302352220359433659e+02
-6.739881955700249838e-02,-6.635187397524484887e-02,-6.635187397524484887e-02,-6.635187397524484887e-02,6.202078308988760682e+02
-7.663315644835975993e-02,-7.523922184925464773e-02,-7.523922184925464773e-02,-7.523922184925466161e-02,6.109465451648389944e+02
-8.755070155628823236e-02,-8.590977154947322669e-02,-8.590977154947322669e-02,-8.590977154947322669e-02,6.027062077977232093e+02
-1.010150902897593156e-01,-9.925279910520512505e-02,-9.925279910520512505e-02,-9.925279910520513893e-02,5.956266993248192421e+02
-1.170921391691738950e-01,-1.153365974089243517e-01,-1.153365974089243517e-01,-1.153365974089243517e-01,5.897372203123807139e+02
-1.354476667691750513e-01,-1.338072506629726377e-01,-1.338072506629726377e-01,-1.338072506629726377e-01,5.849891171213765801e+02
-1.556549374492178506e-01,-1.542036262393910728e-01,-1.542036262393910728e-01,-1.542036262393910451e-01,5.812901402166661455e+02
-1.773734616276364529e-01,-1.761407458181524222e-01,-1.761407458181524222e-01,-1.761407458181524499e-01,5.785323128513178972e+02
-2.004656477025545669e-01,-1.994242822372269408e-01,-1.994242822372269408e-01,-1.994242822372269131e-01,5.766210686299061763e+02
-2.251186774991590644e-01,-2.241858365512560680e-01,-2.241858365512560680e-01,-2.241858365512560680e-01,5.754992084214680972e+02
-2.517253918681703895e-01,-2.507997862463286487e-01,-2.507997862463286487e-01,-2.507997862463286487e-01,5.751546697543592472e+02
-2.801428750659829547e-01,-2.791526341765784291e-01,-2.791526341765784291e-01,-2.791526341765784291e-01,5.755996634708753845e+02
-3.087587638618423114e-01,-3.076713231311326013e-01,-3.076713231311326013e-01,-3.076713231311326568e-01,5.768291784738158867e+02
-3.345729716643701113e-01,-3.333905880227296947e-01,-3.333905880227296947e-01,-3.333905880227297502e-01,5.787872305728565152e+02
-3.545736917193466620e-01,-3.533523179023800309e-01,-3.533523179023800309e-01,-3.533523179023800309e-01,5.813590164133998996e+02
-3.672723280209841401e-01,-3.661125923688894335e-01,-3.661125923688894335e-01,-3.661125923688894890e-01,5.843874222909134915e+02
-3.731707682148500682e-01,-3.721648399022194353e-01,-3.721648399022194353e-01,-3.721648399022194353e-01,5.877000222267274694e+02
-3.741147693227948601e-01,-3.733252990407431859e-01,-3.733252990407431859e-01,-3.733252990407431304e-01,5.911367633351034101e+02
-3.725759508147507559e-01,-3.720465953445908913e-01,-3.720465953445908913e-01,-3.720465953445910023e-01,5.945745525886732139e+02
-3.712257555575612655e-01,-3.709654295992116935e-01,-3.709654295992116935e-01,-3.709654295992117490e-01,5.979396717556536487e+02
-3.722665793871532403e-01,-3.722394774278277585e-01,-3.722394774278277585e-01,-3.722394774278278140e-01,6.012009476099912035e+02
-3.768529440077316162e-01,-3.770091908515211254e-01,-3.770091908515211254e-01,-3.770091908515211254e-01,6.043583058142822892e+02
-3.853866366946938626e-01,-3.856898777788061450e-01,-3.856898777788061450e-01,-3.856898777788062560e-01,6.074449921307988234e+02
-3.982285422057459945e-01,-3.986557511808825338e-01,-3.986557511808825338e-01,-3.986557511808825893e-01,6.105290161042429418e+02
-4.157975973870765563e-01,-4.163303333570813058e-01,-4.163303333570813058e-01,-4.163303333570814169e-01,6.137011221700158785e+02
-4.380623176133978669e-01,-4.386833915594934297e-01,-4.386833915594934297e-01,-4.386833915594934297e-01,6.170628162504071952e+02
-4.641332117088968756e-01,-4.648260310954551167e-01,-4.648260310954551167e-01,-4.648260310954552277e-01,6.207123072944622209e+02
-4.921513459384850298e-01,-4.928970835031732389e-01,-4.928970835031732389e-01,-4.928970835031730724e-01,6.247219085766553235e+02
-5.192512414434369283e-01,-5.200302861950321098e-01,-5.200302861950321098e-01,-5.200302861950319988e-01,6.291200897246928889e+02
-5.417975052042411921e-01,-5.425946366485385752e-01,-5.425946366485385752e-01,-5.425946366485385752e-01,6.338888701285815159e+02
-5.563676039983009858e-01,-5.571533753460832239e-01,-5.571533753460832239e-01,-5.571533753460833349e-01,6.389800576171271587e+02
-5.611030074485602315e-01,-5.617918744958557697e-01,-5.617918744958557697e-01,-5.617918744958557697e-01,6.443436624380103694e+02
-5.560863874781812877e-01,-5.565404806169863550e-01,-5.565404806169863550e-01,-5.565404806169864660e-01,6.499515868630847990e+02
-5.423873006262727170e-01,-5.424850355308181715e-01,-5.424850355308181715e-01,-5.424850355308181715e-01,6.558094040099551876e+02
-5.210997412859222910e-01,-5.207847596452952477e-01,-5.207847596452952477e-01,-5.207847596452951366e-01,6.619581364234933289e+02
-4.930078871078071856e-01,-4.922776377134753245e-01,-4.922776377134753245e-01,-4.922776377134751025e-01,6.684590105976991481e+02
-4.584219485758814217e-01,-4.572927545345698008e-01,-4.572927545345698008e-01,-4.572927545345696898e-01,6.753535792404643416e+02
-4.172111333767699048e-01,-4.156876981192390574e-01,-4.156876981192390574e-01,-4.156876981192390574e-01,6.826165466928604246e+02
-3.689219616482981023e-01,-3.669837027090376291e-01,-3.669837027090376291e-01,-3.669837027090374626e-01,6.901310040878806831e+02
-3.127735470030486020e-01,-3.103895666017235100e-01,-3.103895666017235100e-01,-3.103895666017234545e-01,6.976964333744157329e+02
-2.479999637232409571e-01,-2.451666936028075727e-01,-2.451666936028075727e-01,-2.451666936028076005e-01,7.050563694525592382e+02
-1.743810115201708533e-01,-1.711569248975548241e-01,-1.711569248975548241e-01,-1.711569248975547686e-01,7.119275403261565316e+02
-9.236396557099953164e-02,-8.887058442502027145e-02,-8.887058442502027145e-02,-8.887058442502031308e-02,7.180243377154456539e+02
-3.065670461590252072e-03,5.676494472058553949e-04,5.676494472058553949e-04,5.676494472056546007e-04,7.230776210911089947e+02
9.173599355918736487e-02,9.546374088423381643e-02,9.546374088423381643e-02,9.546374088423373316e-02,7.268477066340832380e+02
1.901002150990486195e-01,1.940151524498608393e-01,1.940151524498608393e-01,1.940151524498608393e-01,7.291329518337763602e+02
2.907847668706834421e-01,2.950857909469187246e-01,2.950857909469187246e-01,2.950857909469182805e-01,7.297646292428853485e+02
3.939414455527544545e-01,3.988483518680323581e-01,3.988483518680323581e-01,3.988483518680323026e-01,7.285812393948320960e+02
5.012994834863111482e-01,5.069855095064415007e-01,5.069855095064415007e-01,5.069855095064415007e-01,7.253990381421361917e+02
6.156037457797197687e-01,6.221950236847578752e-01,6.221950236847578752e-01,6.221950236847577642e-01,7.200003931550240850e+02
7.394876586233793958e-01,7.471135201351775112e-01,7.471135201351775112e-01,7.471135201351775112e-01,7.121363910664033483e+02
8.743775306676782044e-01,8.831680838921980303e-01,8.831680838921980303e-01,8.831680838921979193e-01,7.015285182856373467e+02
1.019892677448016149e+00,1.029846389840919807e+00,1.029846389840919807e+00,1.029846389840919807e+00,6.878696275640345448e+02
1.173811104171180730e+00,1.184642669968412498e+00,1.184642669968412498e+00,1.184642669968412720e+00,6.708267177168779654e+02
1.332368254358978099e+00,1.343530521712041459e+00,1.343530521712041459e+00,1.343530521712041237e+00,6.500503039299690045e+02
1.490547802603647831e+00,1.501437444271446431e+00,1.501437444271446431e+00,1.501437444271446653e+00,6.252093879098342768e+02
1.641818810455557331e+00,1.651999210146157804e+00,1.651999210146157804e+00,1.651999210146157582e+00,5.960542048194791960e+02
1.777157280542236650e+00,1.786467972404249371e+00,1.786467972404249371e+00,1.786467972404248927e+00,5.624800575043426534e+02
1.884863530265399545e+00,1.893410704011407875e+00,1.893410704011407875e+00,1.893410704011406986e+00,5.245758721585548301e+02
1.953126520837701774e+00,1.961243780811090076e+00,1.961243780811090076e+00,1.961243780811090076e+00,4.826655047209200120e+02
1.974256215618912291e+00,1.982527699179391867e+00,1.982527699179391867e+00,1.982527699179392311e+00,4.373418522834796818e+02
1.946721604280084339e+00,1.956112402138512119e+00,1.956112402138512119e+00,1.956112402138512119e+00,3.894780963942790777e+02
1.873552278843521268e+00,1.885612189409064499e+00,1.885612189409064499e+00,1.885612189409064943e+00,3.402051573225599554e+02
1.760058142494512312e+00,1.777004125523564459e+00,1.777004125523564459e+00,1.777004125523564237e+00,2.908465975379630208e+02
1.613388550105479657e+00,1.637840615732554239e+00,1.637840615732554239e+00,1.637840615732554017e+00,2.428068266193162401e+02
1.442461956891825103e+00,1.476837711197797054e+00,1.476837711197797054e+00,1.476837711197797498e+00,1.974302066975390630e+02
1.256469078624297575e+00,1.302170784170278983e+00,1.302170784170278983e+00,1.302170784170278983e+00,1.558566307930572918e+02
1.062741174671598232e+00,1.119231533183672855e+00,1.119231533183672855e+00,1.119231533183672855e+00,1.188951121882172828e+02
8.651445067021834578e-01,9.293592832924398861e-01,9.293592832924398861e-01,9.293592832924401081e-01,8.696597335717682142e+01
6.644130774106772330e-01,7.313046166871560727e-01,7.313046166871560727e-01,7.313046166871561837e-01,6.016738559288364030e+01
4.619718794767115333e-01,5.260208008216651354e-01,5.260208008216651354e-01,5.260208008216650244e-01,3.842894773083614268e+01
2.662924653142580422e-01,3.226011199722692013e-01,3.226011199722692013e-01,3.226011199722692013e-01,2.161395863934824391e+01
9.543766528770397661e-02,1.397679841880299090e-01,1.397679841880299090e-01,1.397679841880299367e-01,9.461724539079709118e+00
-3.066722899561132379e-02,-2.086226200528829705e-03,-2.086226200528829705e-03,-2.086226200528828838e-03,1.455332844896350064e+00
-1.019098174053032074e-01,-9.216935231852767252e-02,-9.216935231852767252e-02,-9.216935231852768640e-02,-3.180022758802599991e+00
-1.220816236730595111e-01,-1.330267611515906778e-01,-1.330267611515906778e-01,-1.330267611515906778e-01,-5.322734552251755957e+00
-1.050099821792481875e-01,-1.363401214282842222e-01,-1.363401214282842222e-01,-1.363401214282841944e-01,-5.795442722362154520e+00
-6.833554450472381636e-02,-1.167372343704601162e-01,-1.167372343704601162e-01,-1.167372343704601162e-01,-5.279057942182101115e+00
-2.818909136589473410e-02,-8.730421810765423563e-02,-8.730421810765423563e-02,-8.730421810765423563e-02,-4.284297714249369449e+00
4.296899509344937612e-03,-5.749005903748171525e-02,-5.749005903748171525e-02,-5.749005903748171525e-02,-3.158519476182231944e+00
2.440824916144318166e-02,-3.273426064702456700e-02,-3.273426064702456700e-02,-3.273426064702457394e-02,-2.111511071239831061e+00
3.298570344206774863e-02,-1.507711299753150200e-02,-1.507711299753150200e-02,-1.507711299753150200e-02,-1.248675170737379769e+00
3.381266534702708632e-02,-4.235577857863563958e-03,-4.235577857863563958e-03,-4.235577857863563958e-03,-6.036079231717464966e-01
3.085155197800089691e-02,1.258731192472449349e-03,1.258731192472449349e-03,1.258731192472449349e-03,-1.656518284591792511e-01
2.680540967031761965e-02,3.168472052587808976e-03,3.168472052587808976e-03,3.168472052587808542e-03,9.889319635646148798e-02
2.300108974655397029e-02,3.038746942746326472e-03,3.038746942746326472e-03,3.038746942746327340e-03,2.319841006511538239e-01
1.981731921470232874e-02,2.007296682245905163e-03,2.007296682245905163e-03,2.007296682245904296e-03,2.744637479225051080e-01
1.718011800933446145e-02,8.026366660444547415e-04,8.026366660444547415e-04,8.026366660444551751e-04,2.611090114103523097e-01
1.494751518930465331e-02,-1.802024125338318227e-04,-1.802024125338318227e-04,-1.802024125338322293e-04,2.186596895278845043e-01
1.306195635097507149e-02,-7.870955176578866338e-04,-7.870955176578866338e-04,-7.870955176578863085e-04,1.658063824671051345e-01
1.150342161793302918e-02,-1.019298237164644339e-03,-1.019298237164644339e-03,-1.019298237164644339e-03,1.143023361233518470e-01
1.025226731594341099e-02,-9.613454231306453818e-04,-9.613454231306453818e-04,-9.613454231306455986e-04,7.045496732580933119e-02
9.328628418481033080e-03,-7.270970481056715810e-04,-7.270970481056715810e-04,-7.270970481056717978e-04,3.673502366960122723e-02
8.776108527966463430e-03,-4.232343462184571495e-04,-4.232343462184571495e-04,-4.232343462184572579e-04,1.314650412817886319e-02
8.558472206690486903e-03,-1.305213773280283665e-04,-1.305213773280283665e-04,-1.305213773280283936e-04,-1.671349614646679398e-03
8.512086022430340876e-03,1.019345249703200939e-04,1.019345249703200939e-04,1.019345249703201075e-04,-9.643324025265787719e-03
8.436374993482547921e-03,2.544099231254048758e-04,2.544099231254048758e-04,2.544099231254049842e-04,-1.276054914382986072e-02
8.226740904099071397e-03,3.283289219811407573e-04,3.283289219811407573e-04,3.283289219811407573e-04,-1.277072519869028137e-02
7.919827195060721858e-03,3.380768136724317664e-04,3.380768136724317664e-04,3.380768136724317664e-04,-1.106160290454822476e-02
7.598743972486462703e-03,3.032732788104055438e-04,3.032732788104055438e-04,3.032732788104054895e-04,-8.630969925319441349e-03
7.292425320082164715e-03,2.434703559347961750e-04,2.434703559347961750e-04,2.434703559347962292e-04,-6.126388031292205778e-03
7.047589395538014605e-03,1.751513399303450663e-04,1.751513399303450663e-04,1.751513399303450663e-04,-3.918811511482301300e-03
6.992287770227667044e-03,1.100268223887757512e-04,1.100268223887757512e-04,1.100268223887757648e-04,-2.170511331198761527e-03
7.215172307313692454e-03,5.541063614581467493e-05,5.541063614581467493e-05,5.541063614581467493e-05,-9.121282118651930382e-04
7.661703427862462217e-03,1.450738191302193576e-05,1.450738191302193576e-05,1.450738191302193576e-05,-9.336946757596228962e-05
8.190140622649350749e-03,-1.246970631287058749e-05,-1.246970631287058749e-05,-1.246970631287059088e-05,3.723778592774547075e-04
8.691270923828335951e-03,-2.726507646290460876e-05,-2.726507646290460876e-05,-2.726507646290460876e-05,5.796985718345878382e-04
9.159230533918701761e-03,-3.274028646831296703e-05,-3.274028646831296703e-05,-3.274028646831296703e-05,6.169303621282183799e-04
9.660303027509331911e-03,-3.182373533418327716e-05,-3.182373533418327716e-05,-3.182373533418329071e-05,5.543957455896205951e-04
1.023435400989107860e-02,-2.722790627951853857e-05,-2.722790627951853857e-05,-2.722790627951854195e-05,4.454960357737974765e-04
1.085898337425560828e-02,-2.101930715920306080e-05,-2.101930715920306080e-05,-2.101930715920305741e-05,3.254198293190941065e-04
1.151183927630256357e-02,-1.465926894162324713e-05,-1.465926894162324713e-05,-1.465926894162324374e-05,2.151743599735425887e-04
1.221078382882994327e-02,-9.064151808017645456e-06,-9.064151808017645456e-06,-9.064151808017643762e-06,1.254514288823430806e-04
1.296123973956455136e-02,-4.623079266944454237e-06,-4.623079266944454237e-06,-4.623079266944455084e-06,5.879684366561425512e-05
1.370373931557782900e-02,-1.465945318990844614e-06,-1.465945318990844614e-06,-1.465945318990844614e-06,1.414602242231826075e-05
1.432242529869181234e-02,5.394111263830128328e-07,5.394111263830128328e-07,5.394111263830128328e-07,-1.251441118503607874e-05
1.465034753017388502e-02,1.599969310425815306e-06,1.599969310425815306e-06,1.599969310425815094e-06,-2.559276750232573335e-05
1.450587887886488174e-02,1.966875050262322806e-06,1.966875050262322806e-06,1.966875050262322806e-06,-2.933565945693431427e-05
1.381992261171496872e-02,1.898798658397254361e-06,1.898798658397254361e-06,1.898798658397254361e-06,-2.754505001481118913e-05
1.269832286310949507e-02,1.583068326637654042e-06,1.583068326637654042e-06,1.583068326637654042e-06,-2.278119868643062074e-05
1.134213437499749337e-02,1.186670656700779866e-06,1.186670656700779866e-06,1.186670656700779866e-06,-1.713819936001102401e-05
9.950187780575919100e-03,7.984759078265619768e-07,7.984759078265619768e-07,7.984759078265619768e-07,-1.169336757827806530e-05
8.659031719001526045e-03,4.752775479015155362e-07,4.752775479015155362e-07,4.752775479015154303e-07,-7.102933479486371616e-06
7.451983558352405675e-03,2.391146019485736581e-07,2.391146019485736581e-07,2.391146019485737111e-07,-3.637203560138804859e-06
6.080439932037343988e-03,8.232320042224274744e-08,8.232320042224274744e-08,8.232320042224274744e-08,-1.195320774884716796e-06
4.221790824167301684e-03,-2.666990396240149201e-09,-2.666990396240149201e-09,-2.666990396240149615e-09,2.834550968466220008e-07
1.817164936658326874e-03,-3.977064716225961252e-08,-3.977064716225961252e-08,-3.977064716225960590e-08,1.085286760026017939e-06
-8.821136708911380157e-04,-4.475558873346019044e-08,-4.475558873346019044e-08,-4.475558873346019706e-08,1.375560785412456929e-06
-3.604814929772913630e-03,-3.426408653427448452e-08,-3.426408653427448452e-08,-3.426408653427448452e-08,1.346267840486955586e-06
-6.091150939405887317e-03,-1.989435782702165224e-08,-1.989435782702165224e-08,-1.989435782702164893e-08,1.162870141094537895e-06
-7.822870211715220873e-03,-7.131565776236086503e-09,-7.131565776236086503e-09,-7.131565776236089811e-09,8.887654481767679296e-07
-8.160628493689182916e-03,6.680002875258963963e-10,6.680002875258963963e-10,6.680002875258963963e-10,6.321302160486476160e-07
-6.918520251779894728e-03,3.884310058627313273e-09,3.884310058627313273e-09,3.884310058627314100e-09,3.962591608287761046e-07
-4.504479912118914721e-03,3.780083969793363400e-09,3.780083969793363400e-09,3.780083969793365055e-09,2.150794310847227416e-07
-1.396680102498119988e-03,2.087736843498721345e-09,2.087736843498721345e-09,2.087736843498720931e-09,8.902630326044175313e-08
2.236151206223186121e-03,-1.139979425636500152e-10,-1.139979425636500152e-10,-1.139979425636500411e-10,7.783795700270416735e-10
6.090861758336056642e-03,-1.496709830684310558e-09,-1.496709830684310558e-09,-1.496709830684310558e-09,-4.065296692102279312e-08
8.742478721250829601e-03,-2.391231362022020345e-09,-2.391231362022020345e-09,-2.391231362022020345e-09,-6.437600301769468156e-08
7.643722919242498456e-03,-2.384197768668858658e-09,-2.384197768668858658e-09,-2.384197768668858658e-09,-6.518198038077835543e-08
1.638532705297169895e-03,-2.015768268857579931e-09,-2.015768268857579931e-09,-2.015768268857579931e-09,-5.761084568559958389e-08
-6.045032867843296021e-03,-1.559709436308032748e-09,-1.559709436308032748e-09,-1.559709436308032335e-09,-4.738830598192696272e-08
-9.570089585140273414e-03,-1.012828550958559909e-09,-1.012828550958559909e-09,-1.012828550958560323e-09,-3.224653333725268368e-08
-6.437964975397237818e-03,-7.096237923634478512e-10,-7.096237923634478512e-10,-7.096237923634477478e-10,-2.292841605051017821e-08
1.302712677029704141e-04,-3.860405644004061667e-10,-3.860405644004061667e-10,-3.860405644004061667e-10,-1.198599943753515703e-08
4.993986926503923666e-03,-1.971985788123396430e-10,-1.971985788123396430e-10,-1.971985788123396430e-10,-5.799223248681173382e-09
5.810185067092847599e-03,-5.714092054470155835e-11,-5.714092054470155835e-11,-5.714092054470154543e-11,-1.447230786510228992e-09
3.891770952347311813e-03,7.522432646911763796e-11,7.522432646911763796e-11,7.522432646911763796e-11,2.059093283194719903e-09
1.631768571363654977e-03,8.613357410840563736e-11,8.613357410840563736e-11,8.613357410840563736e-11,2.248835729849198424e-09
2.951481325701176038e-04,1.391534495519789148e-10,1.391534495519789148e-10,1.391534495519789406e-10,3.573822947245775674e-09
3.766284765321273700e-05,1.052753833157040284e-10,1.052753833157040284e-10,1.052753833157040154e-10,2.662649084869498672e-09
5.880787305737363978e-04,9.002666017981842412e-11,9.002666017981842412e-11,9.002666017981842412e-11,2.380166661481983064e-09
1.472465873147125841e-03,7.119604100188123429e-11,7.119604100188123429e-11,7.119604100188122136e-11,1.912934929306135436e-09
2.194277329473140730e-03,3.232368407259724649e-11,3.232368407259724649e-11,3.232368407259724649e-11,9.258243525150821039e-10
2.502892841367841768e-03,3.055126714686475617e-11,3.055126714686475617e-11,3.055126714686476263e-11,9.370390559132565423e-10
2.422159077718716563e-03,4.401170923363648174e-12,4.401170923363648174e-12,4.401170923363645751e-12,1.293782679255436946e-10
2.081857630065549972e-03,4.156690210090289846e-12,4.156690210090289846e-12,4.156690210090289846e-12,1.530677102332441537e-10
1.609820786532703638e-03,-1.780999429394430584e-12,-1.780999429394430584e-12,-1.780999429394430180e-12,-8.167154354755774439e-11
1.112734640573616492e-03,-5.354041846328658141e-12,-5.354041846328658141e-12,-5.354041846328657333e-12,-2.385033372380942823e-10
6.759201964021202547e-04,-8.369383796264712867e-13,-8.369383796264712867e-13,-8.369383796264710848e-13,-4.276864162239161351e-11
3.586094476282219458e-04,-4.115590200061802620e-12,-4.115590200061802620e-12,-4.115590200061803427e-12,-2.139589105670350576e-10
1.851566724691988837e-04,1.545179949525038443e-12,1.545179949525038443e-12,1.545179949525038241e-12,8.114746072241336024e-11
1.445492210418620072e-04,2.026416609517445433e-12,2.026416609517445433e-12,2.026416609517444626e-12,1.143667976165185654e-10
1.990903404721582721e-04,5.589535630094321382e-12,5.589535630094321382e-12,5.589535630094321382e-12,3.232467605796152641e-10
3.005337529503275930e-04,9.831771757680367161e-12,9.831771757680367161e-12,9.831771757680367161e-12,5.825907231275394488e-10
4.097137677250838896e-04,1.164387031604152444e-11,1.164387031604152444e-11,1.164387031604152605e-11,7.016017916786834874e-10
5.107201569811575543e-04,1.594947216966256897e-11,1.594947216966256897e-11,1.594947216966256251e-11,9.795469154007061436e-10
6.046596540683352042e-04,1.541575757116002843e-11,1.541575757116002843e-11,1.541575757116002843e-11,9.700790434226718407e-10
6.816123988264382975e-04,1.372478281910026315e-11,1.372478281910026315e-11,1.372478281910026315e-11,8.944664471253850571e-10
7.177593922089255986e-04,6.638698804059310590e-12,6.638698804059310590e-12,6.638698804059312206e-12,4.497685515028011006e-10
7.082031588954799126e-04,-6.724814319643461860e-12,-6.724814319643461860e-12,-6.724814319643460244e-12,-4.794717030210053797e-10
6.845242461276197440e-04,-2.577248397400699424e-11,-2.577248397400699424e-11,-2.577248397400700070e-11,-1.954512893398759360e-09
6.977347920911694404e-04,-5.264244818348558130e-11,-5.264244818348558130e-11,-5.264244818348558776e-11,-4.264818726997233554e-09
7.854041995136052529e-04,-8.405184041002635886e-11,-8.405184041002635886e-11,-8.405184041002637178e-11,-7.289252578076293616e-09
9.428692258638721353e-04,-1.195413911355614510e-10,-1.195413911355614510e-10,-1.195413911355614510e-10,-1.106374047035995707e-08
1.108894158247990692e-03,-1.549010482184213449e-10,-1.549010482184213449e-10,-1.549010482184213708e-10,-1.516677486140329482e-08
1.192235526379919076e-03,-1.847500095545562361e-10,-1.847500095545562361e-10,-1.847500095545562361e-10,-1.888759466661183888e-08
1.150597703689771548e-03,-2.007671157459230845e-10,-2.007671157459230845e-10,-2.007671157459230587e-10,-2.107092499800318249e-08
1.039631587819979820e-03,-1.877358191429887795e-10,-1.877358191429887795e-10,-1.877358191429888054e-10,-1.984658529806380259e-08
9.659717263679975813e-04,-1.230825375544367150e-10,-1.230825375544367150e-10,-1.230825375544366892e-10,-1.286686609513371036e-08
9.972756805486371334e-04,2.848951427415586369e-11,2.848951427415586369e-11,2.848951427415586369e-11,2.905058791117026439e-09
1.124439721190762789e-03,3.111549149219582814e-10,3.111549149219582814e-10,3.111549149219583331e-10,3.069521359532650216e-08
1.278675593989645832e-03,7.681073748662173275e-10,7.681073748662173275e-10,7.681073748662172241e-10,7.346548177388968112e-08
1.397972550124350517e-03,1.417888062074931688e-09,1.417888062074931688e-09,1.417888062074931895e-09,1.329601947147605566e-07
1.407100253020888850e-03,2.221554297380872561e-09,2.221554297380872561e-09,2.221554297380873388e-09,2.081954738083436729e-07
1.415275650849302314e-03,3.135520413367790498e-09,3.135520413367790498e-09,3.135520413367790498e-09,2.936687344787303381e-07
