# InvDyn,Takahashi,Zelik,Frigo,GRF
2.548002988207199657e-02,2.525080037940026241e-11,2.525080037940026241e-11,2.525080037940026887e-11,1.671853188338588213e-10
2.555016342391186468e-02,1.779508326057602718e-11,1.779508326057602718e-11,1.779508326057602718e-11,1.203058912251710050e-10
2.096921918714808944e-02,1.124169148888740240e-11,1.124169148888740240e-11,1.124169148888740078e-11,7.821596729999487944e-11
1.495297799912283405e-02,6.170428943725474972e-12,6.170428943725474972e-12,6.170428943725474972e-12,4.441677780833327077e-11
9.420970663848922746e-03,2.645668003140537034e-12,2.645668003140537034e-12,2.645668003140536630e-12,1.976579270026675068e-11
5.177267664416224449e-03,4.492894266968253863e-13,4.492894266968253863e-13,4.492894266968255378e-13,3.457305159215764976e-12
2.326277232905969543e-03,-7.287873266517385600e-13,-7.287873266517385600e-13,-7.287873266517383580e-13,-6.017316547595520941e-12
5.834070205254425446e-04,-1.209479393945261745e-12,-1.209479393945261745e-12,-1.209479393945261745e-12,-1.045581346238772481e-11
-4.682417060472514716e-04,-1.261478591598592678e-12,-1.261478591598592678e-12,-1.261478591598592477e-12,-1.151506701656658268e-11
-1.130248166096018379e-03,-1.084415256863925156e-12,-1.084415256863925156e-12,-1.084415256863925156e-12,-1.053384257760627380e-11
-1.438645084195875430e-03,-8.242568238222845873e-13,-8.242568238222845873e-13,-8.242568238222847892e-13,-8.607577295995819411e-12
-1.191764595735389292e-03,-5.578242406272162467e-13,-5.578242406272162467e-13,-5.578242406272162467e-13,-6.352064591370117289e-12
-1.861190810499225765e-04,-3.376371313459947777e-13,-3.376371313459947777e-13,-3.376371313459947777e-13,-4.276974370097055952e-12
1.510593917513462087e-03,-1.757202808840547399e-13,-1.757202808840547399e-13,-1.757202808840547399e-13,-2.548110678069423421e-12
3.469109138628265719e-03,-7.097797631040535850e-14,-7.097797631040535850e-14,-7.097797631040535850e-14,-1.228285173462896323e-12
5.014572990489524727e-03,-1.734892083385200794e-14,-1.734892083385200794e-14,-1.734892083385200163e-14,-3.830511451203854583e-13
5.511073638103949034e-03,6.882569824511859347e-15,6.882569824511859347e-15,6.882569824511857769e-15,2.065498865631637827e-13
4.656672561369402941e-03,8.494205559609107233e-15,8.494205559609107233e-15,8.494205559609107233e-15,4.317096515473582489e-13
2.548192840786861479e-03,3.176697851877033901e-15,3.176697851877033901e-15,3.176697851877034690e-15,5.501790614965774592e-13
-4.093155528774479728e-04,-3.992195710606372578e-15,-3.992195710606372578e-15,-3.992195710606372578e-15,5.357758915470076162e-13
-3.547498636562947810e-03,-8.002152381147740199e-15,-8.002152381147740199e-15,-8.002152381147741776e-15,3.999434692928740754e-13
-6.019433349971125245e-03,-1.221313549272182208e-14,-1.221313549272182208e-14,-1.221313549272182208e-14,3.889287888298490888e-13
-7.019555121905838961e-03,-7.032337985352099948e-15,-7.032337985352099948e-15,-7.032337985352100737e-15,1.721021133812761258e-13
-6.061279324898762554e-03,-9.054464856659263132e-15,-9.054464856659263132e-15,-9.054464856659259977e-15,1.864548594520147926e-13
-3.210044755258426117e-03,-3.638372952826349247e-15,-3.638372952826349247e-15,-3.638372952826350036e-15,6.722722048684448830e-14
8.527383661157481986e-04,7.532498259013835264e-16,7.532498259013835264e-16,7.532498259013837236e-16,-1.292139767419956031e-14
4.962674138219568855e-03,-4.971085255117108916e-15,-4.971085255117108916e-15,-4.971085255117109705e-15,8.818403832315743921e-14
7.651107755486387732e-03,7.711502149525644117e-15,7.711502149525644117e-15,7.711502149525644117e-15,-1.434651455238775319e-13
7.442588015815852949e-03,-4.917357106273372592e-15,-4.917357106273372592e-15,-4.917357106273372592e-15,1.016798245565369089e-13
3.969891264768579155e-03,4.768831435951092876e-15,4.768831435951092876e-15,4.768831435951092876e-15,-1.116052323453493610e-13
-4.877933624202078142e-04,9.380791156835882181e-16,9.380791156835882181e-16,9.380791156835884153e-16,-1.869104082760148178e-14
-2.341630161415846761e-03,-3.264849363607632406e-15,-3.264849363607632406e-15,-3.264849363607632011e-15,8.859728166008881582e-14
-5.327418486172717099e-04,7.749932062325247701e-15,7.749932062325247701e-15,7.749932062325247701e-15,-2.251187644391333441e-13
3.460607164587223283e-03,-9.551376155397868416e-15,-9.551376155397868416e-15,-9.551376155397868416e-15,2.716748950252891399e-13
8.653063301055771359e-03,1.032789776640618170e-14,1.032789776640618170e-14,1.032789776640618170e-14,-2.758134438845064963e-13
1.450759986817732987e-02,-6.356055249622225805e-15,-6.356055249622225805e-15,-6.356055249622225805e-15,1.657850884523012323e-13
1.943970977453935572e-02,-1.879040710135126480e-15,-1.879040710135126480e-15,-1.879040710135126480e-15,2.509315839650930586e-14
2.177097713630418707e-02,1.287248212348113361e-14,1.287248212348113361e-14,1.287248212348113045e-14,-2.683974578035331320e-13
2.119447573213389599e-02,-2.264648442902691831e-14,-2.264648442902691831e-14,-2.264648442902692147e-14,4.970052753775326415e-13
1.833928980772231432e-02,2.663884350641519729e-14,2.663884350641519729e-14,2.663884350641519098e-14,-6.214157966541909298e-13
1.384883402681895762e-02,-2.281475663993241178e-14,-2.281475663993241178e-14,-2.281475663993241178e-14,5.765468242358319172e-13
8.501788101015015503e-03,1.124027045241602521e-14,1.124027045241602521e-14,1.124027045241602678e-14,-3.156515022055885798e-13
3.523647067681926013e-03,4.626776153158597998e-15,4.626776153158597998e-15,4.626776153158599576e-15,-1.295292247367070694e-13
2.965575793394635822e-06,-2.057201224569864122e-14,-2.057201224569864122e-14,-2.057201224569864437e-14,6.706558804289325038e-13
-1.832240872451321645e-03,3.204973413064795959e-14,3.204973413064795959e-14,3.204973413064795328e-14,-1.146538710966622566e-12
-2.469494834915056825e-03,-3.570080839192568825e-14,-3.570080839192568825e-14,-3.570080839192568825e-14,1.378004314153364863e-12
-2.525306008057720455e-03,2.943984102157553722e-14,2.943984102157553722e-14,2.943984102157553091e-14,-1.208235037269152866e-12
-2.428541142794668223e-03,-1.347996825634900099e-14,-1.347996825634900099e-14,-1.347996825634900414e-14,5.727451447546799019e-13
-2.411793460844924904e-03,-8.882146013351799882e-15,-8.882146013351799882e-15,-8.882146013351799882e-15,4.539441103629424696e-13
-2.576406134871255058e-03,3.140778460288503166e-14,3.140778460288503166e-14,3.140778460288502535e-14,-1.642768186696081460e-12
-2.915404868844760806e-03,-4.677612459531551129e-14,-4.677612459531551129e-14,-4.677612459531550498e-14,2.632977056350904798e-12
-3.311385320740024406e-03,4.985370108306506512e-14,4.985370108306506512e-14,4.985370108306507143e-14,-3.030382137781150410e-12
-3.567964851364056368e-03,-3.892022436010696677e-14,-3.892022436010696677e-14,-3.892022436010696677e-14,2.507938923851328554e-12
-3.490174456607455372e-03,1.569996264791004629e-14,1.569996264791004629e-14,1.569996264791004629e-14,-9.723036569965774530e-13
-2.967036089050959901e-03,1.631299037781309138e-14,1.631299037781309138e-14,1.631299037781309138e-14,-1.376114176087719349e-12
-2.007459570192600233e-03,-5.097026412120638852e-14,-5.097026412120638852e-14,-5.097026412120637589e-14,3.969610916370516832e-12
-7.128383258956169513e-04,7.915982237120718999e-14,7.915982237120718999e-14,7.915982237120720261e-14,-6.008229984406914942e-12
7.698526002717733831e-04,-8.878182408941155349e-14,-8.878182408941155349e-14,-8.878182408941155349e-14,6.616981440776121482e-12
2.251791138465254836e-03,6.890424784867847398e-14,6.890424784867847398e-14,6.890424784867844874e-14,-5.141030803056808809e-12
3.502406189434308526e-03,-1.677663963286030834e-14,-1.677663963286030834e-14,-1.677663963286031149e-14,1.470706236110750312e-12
4.306486500481374220e-03,-5.846034582035604942e-14,-5.846034582035604942e-14,-5.846034582035606204e-14,3.871611830371837865e-12
4.537868618874528470e-03,1.328383362850638764e-13,1.328383362850638764e-13,1.328383362850639269e-13,-9.471537847128870452e-12
4.184395284375193140e-03,-1.809020405208083959e-13,-1.809020405208083959e-13,-1.809020405208084212e-13,1.364400606137275910e-11
3.323654684953064424e-03,1.788976529118298747e-13,1.788976529118298747e-13,1.788976529118299252e-13,-1.431171937028453572e-11
2.105112789520615247e-03,-1.231528851655987310e-13,-1.231528851655987310e-13,-1.231528851655986805e-13,1.042839375256989658e-11
7.466994215911507441e-04,1.803789387021057244e-14,1.803789387021057244e-14,1.803789387021057244e-14,-1.629689656414299657e-12
-5.112597002548078260e-04,1.147651041882921595e-13,1.147651041882921595e-13,1.147651041882921595e-13,-1.030945395322533646e-11
-1.483663774267343248e-03,-2.493393396435288460e-13,-2.493393396435288460e-13,-2.493393396435287450e-13,2.245075996917297862e-11
-2.075819369450075148e-03,3.487937679961585875e-13,3.487937679961585875e-13,3.487937679961585370e-13,-3.073491629403481725e-11
-2.279617099353884770e-03,-3.641298803789799424e-13,-3.641298803789799424e-13,-3.641298803789798919e-13,3.072176825473808698e-11
-2.162276753044294324e-03,2.653895831081307912e-13,2.653895831081307912e-13,2.653895831081308416e-13,-2.086693220624253284e-11
-1.830047120342215587e-03,-1.203703024893525849e-14,-1.203703024893525849e-14,-1.203703024893526165e-14,-3.143547463709503268e-13
-1.387091260871928244e-03,-3.370379729457651447e-13,-3.370379729457651447e-13,-3.370379729457650942e-13,2.619092795059075214e-11
-9.192387646895484009e-04,7.491722634277161977e-13,7.491722634277161977e-13,7.491722634277163997e-13,-5.340455894402535298e-11
-4.847390567306858315e-04,-1.017682248411305574e-12,-1.017682248411305574e-12,-1.017682248411305574e-12,6.783947063516000327e-11
-1.145363349492050796e-04,1.063739958522354044e-12,1.063739958522354044e-12,1.063739958522354246e-12,-6.665998061136429921e-11
1.720881562423753842e-04,-6.688626054562759043e-13,-6.688626054562759043e-13,-6.688626054562758033e-13,3.938952510236971057e-11
3.595152685428988312e-04,-1.353002512035480002e-13,-1.353002512035480002e-13,-1.353002512035480002e-13,8.016340373003987296e-12
4.405991859248327815e-04,1.236275877622906016e-12,1.236275877622906016e-12,1.236275877622906016e-12,-6.649476044690485286e-11
4.272215322155967156e-04,-2.453753291312160000e-12,-2.453753291312160000e-12,-2.453753291312160000e-12,1.253787001310035244e-10
3.500528738661782061e-04,3.021784871698265430e-12,3.021784871698265430e-12,3.021784871698266238e-12,-1.476569057856880447e-10
2.362834672985696593e-04,-3.135193440465594824e-12,-3.135193440465594824e-12,-3.135193440465595228e-12,1.472409591595747123e-10
9.727985179361040588e-05,1.429723560509263565e-12,1.429723560509263565e-12,1.429723560509263363e-12,-6.382597592923342343e-11
-5.920742723744738291e-05,4.353259188530901512e-13,4.353259188530901512e-13,4.353259188530901008e-13,-2.178791493744974093e-11
-2.201972697699700271e-04,-4.152180924587247692e-12,-4.152180924587247692e-12,-4.152180924587247692e-12,1.838962310479300064e-10
-3.695344600292711085e-04,6.219929875548291966e-12,6.219929875548291966e-12,6.219929875548291966e-12,-2.672177207860486540e-10
-4.876119080847307195e-04,-8.382974510141275453e-12,-8.382974510141275453e-12,-8.382974510141277069e-12,3.492863121338691851e-10
-5.521361218606873943e-04,7.213690299553559459e-12,7.213690299553559459e-12,7.213690299553559459e-12,-2.903355780253558993e-10
-5.535202036951043488e-04,-3.148282500600349977e-12,-3.148282500600349977e-12,-3.148282500600349977e-12,1.170014609335222794e-10
-5.191818332373465943e-04,-1.663989448882112806e-12,-1.663989448882112806e-12,-1.663989448882112806e-12,7.339305851571773323e-11
-5.114337704872676769e-04,1.295999380330747781e-11,1.295999380330747781e-11,1.295999380330748104e-11,-4.988551212386904018e-10
-5.940923423646775727e-04,-1.370944676254079081e-11,-1.370944676254079081e-11,-1.370944676254079081e-11,5.056519906385501179e-10
-8.198060896614574756e-04,2.662654977966195332e-11,2.662654977966195332e-11,2.662654977966194686e-11,-9.489655924322111455e-10
-1.245026032747313747e-03,-9.844626461199919065e-12,-9.844626461199919065e-12,-9.844626461199917449e-12,3.307235626871541318e-10
-1.915586737972973250e-03,1.666528350385061002e-11,1.666528350385061002e-11,1.666528350385061002e-11,-5.504393097737560118e-10
-2.809717225360251931e-03,2.079855965092373697e-11,2.079855965092373697e-11,2.079855965092373374e-11,-7.000528569951760541e-10
-3.796594464096419205e-03,-2.135701593406266822e-11,-2.135701593406266822e-11,-2.135701593406266822e-11,6.983091962311103516e-10
-4.677957877930144330e-03,5.090350016822968364e-11,5.090350016822968364e-11,5.090350016822967718e-11,-1.602603265365526350e-09
-5.287773836723989526e-03,-5.926416484500636492e-11,-5.926416484500636492e-11,-5.926416484500636492e-11,1.824815163860734256e-09
-5.558577811809163605e-03,1.634712442232810368e-11,1.634712442232810368e-11,1.634712442232810368e-11,-4.767543794471940625e-10
-5.525281017246921715e-03,-6.420310510764101089e-11,-6.420310510764101089e-11,-6.420310510764101089e-11,1.895726234112969465e-09
-5.280304921100556492e-03,-1.246735315119664542e-10,-1.246735315119664542e-10,-1.246735315119664542e-10,3.644331027577982292e-09
-4.922893590775781827e-03,-5.655487789818521364e-11,-5.655487789818521364e-11,-5.655487789818520071e-11,1.614917428503255942e-09
-4.570280209399828555e-03,-3.114316611045471250e-10,-3.114316611045471250e-10,-3.114316611045470733e-10,8.737382210038098279e-09
-4.413362986428656307e-03,-1.138937524015648076e-10,-1.138937524015648076e-10,-1.138937524015647689e-10,3.140654358406368194e-09
-4.714819545147935775e-03,-3.617450924234555225e-10,-3.617450924234555225e-10,-3.617450924234555742e-10,9.773581643082105091e-09
-5.687598369637413866e-03,-2.390836335961189659e-10,-2.390836335961189659e-10,-2.390836335961190176e-10,6.354003434166476441e-09
-7.336057570631638290e-03,-5.711334337864933890e-11,-5.711334337864933890e-11,-5.711334337864935829e-11,1.351762545385186535e-09
-9.432153983499478450e-03,-1.500502783635456017e-10,-1.500502783635456017e-10,-1.500502783635456275e-10,3.684916288853861382e-09
-1.165745058674070266e-02,7.533775519222331019e-10,7.533775519222331019e-10,7.533775519222329985e-10,-1.955362518031182813e-08
-1.376790376113637589e-02,7.651813850987972172e-10,7.651813850987972172e-10,7.651813850987972172e-10,-1.990651228217456474e-08
-1.573789099857938675e-02,2.146469600640411305e-09,2.146469600640411305e-09,2.146469600640410477e-09,-5.351057674325219981e-08
-1.796612578992000039e-02,3.053140272461507759e-09,3.053140272461507759e-09,3.053140272461507759e-09,-7.523061656083430892e-08
-2.148168312650924547e-02,4.110670501401774580e-09,4.110670501401774580e-09,4.110670501401774580e-09,-9.795523250865878338e-08
-2.795994169644424113e-02,6.261215427475401060e-09,6.261215427475401060e-09,6.261215427475402715e-09,-1.459040140208022874e-07
-3.943587486352635035e-02,5.998537688597979006e-09,5.998537688597979006e-09,5.998537688597979833e-09,-1.346487660143522868e-07
-5.750451065894408853e-02,7.595287339144999112e-09,7.595287339144999112e-09,7.595287339145002421e-09,-1.643994521788135128e-07
-8.167296297663088900e-02,4.885826829408668033e-09,4.885826829408668033e-09,4.885826829408668861e-09,-9.731883207920517624e-08
-1.075445439443181855e-01,1.102787200820912042e-09,1.102787200820912042e-09,1.102787200820912249e-09,-3.308440932612960994e-09
-1.270654743630980354e-01,-5.906266118853351688e-09,-5.906266118853351688e-09,-5.906266118853352515e-09,1.614944741611672640e-07
-1.318286619283184080e-01,-1.991839758604137458e-08,-1.991839758604137458e-08,-1.991839758604137789e-08,4.983147490333893920e-07
-1.170820692116491257e-01,-3.329065593748378007e-08,-3.329065593748378007e-08,-3.329065593748378668e-08,8.402797253595236234e-07
-8.393317259403076935e-02,-5.523942812466217986e-08,-5.523942812466217986e-08,-5.523942812466216662e-08,1.438920701089197782e-06
-3.953492487588870785e-02,-7.259213639480158966e-08,-7.259213639480158966e-08,-7.259213639480157642e-08,1.999784617487937879e-06
5.249519138404525921e-03,-8.819563812854009674e-08,-8.819563812854009674e-08,-8.819563812854009674e-08,2.624681199091953185e-06
4.093090146998779044e-02,-9.600002419393997934e-08,-9.600002419393997934e-08,-9.600002419393997934e-08,3.152135124330319770e-06
6.322974342752450683e-02,-8.625494447333354758e-08,-8.625494447333354758e-08,-8.625494447333354758e-08,3.145236508400111951e-06
7.251669229859028509e-02,-6.861291743861614323e-08,-6.861291743861614323e-08,-6.861291743861615646e-08,2.707156996161062850e-06
7.158968620681910311e-02,-3.701041964234425563e-08,-3.701041964234425563e-08,-3.701041964234425563e-08,8.495869240965802700e-07
6.427415666740347866e-02,-1.425901499606348087e-08,-1.425901499606348087e-08,-1.425901499606348417e-08,-2.352512671767177051e-06
5.434468852369535308e-02,-1.810678011701294691e-08,-1.810678011701294691e-08,-1.810678011701295022e-08,-7.745225799658499578e-06
4.452022641824212451e-02,-7.624768147563417575e-08,-7.624768147563417575e-08,-7.624768147563417575e-08,-1.573903035891530868e-05
3.605140947050729239e-02,-2.105677809063810313e-07,-2.105677809063810313e-07,-2.105677809063810842e-07,-2.588780812429357904e-05
2.901895362662788511e-02,-4.365631607968756938e-07,-4.365631607968756938e-07,-4.365631607968758526e-07,-3.872430846573859248e-05
2.295426214239448814e-02,-7.192865140893633900e-07,-7.192865140893633900e-07,-7.192865140893633900e-07,-5.162697892792953905e-05
1.735394635180706122e-02,-1.006098547149308734e-06,-1.006098547149308734e-06,-1.006098547149308522e-06,-6.316936932067907819e-05
1.198087186082153789e-02,-1.144470886577601575e-06,-1.144470886577601575e-06,-1.144470886577601787e-06,-6.839702187179597581e-05
7.045651991058505224e-03,-9.007329735994223247e-07,-9.007329735994223247e-07,-9.007329735994225365e-07,-6.085485991653948181e-05
3.100538896972160081e-03,1.014672176852737461e-08,1.014672176852737461e-08,1.014672176852746725e-08,-3.361401074653482018e-05
5.159260881124769433e-04,2.042766083028305776e-06,2.042766083028305776e-06,2.042766083028306199e-06,2.555410360660124389e-05
-7.441130553259422010e-04,5.507014917400170306e-06,5.507014917400170306e-06,5.507014917400170306e-06,1.243277384026713142e-04
-6.955735544859743911e-04,1.077640223343053818e-05,1.077640223343053818e-05,1.077640223343053987e-05,2.742245985817193970e-04
7.594990062426371178e-04,1.782834246434426969e-05,1.782834246434426969e-05,1.782834246434427308e-05,4.781281158905858380e-04
3.500407029006619240e-03,2.617724726051927670e-05,2.617724726051927670e-05,2.617724726051927670e-05,7.295170282226791326e-04
7.075647481568195923e-03,3.477490640055785681e-05,3.477490640055785681e-05,3.477490640055787036e-05,1.009603103392279306e-03
1.082552318414416702e-02,4.131742986461494347e-05,4.131742986461494347e-05,4.131742986461494347e-05,1.266770906538255449e-03
1.409631707452167759e-02,4.282136493019667273e-05,4.282136493019667273e-05,4.282136493019666595e-05,1.428390291233775896e-03
1.641883765492679892e-02,3.469001878170748020e-05,3.469001878170748020e-05,3.469001878170748697e-05,1.370683779684191269e-03
1.760501887511789487e-02,1.159357025627975714e-05,1.159357025627975714e-05,1.159357025627975714e-05,9.342647934041032384e-04
1.775807967959064024e-02,-3.236024281778417843e-05,-3.236024281778417843e-05,-3.236024281778418520e-05,-7.831735343723130729e-05
1.716933377777145331e-02,-1.030864334943083429e-04,-1.030864334943083429e-04,-1.030864334943083429e-04,-1.896082122449601129e-03
1.617115305010870252e-02,-2.038364462692759461e-04,-2.038364462692759461e-04,-2.038364462692760545e-04,-4.712298584059047835e-03
1.512069367943181565e-02,-3.344864091784919202e-04,-3.344864091784919202e-04,-3.344864091784919744e-04,-8.667877681967197170e-03
1.444440771910466235e-02,-4.862520234754315654e-04,-4.862520234754315654e-04,-4.862520234754316197e-04,-1.370729051131034520e-02
1.448631922378743053e-02,-6.391082468833542488e-04,-6.391082468833542488e-04,-6.391082468833541403e-04,-1.948892633476432754e-02
1.535117871153532376e-02,-7.573633129236681440e-04,-7.573633129236681440e-04,-7.573633129236680356e-04,-2.521633778400510575e-02
1.697757939346733469e-02,-7.861315966500255275e-04,-7.861315966500255275e-04,-7.861315966500257444e-04,-2.943241373730258806e-02
1.925978363578475724e-02,-6.543100992695399234e-04,-6.543100992695399234e-04,-6.543100992695400318e-04,-2.992925369758625553e-02
2.209210466123290653e-02,-2.766055778710801148e-04,-2.766055778710801148e-04,-2.766055778710801690e-04,-2.354333041647746136e-02
2.533470645080417374e-02,4.301554901756654559e-04,4.301554901756654559e-04,4.301554901756654559e-04,-6.298997330451665787e-03
2.871589232550063320e-02,1.529906286560585955e-03,1.529906286560585955e-03,1.529906286560586172e-03,2.639614874853656729e-02
3.177203110589325169e-02,3.039897535648911683e-03,3.039897535648911683e-03,3.039897535648911249e-03,7.910313916079507457e-02
3.394274713720468739e-02,4.895608621597350926e-03,4.895608621597350926e-03,4.895608621597350926e-03,1.551321607173378470e-01
3.473806801722133242e-02,6.918653146281384010e-03,6.918653146281384010e-03,6.918653146281382275e-03,2.549423600799829992e-01
3.378883386174290349e-02,8.774286598240570861e-03,8.774286598240570861e-03,8.774286598240570861e-03,3.734215954051225417e-01
3.081150672569215460e-02,9.956783996860944785e-03,9.956783996860944785e-03,9.956783996860943051e-03,4.969543471917791111e-01
2.554439336853342110e-02,9.800560228662900941e-03,9.800560228662900941e-03,9.800560228662899206e-03,5.996225162585324675e-01
1.771404106060770964e-02,7.562698195187157746e-03,7.562698195187157746e-03,7.562698195187156879e-03,6.395993917082736235e-01
7.150647915486139580e-03,2.600909386465856919e-03,2.600909386465856919e-03,2.600909386465857353e-03,5.567044456453792423e-01
-5.920423962740661676e-03,-5.360969839729523047e-03,-5.360969839729523047e-03,-5.360969839729523047e-03,2.716489977733051453e-01
-2.052595542807961540e-02,-1.586999464311672839e-02,-1.586999464311672839e-02,-1.586999464311672839e-02,-3.094171994481780263e-01
-3.470961695606234604e-02,-2.740689273891203093e-02,-2.740689273891203093e-02,-2.740689273891203440e-02,-1.284582210157829696e+00
-4.547448691280184946e-02,-3.720871826514881436e-02,-3.720871826514881436e-02,-3.720871826514881436e-02,-2.735406842813815409e+00
-4.910635575341699283e-02,-4.151617039483916638e-02,-4.151617039483916638e-02,-4.151617039483917332e-02,-4.693602116015876291e+00
-4.211446817662063691e-02,-3.647602006782396655e-02,-3.647602006782396655e-02,-3.647602006782396655e-02,-7.093919052970144357e+00
-2.281596789678303622e-02,-1.971202025553929829e-02,-1.971202025553929829e-02,-1.971202025553929135e-02,-9.710396902935233499e+00
6.787167106344122076e-03,7.700681240920452877e-03,7.700681240920452877e-03,7.700681240920453745e-03,-1.208247102272139273e+01
3.961005405910966726e-02,3.951704377298183996e-02,3.951704377298183996e-02,3.951704377298183996e-02,-1.343725770346582671e+01
6.332847733337403084e-02,6.368552104331660912e-02,6.368552104331660912e-02,6.368552104331660912e-02,-1.262440826420653828e+01
6.197760884845263107e-02,6.364500369505539379e-02,6.364500369505539379e-02,6.364500369505537991e-02,-8.088978536160682964e+00
1.956709892114523452e-02,2.216849761146770514e-02,2.216849761146770514e-02,2.216849761146771208e-02,2.072114351261057141e+00
-7.426777855950758567e-02,-7.233765272606650087e-02,-7.233765272606650087e-02,-7.233765272606647312e-02,1.991864922781077496e+01
-2.174119421014818754e-01,-2.182765467806387083e-01,-2.182765467806387083e-01,-2.182765467806386805e-01,4.729167315857042553e+01
-3.894619430089217849e-01,-3.944542030744876970e-01,-3.944542030744876970e-01,-3.944542030744876970e-01,8.519573470119885883e+01
-5.507979671023104373e-01,-5.588958915366755154e-01,-5.588958915366755154e-01,-5.588958915366756264e-01,1.328888573401753490e+02
-6.521881383812893063e-01,-6.593892430793362180e-01,-6.593892430793362180e-01,-6.593892430793362180e-01,1.869659090529525258e+02
-6.593514011409495890e-01,-6.609735872012559854e-01,-6.609735872012559854e-01,-6.609735872012558744e-01,2.418126697673081935e+02
-5.772006695673194132e-01,-5.723235603126309856e-01,-5.723235603126309856e-01,-5.723235603126308746e-01,2.922258845975411532e+02
-4.417909257652308241e-01,-4.340828885060085685e-01,-4.340828885060085685e-01,-4.340828885060085685e-01,3.358147327512511424e+02
-2.860886230289169108e-01,-2.792994329460234959e-01,-2.792994329460234959e-01,-2.792994329460236624e-01,3.729019502986938051e+02
-1.244738386377865352e-01,-1.195469179298930540e-01,-1.195469179298930540e-01,-1.195469179298930540e-01,4.052029098145649755e+02
3.211733269187291850e-02,3.504167286419657135e-02,3.504167286419657135e-02,3.504167286419658522e-02,4.348588304142487573e+02
1.622570700811868938e-01,1.616789542049790196e-01,1.616789542049790196e-01,1.616789542049789641e-01,4.637621129913284221e+02
2.418390102043009304e-01,2.357243402777963737e-01,2.357243402777963737e-01,2.357243402777964569e-01,4.931986818554021283e+02
2.603062475489787420e-01,2.481440957402339942e-01,2.481440957402339942e-01,2.481440957402339664e-01,5.238955438697255431e+02
2.268799941639032258e-01,2.105111829068599949e-01,2.105111829068599949e-01,2.105111829068599949e-01,5.561186497315823090e+02
1.645265172607537907e-01,1.471630892630878817e-01,1.471630892630878817e-01,1.471630892630879650e-01,5.896133505684424563e+02
9.878262600532766724e-02,8.343816358039611580e-02,8.343816358039611580e-02,8.343816358039607417e-02,6.235732989421677530e+02
4.878748996276768141e-02,3.746919896768859809e-02,3.746919896768859809e-02,3.746919896768851482e-02,6.568069355538907530e+02
2.442212780130294941e-02,1.795766189774064894e-02,1.795766189774064894e-02,1.795766189774074262e-02,6.879769238482082301e+02
2.832849638659046265e-02,2.622155139075576374e-02,2.622155139075576374e-02,2.622155139075568395e-02,7.157755329527196864e+02
5.839174520203888052e-02,5.901286615257970297e-02,5.901286615257970297e-02,5.901286615257985563e-02,7.390833202337805687e+02
1.081228027151009546e-01,1.095469621555793666e-01,1.095469621555793666e-01,1.095469621555793527e-01,7.571435333981270333e+02
1.668505283201768552e-01,1.677323040503920781e-01,1.677323040503920781e-01,1.677323040503921892e-01,7.696515732479138023e+02
2.219831575974275939e-01,2.218481375102757391e-01,2.218481375102757391e-01,2.218481375102757114e-01,7.766967778958704685e+02
2.624260104919878822e-01,2.614932000245197008e-01,2.614932000245197008e-01,2.614932000245197008e-01,7.786363657224941335e+02
2.812377800301279485e-01,2.801177066668331106e-01,2.801177066668331106e-01,2.801177066668329996e-01,7.759784526860953520e+02
2.764820574222887073e-01,2.758775520490888145e-01,2.758775520490888145e-01,2.758775520490889255e-01,7.692897438048731829e+02
2.505095834490731477e-01,2.509534554576188792e-01,2.509534554576188792e-01,2.509534554576188792e-01,7.591441973729222354e+02
2.087476708368672662e-01,2.104432148713962780e-01,2.104432148713962780e-01,2.104432148713963335e-01,7.461177950685889755e+02
1.583505106752398917e-01,1.611431525527962094e-01,1.611431525527962094e-01,1.611431525527963204e-01,7.308025022284891747e+02
1.067517567048413274e-01,1.101880609583220788e-01,1.101880609583220788e-01,1.101880609583220788e-01,7.138121021838665001e+02
6.070370104350753665e-02,6.414431200147413525e-02,6.414431200147413525e-02,6.414431200147410750e-02,6.957792110682996736e+02
2.564867477145805694e-02,2.842584592443130401e-02,2.842584592443130401e-02,2.842584592443131442e-02,6.773380085892036959e+02
4.629635557662393694e-03,6.204541602585424316e-03,6.204541602585424316e-03,6.204541602585396561e-03,6.590853632926559840e+02
-2.763753876477261298e-03,-2.696020547127575811e-03,-2.696020547127575811e-03,-2.696020547127575811e-03,6.415521863021177751e+02
-2.648296177546341306e-04,-1.727672902219676765e-03,-1.727672902219676765e-03,-1.727672902219713194e-03,6.252033969534368225e+02
6.434722346878750908e-03,3.700535666204411538e-03,3.700535666204411538e-03,3.700535666204407634e-03,6.104344000571709330e+02
1.175563357427910488e-02,8.223798471307396801e-03,8.223798471307396801e-03,8.223798471307419353e-03,5.975456577832533185e+02
1.214218792267691277e-02,8.357352444732063859e-03,8.357352444732063859e-03,8.357352444732060390e-03,5.867246264534556985e+02
6.514933867266377299e-03,2.935119807556234046e-03,2.935119807556234046e-03,2.935119807556273511e-03,5.780603892660036536e+02
-4.703242244600094359e-03,-7.804506483939645418e-03,-7.804506483939645418e-03,-7.804506483939641082e-03,5.715650858218485837e+02
-2.068865561198255515e-02,-2.321776140034110050e-02,-2.321776140034110050e-02,-2.321776140034109703e-02,5.671785856167402926e+02
-4.091803680426760875e-02,-4.287433663841868497e-02,-4.287433663841868497e-02,-4.287433663841867110e-02,5.647752687610108069e+02
-6.556027755662792444e-02,-6.695361201912729265e-02,-6.695361201912729265e-02,-6.695361201912729265e-02,5.641836724025416743e+02
-9.536864043056159090e-02,-9.619600690710644608e-02,-9.619600690710644608e-02,-9.619600690710644608e-02,5.652092124117230014e+02
-1.310490384045239209e-01,-1.313055237169398204e-01,-1.313055237169398204e-01,-1.313055237169398204e-01,5.676513435215388199e+02
-1.726217179297790949e-01,-1.723164015024683526e-01,-1.723164015024683526e-01,-1.723164015024683804e-01,5.713162803740477784e+02
-2.193746436557605095e-01,-2.185615381525218559e-01,-2.185615381525218559e-01,-2.185615381525219114e-01,5.760275800821113990e+02
-2.703002207592949402e-01,-2.691233213097304899e-01,-2.691233213097304899e-01,-2.691233213097305454e-01,5.816262958471745605e+02
-3.240886206134816483e-01,-3.227959575227135058e-01,-3.227959575227135058e-01,-3.227959575227135058e-01,5.879690430194631290e+02
-3.783874620844063230e-01,-3.772858337342830382e-01,-3.772858337342830382e-01,-3.772858337342829826e-01,5.949370354011980453e+02
-4.296278457938175199e-01,-4.290136294111417947e-01,-4.290136294111417947e-01,-4.290136294111419057e-01,6.024442746314166470e+02
-4.743512131527329867e-01,-4.744531441647562020e-01,-4.744531441647562020e-01,-4.744531441647562020e-01,6.104345207488463529e+02
-5.108653154610410807e-01,-5.118008405422915796e-01,-5.118008405422915796e-01,-5.118008405422914686e-01,6.188710002623236051e+02
-5.397087874569650445e-01,-5.414654574014944322e-01,-5.414654574014944322e-01,-5.414654574014942101e-01,6.277318965261961239e+02
-5.629989971371865964e-01,-5.654528388781974169e-01,-5.654528388781974169e-01,-5.654528388781974169e-01,6.370169459605314159e+02
-5.834540391775923096e-01,-5.864042284146493422e-01,-5.864042284146493422e-01,-5.864042284146492312e-01,6.467550091281023015e+02
-6.033357824465991337e-01,-6.065423309012657471e-01,-6.065423309012657471e-01,-6.065423309012657471e-01,6.570099290359555653e+02
-6.235323118891014094e-01,-6.267688494845224945e-01,-6.267688494845224945e-01,-6.267688494845226055e-01,6.678757928003133202e+02
-6.435111963551765069e-01,-6.466134401584719971e-01,-6.466134401584719971e-01,-6.466134401584719971e-01,6.794494379395010810e+02
-6.621574170417612315e-01,-6.650184377207227771e-01,-6.650184377207227771e-01,-6.650184377207228881e-01,6.918019364647269640e+02
-6.782242120815618058e-01,-6.807435534731592908e-01,-6.807435534731592908e-01,-6.807435534731591797e-01,7.049659056047270269e+02
-6.898988664228150602e-01,-6.919564466704561934e-01,-6.919564466704561934e-01,-6.919564466704561934e-01,7.189191015250557939e+02
-6.945166733148402383e-01,-6.960062799340218653e-01,-6.960062799340218653e-01,-6.960062799340219764e-01,7.335633084402282975e+02
-6.890556883182795689e-01,-6.899224331865938531e-01,-6.899224331865938531e-01,-6.899224331865938531e-01,7.487197807169950465e+02
-6.710107423429112483e-01,-6.712366959023888802e-01,-6.712366959023888802e-01,-6.712366959023888802e-01,7.641387364943926741e+02
-6.390510734050127706e-01,-6.386246240065130975e-01,-6.386246240065130975e-01,-6.386246240065129864e-01,7.795078965309830892e+02
-5.932620972418904959e-01,-5.921825881286467697e-01,-5.921825881286467697e-01,-5.921825881286467697e-01,7.944577026260881212e+02
-5.351768073843328200e-01,-5.334744733267207106e-01,-5.334744733267207106e-01,-5.334744733267207106e-01,8.085799739159408546e+02
-4.672740448280717218e-01,-4.649997712576952047e-01,-4.649997712576952047e-01,-4.649997712576952047e-01,8.214701153054123779e+02
-3.916089911483904284e-01,-3.887953978892919049e-01,-3.887953978892919049e-01,-3.887953978892919049e-01,8.327641502703985452e+02
-3.084545508142673698e-01,-3.050885871876690136e-01,-3.050885871876690136e-01,-3.050885871876690691e-01,8.421449582856147345e+02
-2.154791713259738561e-01,-2.115084097857109768e-01,-2.115084097857109768e-01,-2.115084097857109213e-01,8.493325419554047357e+02
-1.071428978346978533e-01,-1.025098898070327669e-01,-1.025098898070327669e-01,-1.025098898070328085e-01,8.540802017616655348e+02
2.438840781911768771e-02,2.970083184400091128e-02,2.970083184400091128e-02,2.970083184400086618e-02,8.561760264796813544e+02
1.848539895041672321e-01,1.908148001713581288e-01,1.908148001713581288e-01,1.908148001713583786e-01,8.554430147186915292e+02
3.729392309843646003e-01,3.795235701824585250e-01,3.795235701824585250e-01,3.795235701824585250e-01,8.517408897003516586e+02
5.808641156747796908e-01,5.880909868937848062e-01,5.880909868937848062e-01,5.880909868937846952e-01,8.449642097533244396e+02
7.995727524353877236e-01,8.074649813715057967e-01,8.074649813715057967e-01,8.074649813715057967e-01,8.350267201147988771e+02
1.021824369779997577e+00,1.030351422200014522e+00,1.030351422200014522e+00,1.030351422200014522e+00,8.218289325160716317e+02
1.241795038631247072e+00,1.250867192296836627e+00,1.250867192296836627e+00,1.250867192296836183e+00,8.052163458969146177e+02
1.454296033788128328e+00,1.463801738646544059e+00,1.463801738646544059e+00,1.463801738646543837e+00,7.849519933509016028e+02
1.654468881620494880e+00,1.664297349241323332e+00,1.664297349241323332e+00,1.664297349241322888e+00,7.607039098425098018e+02
1.837355981848085573e+00,1.847346285212658978e+00,1.847346285212658978e+00,1.847346285212659200e+00,7.320350528343600445e+02
1.997864910856505638e+00,2.007708265763464617e+00,2.007708265763464617e+00,2.007708265763464617e+00,6.984293071810216134e+02
2.131448256696918175e+00,2.140707685162877461e+00,2.140707685162877461e+00,2.140707685162877016e+00,6.593913676286364307e+02
2.234803065051790938e+00,2.243186647285486224e+00,2.243186647285486224e+00,2.243186647285486668e+00,6.145933334574961009e+02
2.305877791788288000e+00,2.313692508970888184e+00,2.313692508970888184e+00,2.313692508970887740e+00,5.640037570479295255e+02
2.343055680784198014e+00,2.351768786890579666e+00,2.351768786890579666e+00,2.351768786890579221e+00,5.079803431801676084e+02
2.343298979227390166e+00,2.356295827737192816e+00,2.356295827737192816e+00,2.356295827737192816e+00,4.473552480864664744e+02
2.298097032182739419e+00,2.321350736378335000e+00,2.321350736378335000e+00,2.321350736378334556e+00,3.835101428499855842e+02
2.191924925007470826e+00,2.233596100223820269e+00,2.233596100223820269e+00,2.233596100223819825e+00,3.183875019277389242e+02
2.010865235998478440e+00,2.078855767212446803e+00,2.078855767212446803e+00,2.078855767212446359e+00,2.543914573081156902e+02
1.754903586402989379e+00,1.852345114061490827e+00,1.852345114061490827e+00,1.852345114061490827e+00,1.941710753440495978e+02
1.441027495785220269e+00,1.561730824068938039e+00,1.561730824068938039e+00,1.561730824068938039e+00,1.402657311558616300e+02
1.096722616317608034e+00,1.224389560970740698e+00,1.224389560970740698e+00,1.224389560970740920e+00,9.462276745320069438e+01
7.518162629020456178e-01,8.649377893045062660e-01,8.649377893045062660e-01,8.649377893045060439e-01,5.819546030315108709e+01
4.337539980623568714e-01,5.136648243996412289e-01,5.136648243996412289e-01,5.136648243996412289e-01,3.088941842159754003e+01
1.668274986522755576e-01,2.043605150474356869e-01,2.043605150474356869e-01,2.043605150474356869e-01,1.183701928593764841e+01
-2.922728696093222431e-02,-3.177029242278631149e-02,-3.177029242278631149e-02,-3.177029242278631843e-02,-2.688274438433819746e-01
-1.454982964078436192e-01,-1.776050825167814484e-01,-1.776050825167814484e-01,-1.776050825167814484e-01,-6.939789623748274572e+00
-1.888822598195075142e-01,-2.375148899372058198e-01,-2.375148899372058198e-01,-2.375148899372058198e-01,-9.704860213394143287e+00
-1.788710006031959399e-01,-2.328637673885003423e-01,-2.328637673885003423e-01,-2.328637673885002868e-01,-9.934290626608042629e+00
-1.391794649452178789e-01,-1.910839575320690820e-01,-1.910839575320690820e-01,-1.910839575320691097e-01,-8.728260690137442879e+00
-9.033473898577396022e-02,-1.363673132651059272e-01,-1.363673132651059272e-01,-1.363673132651059272e-01,-6.889085952110901800e+00
-4.606089522128287844e-02,-8.504006404413803899e-02,-8.504006404413803899e-02,-8.504006404413803899e-02,-4.946308707430899787e+00
-1.311666242810998091e-02,-4.519109603977813222e-02,-4.519109603977813222e-02,-4.519109603977813222e-02,-3.207153753196388735e+00
7.068089191464592067e-03,-1.869690866083982203e-02,-1.869690866083982203e-02,-1.869690866083982203e-02,-1.814252968790384557e+00
1.631410532799687507e-02,-3.830703774215521527e-03,-3.830703774215521527e-03,-3.830703774215522394e-03,-7.999663628169053631e-01
1.786656795361302869e-02,2.591947414285137707e-03,2.591947414285137707e-03,2.591947414285138140e-03,-1.313661249793034724e-01
1.508976660291487353e-02,3.830354459127953328e-03,3.830354459127953328e-03,3.830354459127953328e-03,2.561952183516917891e-01
1.071855593457398531e-02,2.516736736675393316e-03,2.516736736675393316e-03,2.516736736675393316e-03,4.362110703167412229e-01
6.597963704423223837e-03,4.407851009292895728e-04,4.407851009292895728e-04,4.407851009292926086e-04,4.772352539778357827e-01
3.768412501071827323e-03,-1.379184530662089020e-03,-1.379184530662089020e-03,-1.379184530662086634e-03,4.358445325974987239e-01
2.664520017729253912e-03,-2.507635258964555341e-03,-2.507635258964555341e-03,-2.507635258964555341e-03,3.544147671961320745e-01
3.285247577748432683e-03,-2.887443013920232109e-03,-2.887443013920232109e-03,-2.887443013920232542e-03,2.617717142649035877e-01
5.324484803793526518e-03,-2.666520435840935305e-03,-2.666520435840935305e-03,-2.666520435840935305e-03,1.753589881853820642e-01
8.261457055330153482e-03,-2.070470135928030586e-03,-2.070470135928030586e-03,-2.070470135928031887e-03,1.040038779825963183e-01
1.148578896100799739e-02,-1.319254579782304371e-03,-1.319254579782304371e-03,-1.319254579782304154e-03,5.055720384818875035e-02
1.453173525947092613e-02,-5.853193026869953118e-04,-5.853193026869953118e-04,-5.853193026869954203e-04,1.419781878955967379e-02
1.721008393294863950e-02,2.123131240566567506e-05,2.123131240566567506e-05,2.123131240566561407e-05,-7.824440772581708892e-03
1.941956699856310642e-02,4.490563032873581503e-04,4.490563032873581503e-04,4.490563032873581503e-04,-1.895945537413287404e-02
2.094809372378571982e-02,6.925817784436126860e-04,6.925817784436126860e-04,6.925817784436130112e-04,-2.257255998019745691e-02
2.156162357775629618e-02,7.771188959026224157e-04,7.771188959026224157e-04,7.771188959026227409e-04,-2.154157259237955008e-02
2.117992823558833421e-02,7.428375170777047534e-04,7.428375170777047534e-04,7.428375170777048618e-04,-1.807778213509528623e-02
1.998102684499270323e-02,6.331736266393121672e-04,6.331736266393121672e-04,6.331736266393122757e-04,-1.373377213727662929e-02
1.842935018078665360e-02,4.867788007668049093e-04,4.867788007668049093e-04,4.867788007668049093e-04,-9.486538563191371232e-03
1.712964091556579138e-02,3.339126061710419205e-04,3.339126061710419205e-04,3.339126061710420289e-04,-5.862066843277780048e-03
1.655863202968906045e-02,1.958014094020299955e-04,1.958014094020299955e-04,1.958014094020299955e-04,-3.070242598317643196e-03
1.692073522188933254e-02,8.449177222336183579e-05,8.449177222336183579e-05,8.449177222336183579e-05,-1.112805123369647745e-03
1.816956591672558297e-02,4.626695360142449132e-06,4.626695360142449132e-06,4.626695360142449979e-06,1.193795355257580939e-04
2.009109162316145836e-02,-4.506160894878340098e-05,-4.506160894878340098e-05,-4.506160894878340775e-05,7.850522347868855218e-04
2.243059599193867118e-02,-6.945689122057340805e-05,-6.945689122057340805e-05,-6.945689122057338094e-05,1.048151959054177641e-03
2.497949248096656416e-02,-7.501713235082163068e-05,-7.501713235082163068e-05,-7.501713235082163068e-05,1.052645113445068283e-03
2.747166937452559174e-02,-6.845441998896449674e-05,-6.845441998896449674e-05,-6.845441998896448319e-05,9.140805614428311942e-04
2.941699150386769060e-02,-5.545001445684284025e-05,-5.545001445684284025e-05,-5.545001445684285380e-05,7.144508461193847804e-04
3.017773210005408879e-02,-4.046839644277269303e-05,-4.046839644277269303e-05,-4.046839644277269303e-05,5.081516381397601983e-04
2.925416744288901125e-02,-2.644127600659336013e-05,-2.644127600659336013e-05,-2.644127600659336013e-05,3.258024066962091352e-04
2.652395828177832662e-02,-1.496719079757651688e-05,-1.496719079757651688e-05,-1.496719079757651688e-05,1.810506156818576654e-04
2.231263540139636833e-02,-6.633927553946580941e-06,-6.633927553946580941e-06,-6.633927553946582635e-06,7.679830354487062762e-05
1.724905999478694441e-02,-1.244938780925023927e-06,-1.244938780925023927e-06,-1.244938780925023927e-06,8.670165348843566564e-06
1.199958526591913925e-02,1.708625853486423188e-06,1.708625853486423188e-06,1.708625853486423611e-06,-3.009643699191354917e-05
7.061988034658592782e-03,2.919242737598388817e-06,2.919242737598388817e-06,2.919242737598389664e-06,-4.753637587574112259e-05
2.718308645262619821e-03,3.020911971293456754e-06,3.020911971293456754e-06,3.020911971293455907e-06,-5.082160375193525345e-05
-8.805314741511783248e-04,2.529572724258616570e-06,2.529572724258616570e-06,2.529572724258616993e-06,-4.575951183838619570e-05
-3.606245724029874793e-03,1.832828474710739845e-06,1.832828474710739845e-06,1.832828474710739421e-06,-3.688146138917418261e-05
-5.291621855299277408e-03,1.154194043014459900e-06,1.154194043014459900e-06,1.154194043014459900e-06,-2.695730876030966405e-05
-5.807537611473296245e-03,6.235614253246249411e-07,6.235614253246249411e-07,6.235614253246247293e-07,-1.788428632328917161e-05
-5.275225352075329534e-03,2.717647166219193839e-07,2.717647166219193839e-07,2.717647166219194368e-07,-1.045159489928917815e-05
-4.177616934653387987e-03,8.247453489023102474e-08,8.247453489023102474e-08,8.247453489023099827e-08,-4.923820906416250207e-06
-3.206766094246762955e-03,1.250931449772795063e-08,1.250931449772795063e-08,1.250931449772794732e-08,-1.230844397660187582e-06
-2.920910008196640067e-03,1.120047064457114715e-08,1.120047064457114715e-08,1.120047064457114715e-08,1.008447148189824621e-06
-3.381021998032876941e-03,3.733882793410324459e-08,3.733882793410324459e-08,3.733882793410324459e-08,2.086005133358158462e-06
-3.999950723839267551e-03,6.343628754251913197e-08,6.343628754251913197e-08,6.343628754251911874e-08,2.417522921627978970e-06
-3.733868445104741689e-03,7.619727484105489838e-08,7.619727484105489838e-08,7.619727484105489838e-08,2.272906587712791509e-06
-1.602941134233984476e-03,7.341441952919572802e-08,7.341441952919572802e-08,7.341441952919574126e-08,1.880950605004174962e-06
2.467701596524680876e-03,6.034558410447304662e-08,6.034558410447304662e-08,6.034558410447304662e-08,1.424201954883504441e-06
6.762240363625882100e-03,4.194511565810845850e-08,4.194511565810845850e-08,4.194511565810846512e-08,9.663036726747370718e-07
7.944321801120486637e-03,2.514065144397400793e-08,2.514065144397400793e-08,2.514065144397400793e-08,5.944443345015437389e-07
3.815606616317003107e-03,1.197193489391191796e-08,1.197193489391191796e-08,1.197193489391191962e-08,3.026397484306470629e-07
-3.248498503648556291e-03,3.631226031361373829e-09,3.631226031361373829e-09,3.631226031361373002e-09,1.013318549647518361e-07
-8.254062791030714399e-03,-7.807170044944220038e-10,-7.807170044944220038e-10,-7.807170044944219004e-10,-2.005650102926658507e-08
-9.635238839081438841e-03,-3.102074935046469334e-09,-3.102074935046469334e-09,-3.102074935046469334e-09,-9.052961985960730851e-08
-9.759146646443658812e-03,-3.863675507427734333e-09,-3.863675507427734333e-09,-3.863675507427734333e-09,-1.110944989964033780e-07
-1.001041162452433880e-02,-4.080282573669012928e-09,-4.080282573669012928e-09,-4.080282573669014583e-09,-1.123932618454283622e-07
-8.979482570448824030e-03,-3.626102651168718666e-09,-3.626102651168718666e-09,-3.626102651168717839e-09,-9.555218776219611014e-08
-5.007021834595714108e-03,-2.844866041611069962e-09,-2.844866041611069962e-09,-2.844866041611069962e-09,-7.342569714397073057e-08
1.497292391146327461e-03,-2.039757917074439846e-09,-2.039757917074439846e-09,-2.039757917074439019e-09,-5.319158762660887003e-08
8.203388360786455225e-03,-1.182864955615153992e-09,-1.182864955615153992e-09,-1.182864955615153992e-09,-3.204195514259971608e-08
1.269501854123514066e-02,-6.541988955108792724e-10,-6.541988955108792724e-10,-6.541988955108792724e-10,-1.883900621817919595e-08
1.402102297651956590e-02,-2.223039882136835246e-10,-2.223039882136835246e-10,-2.223039882136834987e-10,-6.930940606187380712e-09
1.263981232037583204e-02,-6.714947188621556916e-12,-6.714947188621556916e-12,-6.714947188621556916e-12,-3.452134061871643003e-10
9.624095149932608909e-03,9.508598929443661547e-11,9.508598929443661547e-11,9.508598929443661547e-11,3.243185593926415691e-09
6.267961670901669134e-03,1.580439406031059706e-10,1.580439406031059706e-10,1.580439406031060223e-10,5.793078616227774412e-09
3.730528593319193138e-03,1.343696038699497606e-10,1.343696038699497606e-10,1.343696038699497606e-10,5.197202565380827288e-09
2.509906184394297256e-03,1.378839804959171272e-10,1.378839804959171272e-10,1.378839804959171013e-10,5.514074288566032413e-09
2.356187125162356646e-03,1.019456964758789235e-10,1.019456964758789235e-10,1.019456964758789235e-10,4.185795944166818802e-09
2.681251871549768066e-03,7.986756617995550268e-11,7.986756617995550268e-11,7.986756617995550268e-11,3.348815087339466067e-09
2.957706584578993336e-03,6.108809646405084910e-11,6.108809646405084910e-11,6.108809646405083618e-11,2.628321150314906659e-09
2.862399164402593815e-03,3.104556323382991947e-11,3.104556323382991947e-11,3.104556323382991947e-11,1.389188043737034496e-09
2.259003146460809072e-03,2.039100558958872258e-11,2.039100558958872258e-11,2.039100558958872258e-11,9.532726539625944290e-10
1.170316664599486359e-03,-7.517956577219193962e-12,-7.517956577219193962e-12,-7.517956577219192347e-12,-3.591998972739143423e-10
-2.257083450535769939e-04,-2.747249815985738137e-11,-2.747249815985738137e-11,-2.747249815985738783e-11,-1.376573936384080773e-09
-1.642923091973613314e-03,-5.738773735301592240e-11,-5.738773735301592240e-11,-5.738773735301592240e-11,-2.980501380128279315e-09
-2.790207467156079289e-03,-9.504259586264017256e-11,-9.504259586264017256e-11,-9.504259586264018549e-11,-5.095195291679535486e-09
-3.461747687840208663e-03,-1.335609862572121371e-10,-1.335609862572121371e-10,-1.335609862572121371e-10,-7.320842174918940842e-09
-3.576145226144464024e-03,-1.793436302627746137e-10,-1.793436302627746137e-10,-1.793436302627746137e-10,-1.010928003890787906e-08
-3.175071552489788524e-03,-2.134078000801291276e-10,-2.134078000801291276e-10,-2.134078000801291535e-10,-1.229880657095950622e-08
-2.391132700628303877e-03,-2.326705420740287347e-10,-2.326705420740287347e-10,-2.326705420740287347e-10,-1.368142901776986250e-08
-1.395220898133065933e-03,-2.151314511011664914e-10,-2.151314511011664914e-10,-2.151314511011664914e-10,-1.279189738200241108e-08
-3.537708580032001139e-04,-1.361237457983613050e-10,-1.361237457983613050e-10,-1.361237457983612791e-10,-8.088586689739649475e-09
5.877912524587775673e-04,3.647262572438958657e-11,3.647262572438958657e-11,3.647262572438958657e-11,2.158643672155513473e-09
1.315609844157753167e-03,3.509827086606770121e-10,3.509827086606770121e-10,3.509827086606769087e-10,2.035876302511847527e-08
1.754127743834466317e-03,8.433846946700403056e-10,8.433846946700403056e-10,8.433846946700403056e-10,4.808690558970499157e-08
1.947960370668073374e-03,1.535660694782680570e-09,1.535660694782680570e-09,1.535660694782680156e-09,8.666603506458755712e-08
1.869873650651701115e-03,2.399816614142853123e-09,2.399816614142853123e-09,2.399816614142853123e-09,1.353083468908798402e-07
1.782708690657541393e-03,3.379539814095214334e-09,3.379539814095214334e-09,3.379539814095213507e-09,1.903536837410618728e-07
