# InvDyn,Takahashi,Zelik,Frigo,GRF
3.750491582049609446e-02,1.238894157306913782e-02,1.238894157306913782e-02,1.238894157306914129e-02,3.845817404371725812e-01
3.971145173804303125e-02,1.289528230077207314e-02,1.289528230077207314e-02,1.289528230077207661e-02,4.185923575776954175e-01
3.884002244206526122e-02,1.346188338763368124e-02,1.346188338763368124e-02,1.346188338763368124e-02,4.645840516841779899e-01
3.660718905945347518e-02,1.352385451637377542e-02,1.352385451637377542e-02,1.352385451637377715e-02,5.061933556388751310e-01
3.287685525094324879e-02,1.226877406245401037e-02,1.226877406245401037e-02,1.226877406245401210e-02,5.120339290399330556e-01
2.637529729463234524e-02,8.831471376260559628e-03,8.831471376260559628e-03,8.831471376260557893e-03,4.347759009962129939e-01
1.589110202041927808e-02,2.562535735656636202e-03,2.562535735656636202e-03,2.562535735656637070e-03,2.117435288752109457e-01
1.383794496527193099e-03,-6.643310370601938387e-03,-6.643310370601938387e-03,-6.643310370601937520e-03,-2.314758996452598860e-01
-1.542581118687497144e-02,-1.802129706679285112e-02,-1.802129706679285112e-02,-1.802129706679284765e-02,-9.727043411663794936e-01
-3.131369701598873262e-02,-2.970560561911539388e-02,-2.970560561911539388e-02,-2.970560561911539388e-02,-2.077257449378315801e+00
-4.254919328366928849e-02,-3.873604771963309185e-02,-3.873604771963309185e-02,-3.873604771963310572e-02,-3.572899077508558729e+00
-4.591599422365767735e-02,-4.143472310150168175e-02,-4.143472310150168175e-02,-4.143472310150168869e-02,-5.413332365952428837e+00
-3.925661166914631850e-02,-3.434331307669084843e-02,-3.434331307669084843e-02,-3.434331307669084843e-02,-7.430050522144663105e+00
-2.202059811995218941e-02,-1.591953248550618399e-02,-1.591953248550618399e-02,-1.591953248550618052e-02,-9.275291958846469953e+00
3.127375741772615500e-03,1.101219641179445805e-02,1.101219641179445805e-02,1.101219641179444764e-02,-1.036200521710517641e+01
2.756130742949648715e-02,3.661252299144906325e-02,3.661252299144906325e-02,3.661252299144906325e-02,-9.812711716306923293e+00
3.471013830567728359e-02,4.270205607956473887e-02,4.270205607956473887e-02,4.270205607956473193e-02,-6.438124660005462019e+00
1.844485513511438758e-03,5.216244640209457585e-03,5.216244640209457585e-03,5.216244640209457585e-03,1.221517773485227609e+00
-9.218350866229745033e-02,-9.735859762078491464e-02,-9.735859762078491464e-02,-9.735859762078490076e-02,1.475558850407449185e+01
-2.537931587378747245e-01,-2.700053494733541948e-01,-2.700053494733541948e-01,-2.700053494733540838e-01,3.560031656130919231e+01
-4.610994986569368348e-01,-4.871295791785479334e-01,-4.871295791785479334e-01,-4.871295791785480445e-01,6.456740787314612362e+01
-6.598909246802175943e-01,-6.895832691091446920e-01,-6.895832691091446920e-01,-6.895832691091446920e-01,1.011635382975851911e+02
-7.803946518076503303e-01,-8.049724497896053599e-01,-8.049724497896053599e-01,-8.049724497896053599e-01,1.430383829464318239e+02
-7.719929580368335431e-01,-7.860569819563838490e-01,-7.860569819563838490e-01,-7.860569819563840710e-01,1.863848119807778403e+02
-6.301352295068582965e-01,-6.356936591562701855e-01,-6.356936591562701855e-01,-6.356936591562701855e-01,2.273811771542137592e+02
-3.949473705357383069e-01,-3.986324203666769539e-01,-3.986324203666769539e-01,-3.986324203666769539e-01,2.634734831115774796e+02
-1.281176958711407188e-01,-1.353557025597429408e-01,-1.353557025597429408e-01,-1.353557025597429686e-01,2.937821815655805722e+02
1.131396345197972220e-01,1.011248622637467426e-01,1.011248622637467426e-01,1.011248622637467981e-01,3.190685633103901182e+02
2.915918488099328298e-01,2.770326596983783141e-01,2.770326596983783141e-01,2.770326596983783141e-01,3.414948131773410864e+02
3.925011626301389001e-01,3.785198763141014444e-01,3.785198763141014444e-01,3.785198763141013334e-01,3.640077452768911144e+02
4.177060317638731091e-01,4.062860435112697344e-01,4.062860435112697344e-01,4.062860435112697344e-01,3.894654833962191560e+02
3.779073344405928792e-01,3.695841796249378919e-01,3.695841796249378919e-01,3.695841796249376698e-01,4.198991369942701226e+02
2.875442213857142271e-01,2.820426145238170146e-01,2.820426145238170146e-01,2.820426145238170146e-01,4.561896443988983947e+02
1.623858730626046298e-01,1.591526274742412206e-01,1.591526274742412206e-01,1.591526274742413594e-01,4.980890547710934584e+02
1.876940343982659576e-02,1.719594983159256074e-02,1.719594983159256074e-02,1.719594983159252952e-02,5.443624792937119992e+02
-1.266452981793059485e-01,-1.271229004861597622e-01,-1.271229004861597622e-01,-1.271229004861595679e-01,5.930050517004274298e+02
-2.581199217621987230e-01,-2.579436526608195335e-01,-2.579436526608195335e-01,-2.579436526608196445e-01,6.415739370237979529e+02
-3.632429470917118430e-01,-3.626977726947179237e-01,-3.626977726947179237e-01,-3.626977726947180347e-01,6.875893460709327201e+02
-4.350762067044872117e-01,-4.343142096887653292e-01,-4.343142096887653292e-01,-4.343142096887656067e-01,7.289332809396125867e+02
-4.730679846624082363e-01,-4.721483254615500003e-01,-4.721483254615500003e-01,-4.721483254615502223e-01,7.641640072477413241e+02
-4.824358495890868626e-01,-4.813599685272977324e-01,-4.813599685272977324e-01,-4.813599685272978435e-01,7.926357504515548271e+02
-4.718598870144426471e-01,-4.706243176610976908e-01,-4.706243176610976908e-01,-4.706243176610975798e-01,8.143806926361426122e+02
-4.502631674257451810e-01,-4.489079736922049202e-01,-4.489079736922049202e-01,-4.489079736922049202e-01,8.298364968720298975e+02
-4.241767511199716068e-01,-4.227854228948869642e-01,-4.227854228948869642e-01,-4.227854228948869086e-01,8.395733345396832874e+02
-3.968648505696941720e-01,-3.955264613103708360e-01,-3.955264613103708360e-01,-3.955264613103708915e-01,8.441401655724957891e+02
-3.692176198376028728e-01,-3.679931752947191437e-01,-3.679931752947191437e-01,-3.679931752947190882e-01,8.440333830286189141e+02
-3.410515696348137560e-01,-3.399626805589823220e-01,-3.399626805589823220e-01,-3.399626805589821554e-01,8.397047854850969770e+02
-3.117751402793568216e-01,-3.108089305304174710e-01,-3.108089305304174710e-01,-3.108089305304175265e-01,8.315569723009156178e+02
-2.807128721195532028e-01,-2.798360997858118093e-01,-2.798360997858118093e-01,-2.798360997858118093e-01,8.199488442659270504e+02
-2.475280058272306682e-01,-2.467054362729377004e-01,-2.467054362729377004e-01,-2.467054362729377281e-01,8.052341716459919780e+02
-2.125205814639730129e-01,-2.117336381842018500e-01,-2.117336381842018500e-01,-2.117336381842017945e-01,7.878105683574783598e+02
-1.763526180564445323e-01,-1.756190508553268081e-01,-1.756190508553268081e-01,-1.756190508553268359e-01,7.681482026982765774e+02
-1.394892986336713492e-01,-1.388761286640266546e-01,-1.388761286640266546e-01,-1.388761286640266546e-01,7.467871869059830487e+02
-1.023108265731337008e-01,-1.019240502952900723e-01,-1.019240502952900723e-01,-1.019240502952900862e-01,7.243067335223665850e+02
-6.584223764273489099e-02,-6.579458539007942974e-02,-6.579458539007942974e-02,-6.579458539007942974e-02,7.012808290484541658e+02
-3.193946422624536347e-02,-3.231856726549983683e-02,-3.231856726549983683e-02,-3.231856726549984377e-02,6.782391626593524734e+02
-2.655877763025852635e-03,-3.512347524190800440e-03,-3.512347524190800440e-03,-3.512347524190811716e-03,6.556443644245515543e+02
2.033665484619955402e-02,1.898586643407322236e-02,1.898586643407322236e-02,1.898586643407322236e-02,6.338889250452911028e+02
3.589885283749431888e-02,3.407545394909798631e-02,3.407545394909798631e-02,3.407545394909797937e-02,6.133034724866815850e+02
4.365029996071703722e-02,4.143301011774904591e-02,4.143301011774904591e-02,4.143301011774904591e-02,5.941611770289061951e+02
4.458240541062132717e-02,4.211582948863194786e-02,4.211582948863194786e-02,4.211582948863194786e-02,5.766767015523810187e+02
4.131177999645586907e-02,3.879194433870178371e-02,3.879194433870178371e-02,3.879194433870179065e-02,5.610068470749456537e+02
3.679636287580074355e-02,3.443826113916625270e-02,3.443826113916625270e-02,3.443826113916625270e-02,5.472529411535793997e+02
3.236711496440723007e-02,3.036088214938399699e-02,3.036088214938399699e-02,3.036088214938399352e-02,5.354632565858398721e+02
2.764311637820706519e-02,2.611188736169426511e-02,2.611188736169426511e-02,2.611188736169426858e-02,5.256372657676132576e+02
2.241585085703885413e-02,2.139714921384417226e-02,2.139714921384417226e-02,2.139714921384417226e-02,5.177320455021463204e+02
1.786077763201889337e-02,1.730088597568366776e-02,1.730088597568366776e-02,1.730088597568366776e-02,5.116678313079626719e+02
1.581656313344717221e-02,1.555225524517426898e-02,1.555225524517426898e-02,1.555225524517427592e-02,5.073297372444710049e+02
1.741271544185814951e-02,1.717727156176085401e-02,1.717727156176085401e-02,1.717727156176085054e-02,5.045636812662561397e+02
2.254077956109264494e-02,2.204067868472931596e-02,2.204067868472931596e-02,2.204067868472931596e-02,5.031706944166281801e+02
3.012864319843968144e-02,2.915256625345029329e-02,2.915256625345029329e-02,2.915256625345028635e-02,5.029125082076475906e+02
3.830913964447650588e-02,3.678006096845597844e-02,3.678006096845597844e-02,3.678006096845597844e-02,5.035333769453807236e+02
4.443819346689052707e-02,4.238233802807560291e-02,4.238233802807560291e-02,4.238233802807560291e-02,5.047918294551658391e+02
4.583767672365608725e-02,4.331848629547450230e-02,4.331848629547450230e-02,4.331848629547450230e-02,5.064998415454764995e+02
4.086604433036313683e-02,3.793406180158270802e-02,3.793406180158270802e-02,3.793406180158270802e-02,5.085640829958730365e+02
2.858116996009762295e-02,2.526834732490000276e-02,2.526834732490000276e-02,2.526834732490000276e-02,5.110154744949836072e+02
7.325423850195059497e-03,3.680659281906078963e-03,3.680659281906078963e-03,3.680659281906088071e-03,5.140145030578697742e+02
-2.559207431979054412e-02,-2.946658494004327986e-02,-2.946658494004327986e-02,-2.946658494004329026e-02,5.178244150694813470e+02
-7.288751146449506946e-02,-7.682940729230010313e-02,-7.682940729230010313e-02,-7.682940729230011701e-02,5.227594750250875677e+02
-1.361886006631035650e-01,-1.400020402254189278e-01,-1.400020402254189278e-01,-1.400020402254189833e-01,5.291270950543264462e+02
-2.151685121535613365e-01,-2.186775539708351312e-01,-2.186775539708351312e-01,-2.186775539708351868e-01,5.371708016603899978e+02
-3.071366272645738582e-01,-3.102383648591454657e-01,-3.102383648591454657e-01,-3.102383648591455212e-01,5.470187099255418843e+02
-4.075771840185201667e-01,-4.102575677989829805e-01,-4.102575677989829805e-01,-4.102575677989830361e-01,5.586559426743488075e+02
-5.114887298797780035e-01,-5.137875228023521812e-01,-5.137875228023521812e-01,-5.137875228023521812e-01,5.719329698713297603e+02
-6.145303064881439958e-01,-6.164791820023534097e-01,-6.164791820023534097e-01,-6.164791820023532987e-01,5.866048299315832537e+02
-7.129043683779389129e-01,-7.144882583876155380e-01,-7.144882583876155380e-01,-7.144882583876155380e-01,6.023911638620784288e+02
-8.022926397488001626e-01,-8.034658122085214238e-01,-8.034658122085214238e-01,-8.034658122085216458e-01,6.190415955725546837e+02
-8.774644955965776871e-01,-8.781910374636694439e-01,-8.781910374636694439e-01,-8.781910374636695549e-01,6.363832363016674663e+02
-9.334651777962554853e-01,-9.337295934451426138e-01,-9.337295934451426138e-01,-9.337295934451421697e-01,6.543303761415995723e+02
-9.674463899347590656e-01,-9.672247508452458398e-01,-9.672247508452458398e-01,-9.672247508452459508e-01,6.728544269783246818e+02
-9.793508468520039090e-01,-9.785824099332977033e-01,-9.785824099332977033e-01,-9.785824099332977033e-01,6.919321046249461915e+02
-9.712737539196295566e-01,-9.698652066006825390e-01,-9.698652066006825390e-01,-9.698652066006824279e-01,7.114858797352422926e+02
-9.465352791947632127e-01,-9.443908917976233663e-01,-9.443908917976233663e-01,-9.443908917976236994e-01,7.313229772957324712e+02
-9.083758812756713708e-01,-9.054311173985017946e-01,-9.054311173985017946e-01,-9.054311173985015726e-01,7.511007386708168951e+02
-8.590250343617021889e-01,-8.552520451566532067e-01,-8.552520451566532067e-01,-8.552520451566532067e-01,7.703456685853291219e+02
-8.001004264667561650e-01,-7.954787524424125067e-01,-7.954787524424125067e-01,-7.954787524424130618e-01,7.885092392412224171e+02
-7.320477190705561021e-01,-7.265597907158739543e-01,-7.265597907158739543e-01,-7.265597907158740654e-01,8.050235308829818450e+02
-6.522377939504032662e-01,-6.459196775531299561e-01,-6.459196775531299561e-01,-6.459196775531297341e-01,8.193336487165485096e+02
-5.550638069377545891e-01,-5.480470854286875193e-01,-5.480470854286875193e-01,-5.480470854286877413e-01,8.309032439060954403e+02
-4.338192290241977833e-01,-4.263221598714197480e-01,-4.263221598714197480e-01,-4.263221598714195815e-01,8.392158965216877959e+02
-2.826234548688864034e-01,-2.749003695783270862e-01,-2.749003695783270862e-01,-2.749003695783273082e-01,8.437941112989230987e+02
-9.918525702664841848e-02,-9.143609754486543839e-02,-9.143609754486543839e-02,-9.143609754486559105e-02,8.442231910565384396e+02
1.130032929264515457e-01,1.206995450177146961e-01,1.206995450177146961e-01,1.206995450177151818e-01,8.401617413385603186e+02
3.456769569144879650e-01,3.533137579674967554e-01,3.533137579674967554e-01,3.533137579674965334e-01,8.313401837194106747e+02
5.895851903208650935e-01,5.970978279525986920e-01,5.970978279525986920e-01,5.970978279525990251e-01,8.175527260614585430e+02
8.382780764492491210e-01,8.454430931121676984e-01,8.454430931121676984e-01,8.454430931121673654e-01,7.986476401604360262e+02
1.088678612001025447e+00,1.095099778463759499e+00,1.095099778463759499e+00,1.095099778463759943e+00,7.745196610643001804e+02
1.338116272055143829e+00,1.343313085386687478e+00,1.343313085386687478e+00,1.343313085386687034e+00,7.451086371831923998e+02
1.580867315010493712e+00,1.584477579013178206e+00,1.584477579013178206e+00,1.584477579013177984e+00,7.104129523786831442e+02
1.806977002513374009e+00,1.808990739034853634e+00,1.808990739034853634e+00,1.808990739034854078e+00,6.705206198167938965e+02
2.003667628976567805e+00,2.004541573463042958e+00,2.004541573463042958e+00,2.004541573463042514e+00,6.256501506725282979e+02
2.157515152476992881e+00,2.158148293518280525e+00,2.158148293518280525e+00,2.158148293518280525e+00,5.761831906042483524e+02
2.256534650055462166e+00,2.258217944125778143e+00,2.258217944125778143e+00,2.258217944125778143e+00,5.226780439282709949e+02
2.292481565594963300e+00,2.296932512631725931e+00,2.296932512631725931e+00,2.296932512631726375e+00,4.658823860489100639e+02
2.261862678820174999e+00,2.271426840485990528e+00,2.271426840485990528e+00,2.271426840485990084e+00,4.067653929980726275e+02
2.165277919508797222e+00,2.183210161720992026e+00,2.183210161720992026e+00,2.183210161720991582e+00,3.465579454274312639e+02
2.007276873542494844e+00,2.037637466567453703e+00,2.037637466567453703e+00,2.037637466567453703e+00,2.867668773964230695e+02
1.796834008585254994e+00,1.843371540492148464e+00,1.843371540492148464e+00,1.843371540492148464e+00,2.291218046573457627e+02
1.546604132247553220e+00,1.610482406172943248e+00,1.610482406172943248e+00,1.610482406172943026e+00,1.754374362548270199e+02
1.270294040420399506e+00,1.347730975290939659e+00,1.347730975290939659e+00,1.347730975290939659e+00,1.274179434267950342e+02
9.800677838204974179e-01,1.061944725942449708e+00,1.061944725942449708e+00,1.061944725942449708e+00,8.642769669352645678e+01
6.875965319926328201e-01,7.620673416238343822e-01,7.620673416238343822e-01,7.620673416238342712e-01,5.327662718886766413e+01
4.092328511880875541e-01,4.658355342132457499e-01,4.658355342132457499e-01,4.658355342132457499e-01,2.811696462077657799e+01
1.680039745372579052e-01,2.008499952727976212e-01,2.008499952727976212e-01,2.008499952727975935e-01,1.046018114210342986e+01
-1.459792738715584223e-02,-5.717007218170967915e-03,-5.717007218170967915e-03,-5.717007218170967915e-03,-7.299536298636062348e-01
-1.294541141810859330e-01,-1.400704517415049533e-01,-1.400704517415049533e-01,-1.400704517415049255e-01,-6.834263099586745049e+00
-1.819562315656685081e-01,-2.053744836784183458e-01,-2.053744836784183458e-01,-2.053744836784183181e-01,-9.298836174965600776e+00
-1.866898663900102562e-01,-2.165342900627783562e-01,-2.165342900627783562e-01,-2.165342900627784117e-01,-9.415431660374485645e+00
-1.610894221361098833e-01,-1.927714847517102426e-01,-1.927714847517102426e-01,-1.927714847517102426e-01,-8.215825175054588314e+00
-1.210632423688077219e-01,-1.519050312484660492e-01,-1.519050312484660492e-01,-1.519050312484660492e-01,-6.448683167918030534e+00
-7.877579579366890405e-02,-1.073993461493209650e-01,-1.073993461493209650e-01,-1.073993461493209789e-01,-4.604916741357264698e+00
-4.195273722832066482e-02,-6.768504524906156228e-02,-6.768504524906156228e-02,-6.768504524906157616e-02,-2.966430424263585941e+00
-1.421696958238869053e-02,-3.679451894686421726e-02,-3.679451894686421726e-02,-3.679451894686421726e-02,-1.661547206743779093e+00
3.943707056469378074e-03,-1.554129198435445953e-02,-1.554129198435445953e-02,-1.554129198435446300e-02,-7.164635918605759546e-01
1.395549019849165115e-02,-2.779176416316159453e-03,-2.779176416316159453e-03,-2.779176416316159887e-03,-9.736357828513650392e-02
1.804841819939266220e-02,3.529727785627215057e-03,3.529727785627215057e-03,3.529727785627214190e-03,2.582327586025638944e-01
1.849540675390992650e-02,5.562053942327009788e-03,5.562053942327009788e-03,5.562053942327009788e-03,4.203033332017938051e-01
1.718165873607413463e-02,5.191809496680392481e-03,5.191809496680392481e-03,5.191809496680392481e-03,4.535261632424695821e-01
1.540790244793637312e-02,3.800437677501901628e-03,3.800437677501901628e-03,3.800437677501901628e-03,4.110055681330505029e-01
1.389388083123334686e-02,2.261551401343153689e-03,2.261551401343153689e-03,2.261551401343153255e-03,3.322894774368522208e-01
1.294033838692162930e-02,1.025913779873244801e-03,1.025913779873244801e-03,1.025913779873243717e-03,2.441122032857203639e-01
1.260808036893032794e-02,2.441617325976782769e-04,2.441617325976782769e-04,2.441617325976776806e-04,1.625491750152455728e-01
1.280445785298851315e-02,-1.137877740775976207e-04,-1.137877740775976207e-04,-1.137877740775979053e-04,9.559159404740874555e-02
1.332110424516610991e-02,-1.634165859097446805e-04,-1.634165859097446805e-04,-1.634165859097445178e-04,4.571062260587443332e-02
1.390339477460835090e-02,-3.850946988748895830e-05,-3.850946988748895830e-05,-3.850946988748896508e-05,1.197477420820814570e-02
1.433645596165022615e-02,1.470879890068433639e-04,1.470879890068433639e-04,1.470879890068433097e-04,-8.299547618049483988e-03
1.448912939435651435e-02,3.152348040370566719e-04,3.152348040370566719e-04,3.152348040370566719e-04,-1.840046753232937177e-02
1.431688889881339508e-02,4.249172644958361736e-04,4.249172644958361736e-04,4.249172644958358483e-04,-2.151970998137569049e-02
1.386400716866179571e-02,4.646030060799270452e-04,4.646030060799270452e-04,4.646030060799269368e-04,-2.035449730365911786e-02
1.325105906342639861e-02,4.425494058392817035e-04,4.425494058392817035e-04,4.425494058392818119e-04,-1.697697416333736331e-02
1.262547848356442362e-02,3.767755511089736524e-04,3.767755511089736524e-04,3.767755511089736524e-04,-1.282863983073422552e-02
1.211076198962469583e-02,2.878074247349730538e-04,2.878074247349730538e-04,2.878074247349730538e-04,-8.810175505769407209e-03
1.178213576713586438e-02,1.939685600862019286e-04,1.939685600862019286e-04,1.939685600862019015e-04,-5.404573115223410863e-03
1.167177904661030607e-02,1.085471985856694771e-04,1.085471985856694771e-04,1.085471985856694771e-04,-2.793860369106256850e-03
1.178860846428403560e-02,3.955369455729868422e-05,3.955369455729868422e-05,3.955369455729868422e-05,-9.747479316052009516e-04
1.213296269127590692e-02,-1.003826732154017454e-05,-1.003826732154017454e-05,-1.003826732154017793e-05,1.627954855981140765e-04
1.271818557113236874e-02,-4.081657527146346468e-05,-4.081657527146346468e-05,-4.081657527146345112e-05,7.704010852595118922e-04
1.359341465743848024e-02,-5.562542289964983222e-05,-5.562542289964983222e-05,-5.562542289964981189e-05,1.002824793367118128e-03
1.484276440721565317e-02,-5.844098366284578721e-05,-5.844098366284578721e-05,-5.844098366284578721e-05,9.971135877650861602e-04
1.655787022596608496e-02,-5.322878987719192558e-05,-5.322878987719192558e-05,-5.322878987719192558e-05,8.597322329718781048e-04
1.880369425992958754e-02,-4.361631741289181849e-05,-4.361631741289181849e-05,-4.361631741289182526e-05,6.684788736409880226e-04
2.159578695305332252e-02,-3.238099272721665245e-05,-3.238099272721665245e-05,-3.238099272721664567e-05,4.728315016048424062e-04
2.486846331677667124e-02,-2.151637657707144850e-05,-2.151637657707144850e-05,-2.151637657707144850e-05,3.010293273785804289e-04
2.842024910244165051e-02,-1.226177934023580728e-05,-1.226177934023580728e-05,-1.226177934023581067e-05,1.656931212141875460e-04
3.185428441833545316e-02,-5.153693520907659851e-06,-5.153693520907659851e-06,-5.153693520907659851e-06,6.839981304950355735e-05
3.458592431896478914e-02,-3.173201099577584278e-07,-3.173201099577584278e-07,-3.173201099577584278e-07,5.525755929617035767e-06
3.602903463083214491e-02,2.521971050233496458e-06,2.521971050233496458e-06,2.521971050233496458e-06,-3.008748909518548271e-05
3.586077569229332435e-02,3.770882948933831538e-06,3.770882948933831538e-06,3.770882948933831538e-06,-4.573080495939593033e-05
3.395916165386026614e-02,3.913604132532723007e-06,3.913604132532723007e-06,3.913604132532723007e-06,-4.820995878991929032e-05
3.001357547406240459e-02,3.413036389175815610e-06,3.413036389175815610e-06,3.413036389175815610e-06,-4.317518625485902852e-05
2.359916698165277077e-02,2.615907629086049500e-06,2.615907629086049500e-06,2.615907629086048653e-06,-3.451675161171745759e-05
1.504072459429759215e-02,1.795734444317441294e-06,1.795734444317441294e-06,1.795734444317441294e-06,-2.515214979077910737e-05
6.026027209543563697e-03,1.089741871278058126e-06,1.089741871278058126e-06,1.089741871278058126e-06,-1.655901735737771692e-05
-1.093176724980908813e-03,5.667956171397546152e-07,5.667956171397546152e-07,5.667956171397547211e-07,-9.586035575064916794e-06
-4.915673540006717038e-03,2.290404615104459260e-07,2.290404615104459260e-07,2.290404615104459260e-07,-4.459567817329598392e-06
-6.053799243852428166e-03,4.056977524023258910e-08,4.056977524023258910e-08,4.056977524023256263e-08,-9.923719484840836808e-07
-6.514138534997855959e-03,-3.814159542685416555e-08,-3.814159542685416555e-08,-3.814159542685415893e-08,1.025415630520654539e-06
-7.921973795723590006e-03,-5.429657039016856315e-08,-5.429657039016856315e-08,-5.429657039016856315e-08,2.030372596901705730e-06
-1.036120700288843156e-02,-3.883871587247555354e-08,-3.883871587247555354e-08,-3.883871587247553368e-08,2.300062557675007572e-06
-1.269905080467942544e-02,-1.525734131034798662e-08,-1.525734131034798662e-08,-1.525734131034798993e-08,2.140858048540682710e-06
-1.359950853692035166e-02,4.347802852053170122e-09,4.347802852053170122e-09,4.347802852053169295e-09,1.775055042096635582e-06
-1.218324657843176083e-02,1.545815039843533839e-08,1.545815039843533839e-08,1.545815039843534170e-08,1.319270764903824017e-06
-8.208753282039201946e-03,1.834738070995765253e-08,1.834738070995765253e-08,1.834738070995765253e-08,9.050547108930248846e-07
-2.099728131481790657e-03,1.519997214664780161e-08,1.519997214664780161e-08,1.519997214664779830e-08,5.431165914621933520e-07
5.133513953423261486e-03,9.485600188962222325e-09,9.485600188962222325e-09,9.485600188962225634e-09,2.752489786312055954e-07
1.199191659071103394e-02,3.561935908061156044e-09,3.561935908061156044e-09,3.561935908061156871e-09,9.067928456885507064e-08
1.629933681159900782e-02,-1.336384332781899334e-09,-1.336384332781899334e-09,-1.336384332781899747e-09,-2.857406697050050910e-08
1.512810205206496957e-02,-4.013678849428674400e-09,-4.013678849428674400e-09,-4.013678849428675227e-09,-8.371851216427948584e-08
6.592651709756751355e-03,-5.438035432034898719e-09,-5.438035432034898719e-09,-5.438035432034899546e-09,-1.097106331723964976e-07
-6.164396079778613341e-03,-5.323053043545184058e-09,-5.323053043545184058e-09,-5.323053043545184885e-09,-1.046025705999462125e-07
-1.457181576242950159e-02,-4.687433354504704069e-09,-4.687433354504704069e-09,-4.687433354504704069e-09,-8.973571077498507635e-08
-1.217681629352813412e-02,-3.794717227418605643e-09,-3.794717227418605643e-09,-3.794717227418604815e-09,-7.008139643082166744e-08
-1.314406820146035671e-03,-2.696868366966384578e-09,-2.696868366966384578e-09,-2.696868366966384164e-09,-4.732854080801070063e-08
1.000133774527668315e-02,-1.900035233090222315e-09,-1.900035233090222315e-09,-1.900035233090222315e-09,-3.161786631244161138e-08
1.581987146823972401e-02,-1.004118685871898490e-09,-1.004118685871898490e-09,-1.004118685871898490e-09,-1.570711838305055406e-08
1.529961526862916310e-02,-4.552366937806089938e-10,-4.552366937806089938e-10,-4.552366937806088904e-10,-6.790171302977584612e-09
1.066871226060576300e-02,-2.930820912969996217e-11,-2.930820912969996217e-11,-2.930820912969995570e-11,-2.190563611178557926e-10
4.899840235644750165e-03,2.349174589694065328e-10,2.349174589694065328e-10,2.349174589694065845e-10,3.880686338905950654e-09
3.316544995158176180e-04,2.653528465331051561e-10,2.653528465331051561e-10,2.653528465331052078e-10,4.419576665576764592e-09
-2.105578184431280021e-03,3.191435236325178666e-10,3.191435236325178666e-10,3.191435236325178149e-10,5.607669012776840216e-09
-2.775674222705305696e-03,2.245852552502859616e-10,2.245852552502859616e-10,2.245852552502859616e-10,4.206375401695054673e-09
-2.531610259487686657e-03,1.819066398474376715e-10,1.819066398474376715e-10,1.819066398474376198e-10,3.694144138110273693e-09
-2.012812819436412062e-03,1.201732503082065001e-10,1.201732503082065001e-10,1.201732503082065260e-10,2.668627461211635109e-09
-1.482741806060443313e-03,6.035842428880520625e-11,6.035842428880520625e-11,6.035842428880519332e-11,1.479635116342186492e-09
-1.004764152775541571e-03,4.455724611920062217e-11,4.455724611920062217e-11,4.455724611920061570e-11,1.206828856540538718e-09
-6.064634479808818932e-04,6.982815721378403635e-12,6.982815721378403635e-12,6.982815721378403635e-12,2.178506049554225481e-10
-3.074571582848689569e-04,6.268242835379651321e-12,6.268242835379651321e-12,6.268242835379650514e-12,2.110263501418564281e-10
-9.549129581139488099e-05,-4.325600617473910549e-12,-4.325600617473910549e-12,-4.325600617473910549e-12,-1.602821619076092849e-10
6.925650647384975968e-05,-6.441182770246190810e-12,-6.441182770246190810e-12,-6.441182770246190810e-12,-2.699309506010528117e-10
2.246151751054548248e-04,-3.091572921006995614e-12,-3.091572921006995614e-12,-3.091572921006994806e-12,-1.466158894720819068e-10
3.849386139915983202e-04,-6.429225260276383974e-12,-6.429225260276383974e-12,-6.429225260276383974e-12,-3.374964834114477953e-10
5.454395006337149241e-04,-1.559499536949285226e-12,-1.559499536949285226e-12,-1.559499536949285226e-12,-9.174703688426133650e-11
6.946712587763432395e-04,-2.919675196743183124e-12,-2.919675196743183124e-12,-2.919675196743182316e-12,-1.902296732515764211e-10
8.183330683178560109e-04,-1.139009044656560127e-12,-1.139009044656560127e-12,-1.139009044656560127e-12,-8.230008058278168381e-11
9.032361276812665707e-04,-3.649918886716361809e-13,-3.649918886716361809e-13,-3.649918886716361809e-13,-2.856094942161315812e-11
9.468364179755332528e-04,-8.110781575896552106e-13,-8.110781575896552106e-13,-8.110781575896550087e-13,-7.405131121603740329e-11
9.645737293336734608e-04,3.985071912946682676e-13,3.985071912946682676e-13,3.985071912946683181e-13,4.255438414116516523e-11
9.898243728647367415e-04,-3.009720629735626759e-13,-3.009720629735626759e-13,-3.009720629735626254e-13,-3.632106593509818630e-11
1.064296507334535659e-03,2.172597799079218473e-13,2.172597799079218473e-13,2.172597799079217968e-13,3.102956005086349067e-11
1.218678478003954943e-03,5.842432962446301388e-14,5.842432962446301388e-14,5.842432962446301388e-14,9.916275894978976812e-12
1.451222393573096047e-03,-9.073856556007045750e-15,-9.073856556007045750e-15,-9.073856556007047328e-15,-2.757838417031369089e-12
1.719738573906168851e-03,1.157683762275856492e-13,1.157683762275856492e-13,1.157683762275856492e-13,3.153752511297745368e-11
1.958189368860664172e-03,-3.785445453127882123e-14,-3.785445453127882123e-14,-3.785445453127882123e-14,-1.550435136477153717e-11
2.105104184692167812e-03,4.977436047825894888e-14,4.977436047825894888e-14,4.977436047825894257e-14,2.209964072888969258e-11
2.120368574075891938e-03,-6.490338428624809506e-15,-6.490338428624809506e-15,-6.490338428624811084e-15,-5.325555806899018491e-12
1.990145578011203158e-03,4.250475841849853140e-15,4.250475841849853140e-15,4.250475841849853140e-15,1.180965390455651764e-12
1.729005531428386578e-03,1.323834867368870539e-14,1.323834867368870539e-14,1.323834867368870382e-14,7.721320997286350225e-12
1.377769455165192688e-03,-1.822747078883127200e-14,-1.822747078883127200e-14,-1.822747078883127200e-14,-1.038336716441661503e-11
9.993236670454760245e-04,2.010986000874680033e-14,2.010986000874680033e-14,2.010986000874680033e-14,9.713212599443111411e-12
6.709528065775121871e-04,-1.889681478877547431e-14,-1.889681478877547431e-14,-1.889681478877547115e-14,-7.816505734594852574e-12
4.647150618212105705e-04,6.999486379403416377e-15,6.999486379403416377e-15,6.999486379403414011e-15,2.671119583926383658e-12
4.296007975885931325e-04,3.629283885516826431e-16,3.629283885516826431e-16,3.629283885516824952e-16,2.618303527388589311e-13
5.871070649947576379e-04,-1.229249398484599420e-14,-1.229249398484599420e-14,-1.229249398484599578e-14,-3.935489072552284616e-12
9.218488798905624974e-04,1.467468072719731951e-14,1.467468072719731951e-14,1.467468072719731951e-14,4.526714232720908907e-12
1.375048092770502894e-03,-1.647675996639487169e-14,-1.647675996639487169e-14,-1.647675996639487485e-14,-4.649336734999039000e-12
1.868489382123991608e-03,1.150235812827152189e-14,1.150235812827152189e-14,1.150235812827152505e-14,2.969634829011970261e-12
2.339029787539658334e-03,-5.579548841182826646e-15,-5.579548841182826646e-15,-5.579548841182826646e-15,-1.224850665427962445e-12
2.751517258614021889e-03,-2.876929100679928439e-15,-2.876929100679928439e-15,-2.876929100679928044e-15,-5.710581272161286599e-13
3.091148548563803049e-03,1.080314715173614416e-14,1.080314715173614416e-14,1.080314715173614259e-14,1.769306406310448814e-12
3.344156023459297911e-03,-1.592707131355409925e-14,-1.592707131355409925e-14,-1.592707131355409925e-14,-2.180191428052707463e-12
3.490305016057521602e-03,1.736012533369709996e-14,1.736012533369709996e-14,1.736012533369709681e-14,1.997658212990999114e-12
3.518428130585263616e-03,-1.277230974454338553e-14,-1.277230974454338553e-14,-1.277230974454338237e-14,-1.253744179826947290e-12
3.428721667380029738e-03,5.163813459380323683e-15,5.163813459380323683e-15,5.163813459380323683e-15,4.316555076279635807e-13
3.221308972281513531e-03,4.913221843864272473e-15,4.913221843864272473e-15,4.913221843864273262e-15,3.708885441030482134e-13
2.902738167259627348e-03,-1.266339497714289485e-14,-1.266339497714289485e-14,-1.266339497714289801e-14,-8.421942295474053079e-13
2.500142486479362339e-03,1.703518556543086068e-14,1.703518556543086068e-14,1.703518556543086699e-14,1.012518824535261760e-12
2.054641107900750246e-03,-1.598616016221087754e-14,-1.598616016221087754e-14,-1.598616016221087754e-14,-8.596338006500874391e-13
1.602525467156791159e-03,1.074973172618532201e-14,1.074973172618532201e-14,1.074973172618532201e-14,5.266507197086088213e-13
1.164793700040056860e-03,-2.944341661758236587e-15,-2.944341661758236587e-15,-2.944341661758236587e-15,-1.316434975871828494e-13
7.431247873542982506e-04,-4.925849246955346666e-15,-4.925849246955346666e-15,-4.925849246955346666e-15,-2.060617904375910404e-13
3.182247141407634327e-04,1.053612755719927235e-14,1.053612755719927235e-14,1.053612755719927235e-14,4.071303389728563678e-13
-1.386567026738572464e-04,-1.277981552647004179e-14,-1.277981552647004179e-14,-1.277981552647004810e-14,-4.581562525768469330e-13
-6.382014695541020051e-04,1.121644085603676156e-14,1.121644085603676156e-14,1.121644085603676156e-14,3.735688294624161718e-13
-1.161153477677208824e-03,-6.908551535614369147e-15,-6.908551535614369147e-15,-6.908551535614369147e-15,-2.142376870693777520e-13
-1.681388426376954166e-03,1.171178676312790837e-15,1.171178676312790837e-15,1.171178676312791034e-15,3.397939359536455813e-14
-2.190116634261188473e-03,4.107497311447681520e-15,4.107497311447681520e-15,4.107497311447681520e-15,1.110895103840492290e-13
-2.697045178292664398e-03,-7.615812632090115085e-15,-7.615812632090115085e-15,-7.615812632090113507e-15,-1.939490424910632678e-13
-3.223778389952814457e-03,8.561023530631286510e-15,8.561023530631286510e-15,8.561023530631288088e-15,2.060028592213567199e-13
-3.797426031849020830e-03,-7.074391582189815430e-15,-7.074391582189815430e-15,-7.074391582189813852e-15,-1.615033935022206412e-13
-4.429383576185949925e-03,3.918757786754575161e-15,3.918757786754575161e-15,3.918757786754575161e-15,8.522783170458582119e-14
-5.082521346354501070e-03,-2.102397158923619138e-16,-2.102397158923619138e-16,-2.102397158923619631e-16,-4.473390602650895081e-15
-5.670969720824257584e-03,-2.924996612950424804e-15,-2.924996612950424804e-15,-2.924996612950424804e-15,-5.826078791932195137e-14
-6.112539472988602444e-03,4.732801638369510112e-15,4.732801638369510112e-15,4.732801638369509323e-15,9.115734490174784576e-14
-6.381866835430068802e-03,-4.933725860825442515e-15,-4.933725860825442515e-15,-4.933725860825444882e-15,-9.229430407614629317e-14
-6.512690654253867027e-03,3.790324468015808548e-15,3.790324468015808548e-15,3.790324468015808548e-15,6.913183228835812273e-14
-6.566697844567824342e-03,-1.864609469892525035e-15,-1.864609469892525035e-15,-1.864609469892524641e-15,-3.324185826985250240e-14
-6.592568904446364196e-03,-1.631647514686370451e-16,-1.631647514686370451e-16,-1.631647514686370698e-16,-2.841609537482259825e-15
-6.559236571959732587e-03,1.740720118749715804e-15,1.740720118749715804e-15,1.740720118749715410e-15,2.971757438091224174e-14
-6.332024516080538012e-03,-2.544260772764823277e-15,-2.544260772764823277e-15,-2.544260772764823672e-15,-4.247472850399460083e-14
-5.787131891911374663e-03,2.523321715299934221e-15,2.523321715299934221e-15,2.523321715299933827e-15,4.111380236075997400e-14
-4.922251993033465237e-03,-1.848372320365730187e-15,-1.848372320365730187e-15,-1.848372320365730187e-15,-2.931811724012905737e-14
-3.815745716110053795e-03,8.194794436558500994e-16,8.194794436558500994e-16,8.194794436558501980e-16,1.261849072775370233e-14
-2.579096249972573363e-03,2.317214985568928387e-16,2.317214985568928387e-16,2.317214985568928880e-16,3.443182618956981121e-15
-1.385724945414417613e-03,-1.033428058133499746e-15,-1.033428058133499746e-15,-1.033428058133499549e-15,-1.483004153594297080e-14
-4.831647083129179325e-04,1.423577754787085614e-15,1.423577754787085614e-15,1.423577754787085614e-15,1.964837802152066701e-14
-2.239288824028042284e-04,-1.373346319821487081e-15,-1.373346319821487081e-15,-1.373346319821487278e-15,-1.819464786995312936e-14
-1.196399678490418913e-03,9.690442988450887805e-16,9.690442988450887805e-16,9.690442988450887805e-16,1.231824128442724451e-14
-4.349807942459545974e-03,-3.759891904985690849e-16,-3.759891904985690849e-16,-3.759891904985691342e-16,-4.603301203273027537e-15
-1.095998881167739233e-02,-2.166455023089144461e-16,-2.166455023089144461e-16,-2.166455023089144954e-16,-2.500872833346106009e-15
-2.241664904681430620e-02,6.485700383607392473e-16,6.485700383607392473e-16,6.485700383607391487e-16,7.277705630448318803e-15
-3.965502420356229601e-02,-8.292131954593679392e-16,-8.292131954593679392e-16,-8.292131954593679392e-16,-9.025030462874655444e-15
-6.183241391452332786e-02,7.534532520986859985e-16,7.534532520986859985e-16,7.534532520986859985e-16,7.999321493059970660e-15
-8.476785795923592881e-02,-4.901629381707104710e-16,-4.901629381707104710e-16,-4.901629381707104710e-16,-5.121137109480689665e-15
-1.011244068696666443e-01,1.507832914670445574e-16,1.507832914670445574e-16,1.507832914670445820e-16,1.580691582995213118e-15
-1.035466933496554665e-01,1.517514524771039881e-16,1.517514524771039881e-16,1.517514524771040128e-16,1.540214086309355165e-15
-8.895587076288918871e-02,-3.386145250936450053e-16,-3.386145250936450053e-16,-3.386145250936449066e-16,-3.522993691451325198e-15
-6.067563147916654048e-02,3.840008201429875749e-16,3.840008201429875749e-16,3.840008201429876242e-16,4.117092936283274227e-15
-2.680152507749252941e-02,-3.117714111574159097e-16,-3.117714111574159097e-16,-3.117714111574159590e-16,-3.493704048300566431e-15
3.941016776092124904e-03,1.761678274278600583e-16,1.761678274278600583e-16,1.761678274278600337e-16,2.102778017205716016e-15
2.599363601544652305e-02,-3.646074583849640936e-17,-3.646074583849640936e-17,-3.646074583849640936e-17,-4.889794559384806124e-16
3.814547994035148715e-02,-6.398901789629784401e-17,-6.398901789629784401e-17,-6.398901789629783169e-17,-8.728459319153841724e-16
4.225639367124280066e-02,1.078712108155853504e-16,1.078712108155853504e-16,1.078712108155853257e-16,1.685592064845886818e-15
4.122344756563251639e-02,-1.021007441484415876e-16,-1.021007441484415876e-16,-1.021007441484415630e-16,-1.865858332997046875e-15
3.754277697421735949e-02,6.790063837010181951e-17,6.790063837010181951e-17,6.790063837010181951e-17,1.515337930094112156e-15
3.284874865151145296e-02,-2.880073074291339863e-17,-2.880073074291339863e-17,-2.880073074291340479e-17,-8.507710144076711994e-16
2.804117141135767030e-02,1.475804569856954997e-18,1.475804569856954997e-18,1.475804569856954805e-18,1.199951868581607348e-16
2.354947091124261205e-02,8.143248374593657292e-18,8.143248374593657292e-18,8.143248374593657292e-18,4.701235190082766029e-16
1.958732324735328392e-02,-3.680778551285446926e-18,-3.680778551285446926e-18,-3.680778551285447697e-18,-7.982721628127741367e-16
1.633189692976915255e-02,-6.122094490677859221e-18,-6.122094490677859221e-18,-6.122094490677859221e-18,8.402377889081526347e-16
1.396632177144557958e-02,1.259366592994757611e-17,1.259366592994757611e-17,1.259366592994757611e-17,-6.524202715129985438e-16
1.263895216016287966e-02,-1.091369914875501677e-17,-1.091369914875501677e-17,-1.091369914875501831e-17,3.380729807476656469e-16
1.240832726169775226e-02,1.373484650159183264e-18,1.373484650159183264e-18,1.373484650159183264e-18,-9.255303404893404889e-18
1.316432398933941456e-02,1.175709963980127776e-17,1.175709963980127776e-17,1.175709963980127776e-17,-2.445673969551490800e-16
1.456382647341171455e-02,-2.276879689844217500e-17,-2.276879689844217500e-17,-2.276879689844216884e-17,3.746240354444022514e-16
1.609362742881513195e-02,2.715859522214629758e-17,2.715859522214629758e-17,2.715859522214630374e-17,-3.760141998650337910e-16
1.725757590133676286e-02,-2.329038412243371681e-17,-2.329038412243371681e-17,-2.329038412243371989e-17,2.786685945196374565e-16
1.776083515032752039e-02,1.265071361609743632e-17,1.265071361609743632e-17,1.265071361609743632e-17,-1.313092469009408974e-16
1.760069200024657124e-02,1.057090552855582274e-18,1.057090552855582274e-18,1.057090552855582081e-18,-1.572151265073880656e-17
1.699546835428960082e-02,-1.342947396541250883e-17,-1.342947396541250883e-17,-1.342947396541250575e-17,1.240211587649614917e-16
1.617809452839436696e-02,2.089489074453478621e-17,2.089489074453478621e-17,2.089489074453478930e-17,-1.743644226257171433e-16
1.527910375111814212e-02,-2.177379859827281141e-17,-2.177379859827281141e-17,-2.177379859827280833e-17,1.672209060870341738e-16
1.437342412191610491e-02,1.657989143464359140e-17,1.657989143464359140e-17,1.657989143464358524e-17,-1.179947942447430851e-16
1.351910695697368728e-02,-7.570318455651615698e-18,-7.570318455651615698e-18,-7.570318455651615698e-18,4.947718700241265316e-17
1.275094041132331102e-02,-2.188846289425249293e-18,-2.188846289425249293e-18,-2.188846289425249293e-18,1.585769790471625785e-17
1.210966182256138952e-02,9.864979072951336373e-18,9.864979072951336373e-18,9.864979072951336373e-18,-6.166002774882399330e-17
1.166727900954819819e-02,-1.366148845358303405e-17,-1.366148845358303405e-17,-1.366148845358303405e-17,8.054127498201100367e-17
1.148220434225815517e-02,1.317023064360008916e-17,1.317023064360008916e-17,1.317023064360009225e-17,-7.389814223354715899e-17
1.155797866964857271e-02,-9.250079582310569400e-18,-9.250079582310569400e-18,-9.250079582310569400e-18,4.947873959210023793e-17
1.187317499413720161e-02,3.560473777976910166e-18,3.560473777976910166e-18,3.560473777976909396e-18,-1.785914102321098490e-17
1.243185463164047690e-02,2.047311731223335829e-18,2.047311731223335829e-18,2.047311731223336214e-18,-1.098995017658384258e-17
1.328661453267539032e-02,-6.079938482297777921e-18,-6.079938482297777921e-18,-6.079938482297777921e-18,3.017065295706929806e-17
1.454619001686486938e-02,7.747518843154728745e-18,7.747518843154728745e-18,7.747518843154728745e-18,-3.693931132203102778e-17
1.637077504933725017e-02,-7.047619227169998323e-18,-7.047619227169998323e-18,-7.047619227169996782e-18,3.244666394652810270e-17
1.891579218967029755e-02,4.616998579218804288e-18,4.616998579218804288e-18,4.616998579218804288e-18,-2.052013875288734018e-17
2.222361526990249136e-02,-1.438990613515842831e-18,-1.438990613515842831e-18,-1.438990613515843408e-18,6.030719518158966669e-18
2.612973265081971336e-02,-1.485280255355389405e-18,-1.485280255355389405e-18,-1.485280255355389020e-18,6.625023771732863862e-18
3.023518975532762249e-02,3.413538930320647909e-18,3.413538930320647909e-18,3.413538930320647909e-18,-1.456817653442970704e-17
3.392395972862469883e-02,-4.020962843231668319e-18,-4.020962843231668319e-18,-4.020962843231669089e-18,1.682723731556313581e-17
3.640390883804095479e-02,3.419848556286976169e-18,3.419848556286976169e-18,3.419848556286975398e-18,-1.415193450558277352e-17
3.680203191056432427e-02,-2.043474705803869750e-18,-2.043474705803869750e-18,-2.043474705803869365e-18,8.401162762411978033e-18
3.438901118270954599e-02,4.583197808082214467e-19,4.583197808082214467e-19,4.583197808082214467e-19,-1.806917893862089807e-18
2.903318482363954206e-02,8.369989735375218456e-19,8.369989735375218456e-19,8.369989735375214604e-19,-3.708223789632996262e-18
2.153581302033621275e-02,-1.549056930225170603e-18,-1.549056930225170603e-18,-1.549056930225170603e-18,6.955354983396639220e-18
1.320449883245969347e-02,1.632597217791874738e-18,1.632597217791874738e-18,1.632597217791874738e-18,-7.614200210710643339e-18
5.206303254356003073e-03,-1.247513910368404074e-18,-1.247513910368404074e-18,-1.247513910368404074e-18,6.132275333860156908e-18
-1.297366961520844816e-03,6.459911675214501142e-19,6.459911675214501142e-19,6.459911675214502105e-19,-3.382346929344826650e-18
-5.000037334548648911e-03,-8.161183905614921096e-20,-8.161183905614921096e-20,-8.161183905614922300e-20,4.125377287970716841e-19
-5.285833410319806108e-03,-2.956445386938727941e-19,-2.956445386938727941e-19,-2.956445386938727459e-19,1.990264559442873735e-18
-3.222659752538820001e-03,4.304224134348010927e-19,4.304224134348010927e-19,4.304224134348010927e-19,-3.276669153877000229e-18
-1.307536392975143730e-03,-3.817560988401657448e-19,-3.817560988401657448e-19,-3.817560988401657448e-19,3.435281445605366921e-18
-1.751347109874351474e-03,2.351701388999435098e-19,2.351701388999435098e-19,2.351701388999434617e-19,-2.627646942360078330e-18
-4.880664042950808544e-03,-9.051220176194734459e-20,-9.051220176194734459e-20,-9.051220176194735663e-20,1.339993370721967785e-18
-9.188747099675407398e-03,3.276798355417349571e-21,3.276798355417349571e-21,3.276798355417349947e-21,-1.376355646068163804e-20
-1.238933053926683479e-02,1.685183389676314490e-20,1.685183389676314490e-20,1.685183389676314189e-20,-1.058491475273690816e-18
-1.219182648838426294e-02,9.056228747726627821e-21,9.056228747726627821e-21,9.056228747726626317e-21,1.477263771191730756e-18
-6.781787381051273059e-03,-4.467969212563371602e-20,-4.467969212563371602e-20,-4.467969212563372204e-20,-1.630063917598824774e-18
4.502329937605973123e-03,4.619423865436602458e-20,4.619423865436602458e-20,4.619423865436602458e-20,9.821136890483349295e-19
2.015339503705346549e-02,-4.510131553065727716e-20,-4.510131553065727716e-20,-4.510131553065728920e-20,-7.006988365053389062e-19
3.546553254305994524e-02,-2.416501008262271516e-20,-2.416501008262271516e-20,-2.416501008262272118e-20,-2.946734609595383215e-19
4.303969653420480074e-02,2.840325521751359904e-20,2.840325521751359904e-20,2.840325521751359904e-20,2.992249437627796036e-19
3.720194440607511172e-02,-9.351539435310128765e-20,-9.351539435310128765e-20,-9.351539435310129968e-20,-8.880300561628167584e-19
2.054385300968314745e-02,7.253412022394686452e-20,7.253412022394686452e-20,7.253412022394685248e-20,6.316615024661184302e-19
3.720329151975012086e-03,-3.524420878092690871e-20,-3.524420878092690871e-20,-3.524420878092690871e-20,-2.868987425876162464e-19
-4.178857010210961648e-03,9.877443612724580424e-20,9.877443612724580424e-20,9.877443612724580424e-20,7.627192628457740359e-19
-2.685106492790417885e-03,1.602987282514910257e-19,1.602987282514910257e-19,1.602987282514910016e-19,1.192010427215086994e-18
2.818171745827184257e-03,2.186236306844605286e-19,2.186236306844605286e-19,2.186236306844604804e-19,1.587666259870131874e-18
7.325385788276708894e-03,4.213907898512977921e-19,4.213907898512977921e-19,4.213907898512978884e-19,3.034863882864865841e-18
8.945297288255587426e-03,4.563531703476714459e-19,4.563531703476714459e-19,4.563531703476713496e-19,3.304124707323369842e-18
8.074348505177814800e-03,6.169653677871285293e-19,6.169653677871285293e-19,6.169653677871286256e-19,4.553893272060104554e-18
5.984970829767423221e-03,6.014729270177311308e-19,6.014729270177311308e-19,6.014729270177312271e-19,4.586235544765142263e-18
3.917428478116847038e-03,5.043798951538396799e-19,5.043798951538396799e-19,5.043798951538396799e-19,4.019971222306362269e-18
2.560997666090498916e-03,2.546412288322828181e-19,2.546412288322828181e-19,2.546412288322829144e-19,2.144069135263207362e-18
1.960427009701216222e-03,-2.592524283997205324e-19,-2.592524283997205324e-19,-2.592524283997205324e-19,-2.325747224926352261e-18
1.794161326670102273e-03,-9.440464524121781010e-19,-9.440464524121781010e-19,-9.440464524121781010e-19,-9.094439872558855588e-18
1.735566674270929690e-03,-1.900837752471676082e-18,-1.900837752471676082e-18,-1.900837752471676852e-18,-1.981459020758216011e-17
1.624857234150940558e-03,-2.984491720224196274e-18,-2.984491720224196274e-18,-2.984491720224196274e-18,-3.390911253587702896e-17
1.438097664046136381e-03,-4.117613209519727096e-18,-4.117613209519727096e-18,-4.117613209519726326e-18,-5.133304267656514768e-17
1.206302744444452072e-03,-5.121318362089003935e-18,-5.121318362089003935e-18,-5.121318362089003935e-18,-7.045814527633992634e-17
9.736974049700228328e-04,-5.747867043231351758e-18,-5.747867043231351758e-18,-5.747867043231350988e-18,-8.764898467292123639e-17
7.835742855286007523e-04,-5.772687704683612896e-18,-5.772687704683612896e-18,-5.772687704683612896e-18,-9.779034790961810222e-17
6.655189792311301360e-04,-4.898581009292673138e-18,-4.898581009292673138e-18,-4.898581009292673138e-18,-9.207856207727582763e-17
6.231526231377839667e-04,-2.875579237031963779e-18,-2.875579237031963779e-18,-2.875579237031964164e-18,-5.960361225307193047e-17
6.312393252502690108e-04,6.033561147300833854e-19,6.033561147300833854e-19,6.033561147300835780e-19,1.362203390850461422e-17
6.472196509979360980e-04,5.907450025925389128e-18,5.907450025925389128e-18,5.907450025925389128e-18,1.427240421242886416e-16
5.973199410891897763e-04,1.346904882576710728e-17,1.346904882576710728e-17,1.346904882576710728e-17,3.412913904656646084e-16
5.446699798838442168e-04,2.366281205818439019e-17,2.366281205818439019e-17,2.366281205818439019e-17,6.175116689962458357e-16
5.289913426898026731e-04,3.706390806386894105e-17,3.706390806386894105e-17,3.706390806386894721e-17,9.667461269629778979e-16
5.113940482792036363e-04,5.229733750120510752e-17,5.229733750120510752e-17,5.229733750120511985e-17,1.363403781202059480e-15
