# Pank,Pftd,Par,GRF
-2.686078098373852197e-03,9.320893703969727943e-17,-2.686078098373758955e-03,-2.396979412043849720e-15
-2.577937360014909574e-03,6.744750846341212970e-17,-2.577937360014841920e-03,-1.699181684375874181e-15
-2.428552372017657186e-03,4.469772223431697927e-17,-2.428552372017612083e-03,-1.085016784854359528e-15
-2.334496973454400128e-03,2.589245574698742452e-17,-2.334496973454374541e-03,-5.993955250810298737e-16
-2.421230772863748170e-03,1.142817978061161882e-17,-2.421230772863736461e-03,-2.503476297913085714e-16
-2.763353886063105343e-03,1.143881216418184756e-18,-2.763353886063104475e-03,-2.352475111320967565e-17
-3.344361114611845310e-03,-5.488732393968375502e-18,-3.344361114611850948e-03,1.051189173471065715e-16
-4.068566068295959189e-03,-9.137566984994806073e-18,-4.068566068295968730e-03,1.620830791428712944e-16
-4.805133744040561428e-03,-1.050207903279348555e-17,-4.805133744040571836e-03,1.720321104461262054e-16
-5.467118377279946845e-03,-1.019358370352228074e-17,-5.467118377279957253e-03,1.541688144646277038e-16
-6.086903236850077156e-03,-8.848964753168434725e-18,-6.086903236850085830e-03,1.238465110343732708e-16
-6.796843019343121184e-03,-6.946565243005403098e-18,-6.796843019343128123e-03,9.026852086833665030e-17
-7.717867223652035043e-03,-4.926764498711780363e-18,-7.717867223652039380e-03,5.955912444780907377e-17
-8.860852079881497909e-03,-3.098917792439263330e-18,-8.860852079881499643e-03,3.481285465153099602e-17
-1.009437972434123858e-02,-1.537126098813156398e-18,-1.009437972434124031e-02,1.598301780872543179e-17
-1.115840980977710062e-02,-4.193419478048172955e-19,-1.115840980977710062e-02,4.012913808289925557e-18
-1.176164608505912874e-02,4.242791714762077124e-19,-1.176164608505912874e-02,-3.710337411453590861e-18
-1.180608696412898707e-02,9.001200641714012186e-19,-1.180608696412898534e-02,-7.158261904445702199e-18
-1.152096023468461572e-02,1.111699696122603183e-18,-1.152096023468461398e-02,-8.012500578072007707e-18
-1.128370984071250596e-02,1.229207365929944859e-18,-1.128370984071250423e-02,-8.017765927768652488e-18
-1.137310856170500872e-02,9.935538161811182732e-19,-1.137310856170500699e-02,-5.868180495679825196e-18
-1.195855314633323049e-02,9.716703593756158165e-19,-1.195855314633322876e-02,-5.209477398143860818e-18
-1.321315835144851875e-02,6.054816316539769181e-19,-1.321315835144851875e-02,-2.960653046485076172e-18
-1.537215804850544133e-02,4.277617337962668363e-19,-1.537215804850544133e-02,-1.923106621186331532e-18
-1.872583820498789978e-02,3.477317992397669410e-19,-1.872583820498789978e-02,-1.452775197121322929e-18
-2.345391445066074762e-02,-1.280338580075194885e-19,-2.345391445066074762e-02,5.043215804703828213e-19
-2.918815139950371035e-02,2.537498996520097547e-19,-2.918815139950371035e-02,-9.591357407167654100e-19
-3.470062367928755664e-02,-3.428662748358844207e-19,-3.470062367928755664e-02,1.267615175735993403e-18
-3.861426219551946509e-02,3.889254741905672713e-20,-3.861426219551946509e-02,-1.441809412730964658e-19
-4.085238960753606596e-02,-4.059444679384673234e-20,-4.085238960753606596e-02,1.531772993272744322e-19
-4.260149948395752784e-02,-3.750550942995983404e-19,-4.260149948395752784e-02,1.450600590817332410e-18
-4.423032439242423342e-02,4.142994750979100210e-19,-4.423032439242423342e-02,-1.678913576496754037e-18
-4.434088197837685041e-02,-5.775069090046178845e-19,-4.434088197837685041e-02,2.485950251028365436e-18
-4.147784641146818468e-02,4.117031091773884575e-19,-4.147784641146818468e-02,-1.913122043413828531e-18
-3.552784183744056579e-02,-1.976659035013943946e-19,-3.552784183744056579e-02,1.012901910314440283e-18
-2.720999358708131241e-02,-1.384251698227480072e-19,-2.720999358708131241e-02,7.961372598292922560e-19
-1.747263410357825439e-02,4.097112603400545205e-19,-1.747263410357825439e-02,-2.764269683472312784e-18
-7.617885864413862125e-03,-5.343015371078955124e-19,-7.617885864413862125e-03,4.412636511592359359e-18
7.964529877279090224e-04,4.750924737438122647e-19,7.964529877279094561e-04,-5.098571363594297630e-18
6.587492570865102065e-03,-2.751135813751991577e-19,6.587492570865102065e-03,4.181746099460583394e-18
9.402340911951601390e-03,6.525584051073171009e-20,9.402340911951601390e-03,-1.626240429931734402e-18
9.621002293603490504e-03,3.928741147738518938e-20,9.621002293603490504e-03,-2.341436298469073237e-18
8.047638145758704772e-03,2.456302146168797669e-20,8.047638145758704772e-03,6.673694971662618206e-18
5.689357488242400424e-03,-2.184600028168354882e-19,5.689357488242400424e-03,-1.009670517486324260e-17
3.561537312181944394e-03,4.162459196383543778e-19,3.561537312181944828e-03,1.109004387640101030e-17
2.488081162544876490e-03,-4.467998081367057535e-19,2.488081162544876490e-03,-8.609379258841557188e-18
2.958817606310203737e-03,1.568142287804873074e-19,2.958817606310203737e-03,2.409816319537313260e-18
5.037881940871261240e-03,5.115006262585746273e-19,5.037881940871261240e-03,6.521519439012022533e-18
8.360392563248039699e-03,-1.453566460510719608e-18,8.360392563248039699e-03,-1.596954852754048375e-17
1.226745859076295783e-02,2.364133149508348522e-18,1.226745859076295957e-02,2.286345914090183754e-17
1.603472301199606112e-02,-2.772179260309552189e-18,1.603472301199605765e-02,-2.405034792125559656e-17
1.911369504018554585e-02,2.192499348811881582e-18,1.911369504018554932e-02,1.737345596787619182e-17
2.125585754253224088e-02,-3.639812516438791933e-19,2.125585754253224088e-02,-2.690547005764172570e-18
2.244020249353260305e-02,-2.515798884565773656e-18,2.244020249353259958e-02,-1.743264858765167196e-17
2.279832246864131259e-02,5.704054392814959910e-18,2.279832246864131953e-02,3.778670069892526096e-17
2.265398083247789282e-02,-8.044304516679767174e-18,2.265398083247788241e-02,-5.147290547204223277e-17
2.244662441825966831e-02,8.303106278737545433e-18,2.244662441825967872e-02,5.175445685289314839e-17
2.247402417424539459e-02,-5.623557026107143724e-18,2.247402417424539112e-02,-3.440649990200365798e-17
2.267919456577507931e-02,-2.444882564279814516e-20,2.267919456577507931e-02,-6.126156710015820543e-20
2.261142257987060547e-02,7.574290030498656906e-18,2.261142257987061241e-02,4.512191145491468876e-17
2.173445574702701291e-02,-1.492312150357506973e-17,2.173445574702699903e-02,-8.861302123671885865e-17
2.005534118976642910e-02,1.937313194316419606e-17,2.005534118976644645e-02,1.151635281180455379e-16
1.824186303913455723e-02,-1.845250939203517168e-17,1.824186303913453988e-02,-1.104685696116946180e-16
1.684406528530999966e-02,1.095205685455490446e-17,1.684406528531001354e-02,6.651331587898596090e-17
1.582947052185752421e-02,2.286809710896973330e-18,1.582947052185752768e-02,1.374554608088211550e-17
1.497922866896529530e-02,-1.821748515816446672e-17,1.497922866896527795e-02,-1.140140919260992596e-16
1.424686338424199783e-02,3.212344359986474541e-17,1.424686338424203079e-02,2.061311552431311197e-16
1.370932469533124760e-02,-3.883038466391612108e-17,1.370932469533120771e-02,-2.560540845324696959e-16
1.342954030589116679e-02,3.439697433746801766e-17,1.342954030589120148e-02,2.337005305984183795e-16
1.342070727641944336e-02,-1.771838765905320985e-17,1.342070727641942428e-02,-1.244655766642503973e-16
1.366714558929682348e-02,-8.576051491633561511e-18,1.366714558929681481e-02,-6.101288060328537436e-17
1.412098504524431607e-02,3.828152851575232583e-17,1.412098504524435597e-02,2.827221376755034043e-16
1.468640046117293367e-02,-6.281849774648577996e-17,1.468640046117287122e-02,-4.759260380483318394e-16
1.526241329923526575e-02,7.318690542532741238e-17,1.526241329923533861e-02,5.657110193544428667e-16
1.581421614767385478e-02,-6.238295514895143463e-17,1.581421614767379233e-02,-4.894962458567522981e-16
1.636343432587938559e-02,2.797040558915246180e-17,1.636343432587941335e-02,2.222527246521925235e-16
1.690537682386635682e-02,2.567874075220591095e-17,1.690537682386638457e-02,2.033647517785872420e-16
1.735500217209863180e-02,-8.626492099966985379e-17,1.735500217209854507e-02,-6.904329164580373399e-16
1.757030072971511869e-02,1.349144233663724053e-16,1.757030072971525400e-02,1.091147085715317891e-15
1.745329718639061778e-02,-1.510992468999667007e-16,1.745329718639046859e-02,-1.241746707370517469e-15
1.707184366528261346e-02,1.203716748258641476e-16,1.707184366528273142e-02,1.013661019260636766e-15
1.667381289862590599e-02,-4.217907788061582973e-17,1.667381289862586435e-02,-3.683521433900667982e-16
1.649212551858100784e-02,-6.597919330768994189e-17,1.649212551858094192e-02,-6.017617989401845152e-16
1.642195532331430091e-02,1.716545681241643296e-16,1.642195532331447091e-02,1.664625013515755548e-15
1.599623106334232409e-02,-2.382321550003301721e-16,1.599623106334208469e-02,-2.484967109879673030e-15
1.485322277252761405e-02,2.387449949945488707e-16,1.485322277252785345e-02,2.707299128571906754e-15
1.306673876418800589e-02,-1.664462606860827381e-16,1.306673876418783936e-02,-2.071360986184409586e-15
1.092192585501764596e-02,3.845138553554531004e-17,1.092192585501768412e-02,5.305459590536018468e-16
8.582846473475052446e-03,1.081644877318337925e-16,8.582846473475159998e-03,1.666354851703585223e-15
5.977254512790081652e-03,-2.269579625979168826e-16,5.977254512789854403e-03,-3.969365579673832892e-15
2.804602903165675284e-03,2.773316995738561081e-16,2.804602903165952406e-03,5.622801351154136174e-15
-1.281522160856908739e-03,-2.409763721853101571e-16,-1.281522160857149865e-03,-5.860676009005634062e-15
-6.259192237420546125e-03,1.347138643921980979e-16,-6.259192237420410816e-03,4.165611530913915059e-15
-1.142249802487326285e-02,-1.188668141416920858e-17,-1.142249802487327499e-02,-5.226754281337034825e-16
-1.552204765393802241e-02,-5.617271916756956692e-17,-1.552204765393807966e-02,-4.421019376789712712e-15
-1.727799728189311976e-02,1.787651163350011597e-17,-1.727799728189309894e-02,9.373677672141868710e-15
-1.584415640055908056e-02,1.175639914750642621e-16,-1.584415640055896607e-02,-1.264278643055952517e-14
-1.095321499409797165e-02,-2.607483509275703592e-16,-1.095321499409823360e-02,1.259083286677122052e-14
-2.986901598650056749e-03,2.636821162981224782e-16,-2.986901598649793071e-03,-8.212882308330255029e-15
6.670450154309979368e-03,1.474122285362187563e-17,6.670450154309994113e-03,-3.244487805758836457e-16
1.534116702926104601e-02,-6.133711673093663708e-16,1.534116702926043366e-02,1.137990904875034980e-14
1.975825131581332092e-02,1.381232815120737379e-15,1.975825131581470176e-02,-2.194398937665681098e-14
1.819347992827865038e-02,-1.969249769571005452e-15,1.819347992827668320e-02,2.825003093926304326e-14
1.252270225453335807e-02,1.969220637509263951e-15,1.252270225453532872e-02,-2.682704405810827667e-14
7.039372865372122388e-03,-1.164989078369131636e-15,7.039372865370956654e-03,1.578350192256452748e-14
4.487839149493501323e-03,-2.921521998199925640e-16,4.487839149493209022e-03,4.064451233546193823e-15
4.484984817466080957e-03,1.929401382467926396e-15,4.484984817468009970e-03,-2.863236638655253755e-14
5.513097448665629612e-03,-3.146671381354445439e-15,5.513097448662482823e-03,5.096489292921419908e-14
6.863880907456873688e-03,3.446261900263342051e-15,6.863880907460319716e-03,-6.272920535559583927e-14
8.603494807685914403e-03,-2.675439904773891522e-15,8.603494807683239459e-03,5.664162744409765535e-14
1.048408979891806564e-02,1.147597934599490909e-15,1.048408979891921403e-02,-2.929421288970400466e-14
1.168976014090484725e-02,5.243627689593586546e-16,1.168976014090537113e-02,-1.650855082885816591e-14
1.161997148788995737e-02,-1.763232478199153029e-15,1.161997148788819489e-02,7.075528564366362427e-14
1.033014203194625516e-02,2.270825601835790818e-15,1.033014203194852591e-02,-1.174994026614438376e-13
8.266541926231772350e-03,-2.064445256972246449e-15,8.266541926229708029e-03,1.384008392674415957e-13
5.907595899878589039e-03,1.371329634373195191e-15,5.907595899879960338e-03,-1.183802414222417473e-13
3.616701251741486541e-03,-4.737029380602945220e-16,3.616701251741012962e-03,5.165571101960504889e-14
1.622802890338381808e-03,-3.965760501554994219e-16,1.622802890337985424e-03,5.328838755598246331e-14
3.568855938010420241e-05,1.086164945055393793e-15,3.568855938119036970e-05,-1.723036977483861990e-13
-1.120304616781535268e-03,-1.492705695271580688e-15,-1.120304616783027998e-03,2.690155190287889842e-13
-1.871629540611917950e-03,1.534639757491519222e-15,-1.871629540610383370e-03,-3.033573326913722200e-13
-2.276997582996744419e-03,-1.160698719481503757e-15,-2.276997582997904949e-03,2.445477112863756860e-13
-2.419918572495683741e-03,3.842167953017512225e-16,-2.419918572495299066e-03,-8.373853325252193363e-14
-2.392929159044670032e-03,6.756262654545938935e-16,-2.392929159043993923e-03,-1.550046757111300792e-13
-2.269094801358639748e-03,-1.781026665586652860e-15,-2.269094801360420875e-03,4.145246280255556446e-13
-2.088496490508049558e-03,2.588230133938036069e-15,-2.088496490505461350e-03,-6.117018660275866183e-13
-1.869308748483066622e-03,-2.754128528652490201e-15,-1.869308748485820930e-03,6.605641791861019312e-13
-1.617923620519732012e-03,2.056792257485925959e-15,-1.617923620517675064e-03,-4.980953692292627322e-13
-1.336206193186710274e-03,-4.881541475619289306e-16,-1.336206193187198382e-03,1.151147852674260348e-13
-1.041345048210399592e-03,-1.747635423885837677e-15,-1.041345048212147326e-03,4.247897863661152444e-13
-7.781975256540498050e-04,4.229281564880444659e-15,-7.781975256498205491e-04,-9.866476603515561867e-13
-6.034885932833962668e-04,-6.211939069125823681e-15,-6.034885932896082031e-04,1.381702464890196003e-12
-5.644759564117978953e-04,6.718382032102623302e-15,-5.644759564050795281e-04,-1.428784515539406576e-12
-6.890440617520738166e-04,-4.848127180629894259e-15,-6.890440617569220435e-04,9.964663216066114873e-13
-9.738197665264295777e-04,5.061555296098669077e-16,-9.738197665259233637e-04,-9.621891581389590983e-14
-1.375328184098223308e-03,5.499807544040109487e-15,-1.375328184092723584e-03,-1.121642173485397259e-12
-1.825309929489216283e-03,-1.145332154901787076e-14,-1.825309929500669795e-03,2.322844834688667746e-12
-2.259174290502021822e-03,1.543915153046746768e-14,-2.259174290486582349e-03,-3.105182238347334236e-12
-2.638841416758918017e-03,-1.547365412780229913e-14,-2.638841416774391751e-03,3.063149997543822405e-12
-2.963662004164111918e-03,1.011644417829320635e-14,-2.963662004153995878e-03,-1.954143708327679699e-12
-3.246541900723626251e-03,7.005743121688280817e-16,-3.246541900722925422e-03,-1.469753862754221199e-13
-3.466706588507014776e-03,-1.573266969278616853e-14,-3.466706588522747851e-03,2.881859904126052771e-12
-3.566223638533273441e-03,3.157020956752624892e-14,-3.566223638501703208e-03,-5.410493392808082450e-12
-3.504507483990646193e-03,-4.458157284988444474e-14,-3.504507484035227719e-03,6.957612411439448286e-12
-3.308752199727950632e-03,4.665942270518111843e-14,-3.308752199681291341e-03,-6.475798873546642542e-12
-3.080138834014441770e-03,-3.082790872121982259e-14,-3.080138834045269541e-03,3.780063121080911696e-12
-2.928956024997227733e-03,-1.064233108656784696e-14,-2.928956025007869828e-03,1.203892990765941845e-12
-2.872389517775895441e-03,6.994343544208528406e-14,-2.872389517705951825e-03,-7.162749314751110196e-12
-2.836512089004206583e-03,-1.305495453855944622e-13,-2.836512089134756234e-03,1.258695591373840608e-11
-2.736138763182322398e-03,1.671732949873136801e-13,-2.736138763015148832e-03,-1.542893632773317053e-11
-2.510733962423074197e-03,-1.526854278633776911e-13,-2.510733962575759787e-03,1.357209737352947118e-11
-2.139015359230210869e-03,8.298076381016175115e-14,-2.139015359147230372e-03,-7.146449378864402585e-12
-1.650975813858139357e-03,5.726590853945521894e-14,-1.650975813800873533e-03,-4.839610759243028693e-12
-1.110221974150809275e-03,-2.096034281015544686e-13,-1.110221974360412660e-03,1.712074695124446211e-11
-5.794640877863397417e-04,3.740885019477660020e-13,-5.794640874122512861e-04,-2.973167963288106000e-11
-1.040606188528126125e-04,-4.276767200745301001e-13,-1.040606192804893190e-04,3.301494572416894395e-11
2.758781359731591817e-04,3.920679816607246691e-13,2.758781363652271787e-04,-2.943507958115040893e-11
5.062592146034272655e-04,-1.554753503195016181e-13,5.062592144479519151e-04,1.137036453831090461e-11
5.206269614226211474e-04,-1.928258526504655077e-13,5.206269612297952489e-04,1.386330352384049728e-11
2.724089569828065552e-04,5.910831784975015418e-13,2.724089575738897814e-04,-4.200859139656249590e-11
-2.197615552550963086e-04,-9.744012523854623485e-13,-2.197615562294975595e-04,6.886344435174036351e-11
-8.674041752933459243e-04,9.866468785716421460e-13,-8.674041743066990707e-04,-6.927774990546069953e-11
-1.567711007885590896e-03,-9.583661822149169904e-13,-1.567711008843957095e-03,6.667677426179807068e-11
-2.254150137275963504e-03,1.170191103407076481e-13,-2.254150137158944262e-03,-7.820996814927390663e-12
-2.894414505000831184e-03,3.852536688417503512e-13,-2.894414504615577290e-03,-2.533151727469992966e-11
-3.472512691460437166e-03,-1.898331512721162686e-12,-3.472512693358768051e-03,1.203165295363449019e-10
-3.983392651834570357e-03,2.213856483507601072e-12,-3.983392649620713655e-03,-1.327803861865839601e-10
-4.425985070588498056e-03,-3.104373039069503082e-12,-4.425985073692871585e-03,1.756830719392508967e-10
-4.798497130794059269e-03,2.157452078951040562e-12,-4.798497128636607968e-03,-1.144426658082248397e-10
-5.107459185555187492e-03,-2.386114660628396815e-13,-5.107459185793798706e-03,1.168299322396310035e-11
-5.377106086316062357e-03,-1.416800471427678204e-12,-5.377106087732863061e-03,6.565778774638223531e-11
-5.642089523661917953e-03,7.612641686070918192e-12,-5.642089516049276533e-03,-3.307938731092349470e-10
-5.923520153882062302e-03,-4.837281755629207177e-12,-5.923520158719344786e-03,1.965041546925091469e-10
-6.214440513729550981e-03,1.476279185113556409e-11,-6.214440498966759298e-03,-5.599930726537108725e-10
-6.502152507827105646e-03,1.342098988718673653e-12,-6.502152506485006471e-03,-4.667164873486004442e-11
-6.797284593532890162e-03,1.100134090195084506e-11,-6.797284582531549699e-03,-3.634152510051990909e-10
-7.124389324598110612e-03,2.145931983471554021e-11,-7.124389303138790180e-03,-6.611238420689102667e-10
-7.505721659771078837e-03,-8.328433752628247681e-12,-7.505721668099513133e-03,2.371055087135640345e-10
-7.969037498919950488e-03,3.562539060279831230e-11,-7.969037463294558962e-03,-9.488411743669282425e-10
-8.537772754202839834e-03,-3.643377246892293464e-11,-8.537772790636610765e-03,8.783923827698715191e-10
-9.199225505031371000e-03,-1.042645041363691987e-11,-9.199225515457822369e-03,2.147493184967789191e-10
-9.895250023460439720e-03,-7.264082348570745099e-11,-9.895250096101263632e-03,1.447952402793665713e-09
-1.054645397342250830e-02,-1.845409681132287020e-10,-1.054645415796347588e-02,3.349977488306560935e-09
-1.111583576126520291e-02,-1.642075407017267780e-10,-1.111583592547274284e-02,2.676465792964699713e-09
-1.170161020646523845e-02,-4.910982954304829310e-10,-1.170161069756353242e-02,7.260491007175910439e-09
-1.258169437052697459e-02,-4.070950389428669007e-10,-1.258169477762201456e-02,5.417217085082601196e-09
-1.414912992360309145e-02,-7.275806370331484446e-10,-1.414913065118372781e-02,8.778482973711855396e-09
-1.681637231524573187e-02,-7.211533653617953933e-10,-1.681637303639909806e-02,7.925596288171005879e-09
-2.103385877762928291e-02,-3.366756610432600115e-10,-2.103385911430494595e-02,3.416875477878915782e-09
-2.726227711889399330e-02,-2.914169474190415707e-10,-2.726227741031093943e-02,2.764309215103606707e-09
-3.542481732688907564e-02,1.606534564658098543e-09,-3.542481572035450360e-02,-1.408705865837271423e-08
-4.409076401219622077e-02,2.675246834167478184e-09,-4.409076133694939115e-02,-2.252924066389736971e-08
-5.068522668892636723e-02,5.958097553317651013e-09,-5.068522073082881718e-02,-4.925312935038603370e-08
-5.321885776119105599e-02,9.250971931599780612e-09,-5.321884851021911611e-02,-7.663860115287789037e-08
-5.193542236777391047e-02,1.215644453647120637e-08,-5.193541021132937890e-02,-1.030023510085459809e-07
-4.875951777175377422e-02,1.654473543848740889e-08,-4.875950122701833839e-02,-1.462832273796789881e-07
-4.492875824355710423e-02,1.645164279086919259e-08,-4.492874179191430617e-02,-1.543818187518561039e-07
-3.976884049846555330e-02,1.693956512747686553e-08,-3.976882355890042076e-02,-1.726225700069032906e-07
-3.179780312283029403e-02,1.136694595401933540e-08,-3.179779175588434009e-02,-1.282427769709473298e-07
-2.020257951741321126e-02,2.775529489131565649e-09,-2.020257674188372446e-02,-3.286313872658240594e-08
-5.479627173224402639e-03,-7.658454243242175796e-09,-5.479634831678645811e-03,1.325111277197949388e-07
1.045450927492833776e-02,-2.027091193049350047e-08,1.045448900401640610e-02,4.496015452387827125e-07
2.473775868911453138e-02,-2.571740826350030215e-08,2.473773297170626939e-02,8.342406140346940873e-07
3.467569966245467178e-02,-2.423187978276892416e-08,3.467567543057489127e-02,1.417098982827938777e-06
3.893043682529747501e-02,-1.010940278265426980e-08,3.893042671589469483e-02,2.053255209198076896e-06
3.798722683350624213e-02,1.409513931170942272e-08,3.798724092864555479e-02,2.731044234098243469e-06
3.363248544105192084e-02,4.321128726961920082e-08,3.363252865233919142e-02,3.337438830959055645e-06
2.800161790760286040e-02,6.327471163581933906e-08,2.800168118231450079e-02,3.502082769205419852e-06
2.279443886769506530e-02,6.271779523808594353e-08,2.279450158549030034e-02,3.130327586735124467e-06
1.892166671639680664e-02,1.098247257297831601e-08,1.892167769886938036e-02,1.502179548292341057e-06
1.663308502792524429e-02,-1.122605693326876353e-07,1.663297276735591426e-02,-1.655365973085554969e-06
1.579426653786140250e-02,-3.411909966135636808e-07,1.579392534686479069e-02,-6.998218060009704507e-06
1.601045143547877303e-02,-7.062824217833715288e-07,1.600974515305698953e-02,-1.507861919755136679e-05
1.666258688588344999e-02,-1.200339952131990231e-06,1.666138654593131777e-02,-2.573443806753105976e-05
1.706504868466177105e-02,-1.823820289195034231e-06,1.706322486437257882e-02,-3.915669187476177634e-05
1.681533228606296726e-02,-2.468328936812027702e-06,1.681286395712615345e-02,-5.348750449714440264e-05
1.601404518310024089e-02,-3.008962553883039380e-06,1.601103622054635828e-02,-6.670835504400275521e-05
1.509349798659877749e-02,-3.201579262614237299e-06,1.509029640733616263e-02,-7.437726109434277043e-05
1.450831693522019843e-02,-2.714717655390871628e-06,1.450560221756480757e-02,-6.986233880480040715e-05
1.453048986101629012e-02,-1.210891601989400600e-06,1.452927896941429847e-02,-4.542782066370604254e-05
1.513478024088500858e-02,1.787648821187593030e-06,1.513656788970619421e-02,1.068072337146270810e-05
1.606452347604833339e-02,6.605209481672241631e-06,1.607112868553000479e-02,1.085879731315062127e-04
1.706917254687593047e-02,1.358319200999467582e-05,1.708275573888592275e-02,2.597861059244680588e-04
1.802139265265901430e-02,2.276400547559859620e-05,1.804415665813461148e-02,4.700413976940014094e-04
1.880311168002382627e-02,3.369495454823348546e-05,1.883680663457205917e-02,7.351464114435082766e-04
1.918369851386114017e-02,4.522383165841139206e-05,1.922892234551954946e-02,1.037472757895456467e-03
1.885590192724298161e-02,5.475100171026521474e-05,1.891065292895324768e-02,1.330045144417816867e-03
1.761979935277387804e-02,5.847092194026589116e-05,1.767827027471414666e-02,1.537973056588016162e-03
1.564710522061608933e-02,5.089256573690436502e-05,1.569799778635299486e-02,1.539361330816390065e-03
1.355283868074841705e-02,2.586260055313761589e-05,1.357870128130155354e-02,1.167936787704982248e-03
1.200910293288744504e-02,-2.197737190500540481e-05,1.198712556098244057e-02,2.152257170440468736e-04
1.125796080111105511e-02,-9.586795479552195161e-05,1.116209284631553347e-02,-1.562687046237249593e-03
1.113639313927898729e-02,-1.950425725277622941e-04,1.094135056675122480e-02,-4.392306986872569242e-03
1.144342931799080532e-02,-3.148876810470631143e-04,1.112854163694374128e-02,-8.444683841230682039e-03
1.211805809424026069e-02,-4.448093127817974815e-04,1.167324878145846456e-02,-1.371733698869921983e-02
1.318489726625890132e-02,-5.673288296671131960e-04,1.261756843659178791e-02,-1.991668077030218573e-02
1.464618074440308601e-02,-6.569164840313220866e-04,1.398926426037176360e-02,-2.629266916285384267e-02
1.643856652050991810e-02,-6.775861595803337432e-04,1.576098036092958565e-02,-3.142668991240240434e-02
1.846109894979173355e-02,-5.804449692514639754e-04,1.788065398054026686e-02,-3.308837579769385168e-02
2.057504361786842775e-02,-2.978064873848787811e-04,2.027723713048354762e-02,-2.805214974288810365e-02
2.258180815098817171e-02,2.543674002984421521e-04,2.283617555128661381e-02,-1.214453122530919152e-02
2.423498062555502416e-02,1.163578693659096273e-03,2.539855931921412152e-02,1.955131710222485567e-02
2.527352493920750551e-02,2.488367846049575893e-03,2.776189278525708140e-02,7.210654335904759238e-02
2.549642366490331366e-02,4.204833323885883226e-03,2.970125698878919515e-02,1.495758897617064098e-01
2.486940651974138897e-02,6.151208138859959144e-03,3.102061465860134551e-02,2.533145926091046052e-01
2.353910989433776607e-02,7.985932053938531866e-03,3.152504194827630141e-02,3.793139963601206421e-01
2.169213769833968838e-02,9.195220575115565023e-03,3.088735827345525514e-02,5.149912067792271619e-01
1.941533680212296012e-02,9.154707838863559988e-03,2.857004464098652011e-02,6.352338197371291129e-01
1.674668633091011202e-02,7.256089845771262342e-03,2.400277617668137436e-02,6.983519557582967829e-01
1.388320495232835475e-02,3.085697222756049376e-03,1.696890217508440282e-02,6.429809779614750198e-01
1.127408871330849022e-02,-3.402491527352574045e-03,7.871597185955916606e-03,3.867883680935468305e-01
9.338750363154754361e-03,-1.171807531490932398e-02,-2.379324951754569623e-03,-1.701076279195946339e-01
8.023392593217869642e-03,-2.064245754560497734e-02,-1.261906495238710769e-02,-1.135373696958855039e+00
6.754714511961547145e-03,-2.802835999769329872e-02,-2.127364548573175418e-02,-2.604503976315534430e+00
4.864985950928830960e-03,-3.080451209992771458e-02,-2.593952614899888362e-02,-4.627624535369244896e+00
2.021393399961727601e-03,-2.551860116683772259e-02,-2.349720776687599585e-02,-7.161205138525878588e+00
-1.592805354368796115e-03,-9.594441612682257786e-03,-1.118724696705105520e-02,-1.000227968579164362e+01
-5.399682016567321566e-03,1.685254440060071288e-02,1.145286238403339131e-02,-1.270948370135660888e+01
-8.891877840729721372e-03,4.901303351937376374e-02,4.012115567864404236e-02,-1.451777289319324638e+01
-1.200539093857177012e-02,7.572150013895841136e-02,6.371610920038664472e-02,-1.426214094716734770e+01
-1.476915599282471910e-02,7.925875028460623029e-02,6.448959429178151292e-02,-1.033694828728344639e+01
-1.647550345749915560e-02,3.856720262189952675e-02,2.209169916440037462e-02,-7.343415463981667335e-01
-1.595670947757641539e-02,-6.219188007238862087e-02,-7.814858954996503626e-02,1.678449899236776943e+01
-1.487965448326711987e-02,-2.202477166157279509e-01,-2.351273710989950638e-01,4.432947569373778407e+01
-2.367087849109530615e-02,-4.019110357564122937e-01,-4.255819142475075756e-01,8.326766706483557812e+01
-6.378857450990199629e-02,-5.437010167655002002e-01,-6.074895912754022520e-01,1.333273567717707238e+02
-1.559074458345771630e-01,-5.789431531282324128e-01,-7.348505989628095758e-01,1.917290081478024888e+02
-2.953060038484144334e-01,-4.822102966358505216e-01,-7.775163004842648995e-01,2.534097059288933451e+02
-4.399263135540623648e-01,-2.924714959363948208e-01,-7.323978094904571856e-01,3.129573138345245980e+02
-5.313574468729177491e-01,-8.428514447508676788e-02,-6.156425913480045864e-01,3.666854438778109966e+02
-5.285518348119085941e-01,8.368030174658064313e-02,-4.448715330653279509e-01,4.131350562541529143e+02
-4.238859969925486415e-01,1.908056707355930692e-01,-2.330803262569555723e-01,4.525604473638534841e+02
-2.414706957562266221e-01,2.420479254224195131e-01,5.772296661928938855e-04,4.863285558294013526e+02
-2.825711622476096557e-02,2.498658889968170538e-01,2.216087727720560951e-01,5.161861082143559543e+02
1.633143814654987869e-01,2.265294271439721729e-01,3.898438086094709321e-01,5.435949855760637774e+02
2.971387510275645960e-01,1.835302044516849418e-01,4.806689554792494823e-01,5.695637601355065271e+02
3.643245899284604516e-01,1.318137341617128810e-01,4.961383240901733327e-01,5.948075432134630773e+02
3.769452884091626377e-01,8.080618336868275464e-02,4.577514717778453646e-01,6.197792919686269215e+02
3.539688040609890729e-01,3.704737091718698916e-02,3.910161749781760898e-01,6.445386414802022728e+02
3.105251469951427756e-01,3.639802952548111276e-03,3.141649499476908969e-01,6.687570077899400758e+02
2.546701619487698465e-01,-1.912399971137972166e-02,2.355461622373901109e-01,6.919095524753934114e+02
1.898333863977492153e-01,-3.252011172671662870e-02,1.573132746710325658e-01,7.134398213941293534e+02
1.188620087104681061e-01,-3.823135433939765793e-02,8.063065437107044819e-02,7.327961456236658933e+02
4.639695348418541865e-02,-3.769771004974308698e-02,8.699243434442335138e-03,7.494174942903591727e+02
-2.135742426468897198e-02,-3.210992869293499002e-02,-5.346735295762396201e-02,7.627416131833319923e+02
-7.868350488458733527e-02,-2.275232995482373219e-02,-1.014358348394110571e-01,7.722571485953870933e+02
-1.226162282413881255e-01,-1.116587668557874474e-02,-1.337821049269668772e-01,7.775993337796552396e+02
-1.537469004152846597e-01,1.101441973795830743e-03,-1.526454584414888294e-01,7.786336281158792190e+02
-1.753395096228184125e-01,1.292691463865437707e-02,-1.624125949841640215e-01,7.754731368401280633e+02
-1.917979219207118780e-01,2.378912171057361719e-02,-1.680088002101382538e-01,7.684425831455494063e+02
-2.071885861203906498e-01,3.354416707783623025e-02,-1.736444190425543987e-01,7.580280585121424792e+02
-2.242047097667316802e-01,4.216933154690082064e-02,-1.820353782198308734e-01,7.448268453426378528e+02
-2.437270050061873528e-01,4.970955038193420467e-02,-1.940174546242531550e-01,7.294930532435165560e+02
-2.647171661753891514e-01,5.620688344118249247e-02,-2.085102827342066312e-01,7.126894371842174678e+02
-2.846238019310499689e-01,6.150537404656490625e-02,-2.231184278844850488e-01,6.950488344193952344e+02
-3.004488950850089934e-01,6.519099224223816325e-02,-2.352579028427708441e-01,6.771413075865810924e+02
-3.097148558243527083e-01,6.690707702765258391e-02,-2.428077787967000967e-01,6.594588000940133270e+02
-3.111561633256463844e-01,6.689848436014798894e-02,-2.442576789654984371e-01,6.424154297680001946e+02
-3.054554608199891441e-01,6.620217543286401052e-02,-2.392532853871251197e-01,6.263528674609983682e+02
-2.950427222445243247e-01,6.609487778424115445e-02,-2.289478444602831841e-01,6.115449276224611594e+02
-2.823893099581004096e-01,6.723839509831154582e-02,-2.151509148597888499e-01,5.981924361892533852e+02
-2.684368056284026638e-01,6.922411022285547555e-02,-1.992126954055471466e-01,5.864181090586487244e+02
-2.527511084198489910e-01,7.088274293580074104e-02,-1.818683654840482777e-01,5.762787685656303438e+02
-2.350146023425822572e-01,7.125659866151304311e-02,-1.637580036810692141e-01,5.677849887840848169e+02
-2.160765505620760862e-01,7.027237671302793975e-02,-1.458041738490481465e-01,5.609122593699099752e+02
-1.973941197784377932e-01,6.834898174623481315e-02,-1.290451380322029939e-01,5.556156952208376651e+02
-1.800135854215948739e-01,6.573887295610754411e-02,-1.142747124654873436e-01,5.518510076487867764e+02
-1.645425177190353583e-01,6.245377105889835662e-02,-1.020887466601369947e-01,5.495748783093124530e+02
-1.514156026118746723e-01,5.830808114713466328e-02,-9.310752146473999513e-02,5.487296352422566770e+02
-1.404973707429748586e-01,5.271520817145397553e-02,-8.778216257152088309e-02,5.492405399896549625e+02
-1.307999363816631233e-01,4.477741122301708010e-02,-8.602252515864602933e-02,5.510214568419670513e+02
-1.212456765926304275e-01,3.399478800837509723e-02,-8.725088858425532334e-02,5.539768888394279429e+02
-1.117521983080624060e-01,2.103317673865537710e-02,-9.071902156940703232e-02,5.580041238207796823e+02
-1.032964381141480426e-01,7.723673265198062639e-03,-9.557276484894997037e-02,5.629955342743137408e+02
-9.698936111067062160e-02,-3.882095303605895102e-03,-1.008714564142765141e-01,5.688357608013220670e+02
-9.356302545028755135e-02,-1.256150905637294993e-02,-1.061245345066605117e-01,5.754003248758069731e+02
-9.373664926760759408e-02,-1.801522937911203062e-02,-1.117518786467196074e-01,5.825653624401481920e+02
-9.818006690503716660e-02,-2.018236027232340329e-02,-1.183624271773605630e-01,5.902193274982048479e+02
-1.067900480272078040e-01,-1.894097544659388913e-02,-1.257310234738016896e-01,5.982649977399161116e+02
-1.182037891097519888e-01,-1.474788940553756374e-02,-1.329516785152895508e-01,6.066186905952012012e+02
-1.297278736028526502e-01,-9.377981564616911028e-03,-1.391058551674695665e-01,6.152197445157588618e+02
-1.384057612540662563e-01,-5.137583565002709803e-03,-1.435433448190689687e-01,6.240409071934036547e+02
-1.434477745545403859e-01,-2.715261166498172517e-03,-1.461630357210385311e-01,6.330767426564269726e+02
-1.472450203211463637e-01,-3.600924274160833280e-04,-1.476051127485624448e-01,6.423206674085803343e+02
-1.532224951517279499e-01,4.363178145509562407e-03,-1.488593170062183779e-01,6.517508157028942151e+02
-1.632530986425189123e-01,1.248967546255574587e-02,-1.507634231799631908e-01,6.613176810223420716e+02
-1.771917156568912910e-01,2.336670133375168268e-02,-1.538250143231396083e-01,6.709375775078850666e+02
-1.933840046393552337e-01,3.552860002294354336e-02,-1.578554046164116764e-01,6.805016585671028224e+02
-2.087704650323716493e-01,4.746537940083881552e-02,-1.613050856315328130e-01,6.898866060210663136e+02
-2.191549060969579521e-01,5.808137021591810306e-02,-1.610735358810398699e-01,6.989571111277895170e+02
-2.198809669126335076e-01,6.688195650423479910e-02,-1.529990104083987223e-01,7.075662948527176468e+02
-2.063019902357725588e-01,7.385086478286113920e-02,-1.324511254529114335e-01,7.155602302802773238e+02
-1.747787168251980494e-01,7.917942068768912822e-02,-9.559929613750890731e-02,7.227901357767772197e+02
-1.255636474896159871e-01,8.310102725609694319e-02,-4.246262023351903697e-02,7.291326376016778568e+02
-6.477390696007788440e-02,8.588258737173211366e-02,2.110868041165423273e-02,7.345046672380186692e+02
-1.222557769310680898e-03,8.782581824961303851e-02,8.660326048030235480e-02,7.388612478702900717e+02
5.887831755177008741e-02,8.929023528656301889e-02,1.481685528383331063e-01,7.421875770972073951e+02
1.139442606590034823e-01,9.078721766119610126e-02,2.047314783201995836e-01,7.444920745324234304e+02
1.660115457076279943e-01,9.298685639198618624e-02,2.589984020996141667e-01,7.457938605003635075e+02
2.179342039516942997e-01,9.657846083074685117e-02,3.145126647824411648e-01,7.461073470640852747e+02
2.699783590506341091e-01,1.021546750148542987e-01,3.721330340654884217e-01,7.454271190744015030e+02
3.191150314311502201e-01,1.101970086150597800e-01,4.293120400462099862e-01,7.437115380954372768e+02
3.610145854237678531e-01,1.210413401468345279e-01,4.820559255706023394e-01,7.408667206475895455e+02
3.917366364697494330e-01,1.345773222259274426e-01,5.263139586956768756e-01,7.367325107863179028e+02
4.087265954091833797e-01,1.495354513266928809e-01,5.582620467358762051e-01,7.310689691788187474e+02
4.127738073118976669e-01,1.626962246599637507e-01,5.754700319718614177e-01,7.235460494579314172e+02
4.120684648538557315e-01,1.688308089613059226e-01,5.808992738151615987e-01,7.137404947446848382e+02
4.259792550355626650e-01,1.623051496125607340e-01,5.882844046481233713e-01,7.011378520847152913e+02
4.822164821274984581e-01,1.396768492527473149e-01,6.218933313802457175e-01,6.851463456484540302e+02
6.042713618951497390e-01,1.005858767816470295e-01,7.048572386767968379e-01,6.651327879065140678e+02
7.974804734353662106e-01,4.617041231245181537e-02,8.436508857478179912e-01,6.404839036752402990e+02
1.047434796193400519e+00,-2.263651199879881254e-02,1.024798284194601727e+00,6.106961366711406072e+02
1.329013439190579682e+00,-1.049386730147342101e-01,1.224074766175845541e+00,5.754752250237637554e+02
1.611975001796403628e+00,-1.976891593706686101e-01,1.414285842425734963e+00,5.348182506973602131e+02
1.861462580135254008e+00,-2.926344409532571356e-01,1.568828139181996928e+00,4.890777113893459500e+02
2.040578753756576269e+00,-3.744698013046940943e-01,1.666108952451881953e+00,4.390082955872050547e+02
2.115748922507701302e+00,-4.220789118955229346e-01,1.693670010612178256e+00,3.857799740505998329e+02
2.063153441092838936e+00,-4.134510704450196639e-01,1.649702370647819327e+00,3.309400949742763487e+02
1.876387010498901331e+00,-3.339719567946378143e-01,1.542415053704263350e+00,2.763045125028762072e+02
1.573710967055397036e+00,-1.861998411238331708e-01,1.387511125931563782e+00,2.237706827821543243e+02
1.199357959827554776e+00,3.731038210818348345e-03,1.203088998038373214e+00,1.750888430834817768e+02
8.130161580716214198e-01,1.902033216285609341e-01,1.003219479700182326e+00,1.316458120938850698e+02
4.699906808929802393e-01,3.248280934297217426e-01,7.948187743227019819e-01,9.432401547402923825e+01
2.049538000172005103e-01,3.757609556388429861e-01,5.807147556560434687e-01,6.349431546243285140e+01
2.908916212666377843e-02,3.368409200860071340e-01,3.659300822126709263e-01,3.911005560629570255e+01
-6.404398649273715383e-02,2.264393829983326056e-01,1.623953965055954796e-01,2.081090835272252804e+01
-9.322690118834849049e-02,8.239837523309068157e-02,-1.082852595525780545e-02,7.989523404229400327e+00
-8.393633536168963738e-02,-5.015443707907981524e-02,-1.340907724407694457e-01,-1.790140772881996245e-01
-5.939474238568667047e-02,-1.379838688220786924e-01,-1.973786112077653421e-01,-4.684217799270386173e+00
-3.412891408733315785e-02,-1.712128970052637644e-01,-2.053418110925969153e-01,-6.552818282363064739e+00
-1.410776224333404154e-02,-1.598602791831786885e-01,-1.739680414265127317e-01,-6.708832565229933209e+00
-2.691290120310316117e-04,-1.230950918011789325e-01,-1.233642208132099544e-01,-5.894799036486272570e+00
8.252121435510600955e-03,-7.943427919787941771e-02,-7.118215776236881676e-02,-4.652795467136989771e+00
1.249114328687835583e-02,-4.129493585986458021e-02,-2.880379257298621917e-02,-3.340726115559809806e+00
1.354874513139371801e-02,-1.405419282268432352e-02,-5.054476912906040930e-04,-2.166162448904981108e+00
1.299730539498491350e-02,2.060665873426975429e-03,1.505797126841188806e-02,-1.225421365945893015e+00
1.256917023337516225e-02,9.385779437805283690e-03,2.195494967118044594e-02,-5.403769747261721879e-01
1.328145602045228794e-02,1.087763139994144326e-02,2.415908742039373294e-02,-8.879039446720331241e-02
1.510034559357842886e-02,9.120091988981098713e-03,2.422043758255952584e-02,1.729762821544552631e-01
1.743589349943521633e-02,6.016266630022660926e-03,2.345216012945787465e-02,2.945768151861881678e-01
1.976344178917309111e-02,2.808837052981910751e-03,2.257227884215500316e-02,3.222987496111057171e-01
2.178459352839065555e-02,1.966571468223970250e-04,2.198125067521305293e-02,2.943519620906203116e-01
2.323877670623139199e-02,-1.537935643248969754e-03,2.170084106298241985e-02,2.393662768249319728e-01
2.381048524545155073e-02,-2.398311940113511103e-03,2.141217330533803920e-02,1.767974357074477976e-01
2.329123770884581127e-02,-2.552437961676470076e-03,2.073879974716934249e-02,1.184397092736131502e-01
2.173223162797379218e-02,-2.232081124491368512e-03,1.950015050348242324e-02,7.024748582717278700e-02
1.941472034951760225e-02,-1.665748459864051668e-03,1.774897188965355102e-02,3.414941561188487157e-02
1.674136005254739032e-02,-1.040294552425702823e-03,1.570106550012168728e-02,9.593482516976370097e-03
1.415257722830127150e-02,-4.816420620955712598e-04,1.367093516620570062e-02,-5.282573087051130670e-03
1.206989143998436938e-02,-5.536639980072389041e-05,1.201452504018364446e-02,-1.280251156250042724e-02
1.080851891186500498e-02,2.224430858977450914e-04,1.103096199776274974e-02,-1.524428607576517984e-02
1.047702696694985565e-02,3.673713850192156911e-04,1.084439835196907183e-02,-1.454835749806857731e-02
1.099707262696223917e-02,4.101239133279389708e-04,1.140719654029017684e-02,-1.220899596729581316e-02
1.220868309383355867e-02,3.845916614140466243e-04,1.259327475524760383e-02,-9.276017197495600719e-03
1.384427304502703487e-02,3.200207808236289145e-04,1.416429382585066531e-02,-6.406894909602248341e-03
1.547904493814447960e-02,2.392903219339334716e-04,1.571833526007841361e-02,-3.959613074209972217e-03
1.669672489184333489e-02,1.585708123419644422e-04,1.685529570418529965e-02,-2.073724542489059196e-03
1.732602674927485875e-02,8.833141821535753246e-05,1.741435816749022092e-02,-7.517100198193608310e-04
1.747407261006402729e-02,3.406356323427019302e-05,1.750813617329829985e-02,8.034440389757731846e-05
1.731536267023370268e-02,-3.077430533135250486e-06,1.731228523970056860e-02,5.302863505673282435e-04
1.695196068720167953e-02,-2.467911493985819075e-05,1.692728157226182015e-02,7.076889189429193087e-04
1.656698669704958007e-02,-3.408845525187756702e-05,1.653289824179770412e-02,7.110058598354666208e-04
1.648588038629430694e-02,-3.496879491475735806e-05,1.645091159137954812e-02,6.173122736332236791e-04
1.672799362525203073e-02,-3.076443530609591687e-05,1.669722918994593491e-02,4.824998206268693037e-04
1.681583676721275927e-02,-2.430495002448012474e-05,1.679153181718827728e-02,3.432730054061796862e-04
1.639328140515752125e-02,-1.742481427094835832e-05,1.637585659088657344e-02,2.199729768211099482e-04
1.563502688982786742e-02,-1.123526531339392335e-05,1.562379162451447111e-02,1.223568927344056924e-04
1.511450845495703431e-02,-6.191605173242942773e-06,1.510831684978379205e-02,5.183712094062158386e-05
1.547952178466857967e-02,-2.459443325098906393e-06,1.547706234134348276e-02,5.872643701480763541e-06
1.705352307254563715e-02,1.447258574268371430e-08,1.705353754513138156e-02,-2.030461920427840803e-05
1.965560770246063682e-02,1.438945121905866573e-06,1.965704664758254061e-02,-3.213434939852866524e-05
2.275201752892462223e-02,2.035965299750219285e-06,2.275405349422437301e-02,-3.428622866194751408e-05
2.569718809087520595e-02,2.085834659815472549e-06,2.569927392553502180e-02,-3.093368877626486796e-05
2.791025515111510494e-02,1.804351076259164573e-06,2.791205950219136436e-02,-2.489261842051531941e-05
2.893842687645156730e-02,1.381786497824618429e-06,2.893980866294939072e-02,-1.820924111829268498e-05
2.846875319417268430e-02,9.506451630999248830e-07,2.846970383933578042e-02,-1.208831320984411482e-05
2.645320734898779641e-02,5.762035283047855072e-07,2.645378355251610039e-02,-7.044021249522338244e-06
2.323280651962033108e-02,2.988126224292156775e-07,2.323310533224275803e-02,-3.342139851315042024e-06
1.943069967341231122e-02,1.099175199137759216e-07,1.943080959093222357e-02,-8.190125529958665019e-07
1.570534500554938290e-02,-1.203923134236057781e-10,1.570534488515707219e-02,6.744338496495598392e-07
1.252285171390619956e-02,-5.285324257251841780e-08,1.252279886066362709e-02,1.409177727468703759e-06
9.990513561053123576e-03,-6.932742683097101168e-08,9.990444233626293025e-03,1.637834025547268078e-06
7.798838247377453368e-03,-6.281784318766508608e-08,7.798775429534264905e-03,1.528513547081084104e-06
5.362829569624263937e-03,-4.851396415181774710e-08,5.362781055660112428e-03,1.278504472478026263e-06
2.233420488026231689e-03,-3.169315749345568470e-08,2.233388794868738318e-03,9.575680416050033992e-07
-1.441649713841802218e-03,-1.785396461631787886e-08,-1.441667567806418629e-03,6.562666039389799076e-07
-4.779914357695643629e-03,-8.319495741193628357e-09,-4.779922677191384382e-03,4.026480046934700376e-07
-6.432843421919195483e-03,-2.772823705842916698e-09,-6.432846194742901369e-03,2.022766305198033276e-07
-5.153870093614557578e-03,-8.388941111478210391e-10,-5.153870932508668873e-03,7.089013993993996400e-08
-5.201251320614122325e-04,-1.065547603980650533e-09,-5.201261976090162682e-04,-1.956545447196069262e-08
6.476352504769154750e-03,-2.334498215372439067e-09,6.476350170270940218e-03,-6.438254252858215697e-08
1.333267638001939780e-02,-3.826727508608959264e-09,1.333267255329189001e-02,-8.508898940166049731e-08
1.679658841540923250e-02,-4.956615110391910445e-09,1.679658345879412457e-02,-8.956368156216400265e-08
1.472347246893209935e-02,-5.244728786541845438e-09,1.472346722420331093e-02,-8.114773577593489227e-08
8.127610590825659620e-03,-5.165464304097955524e-09,8.127605425361355065e-03,-7.265460561208676751e-08
8.923560142710602102e-04,-4.252294410803232085e-09,8.923517619766494153e-04,-5.749765596728545605e-08
-3.312228214993032018e-03,-3.132709258295453771e-09,-3.312231347702290253e-03,-4.270027480731784200e-08
-3.209271967447962972e-03,-1.568693547741568814e-09,-3.209273536141510862e-03,-2.236773222296465091e-08
4.792092055831983859e-04,4.024573639970425989e-10,4.792096080405624245e-04,6.241309444889275813e-09
5.869035675256691585e-03,2.605969996220639334e-09,5.869038281226687803e-03,4.471678034660208891e-08
1.069084154623778371e-02,5.103416566737470173e-09,1.069084664965434979e-02,1.003155818538400864e-07
1.349114985481701667e-02,7.327297465344137220e-09,1.349115718211447990e-02,1.708268878279030377e-07
1.416803847391046554e-02,8.989451793804286897e-09,1.416804746336225961e-02,2.575360493456161006e-07
1.337979017847049784e-02,9.640113003978631463e-09,1.337979981858350258e-02,3.512742410277959422e-07
1.181928152452742763e-02,9.087896307999316369e-09,1.181929061242373465e-02,4.359505024018831502e-07
9.936289715154551089e-03,7.411839647611385091e-09,9.936297126994198328e-03,4.853252496306277187e-07
7.914914600960843913e-03,4.912448682125310553e-09,7.914919513409526125e-03,4.565752086695206865e-07
5.772643959598023483e-03,2.156015244597797882e-09,5.772646115613268292e-03,2.958872132271115423e-07
3.542894639095434551e-03,-3.173471779943135542e-10,3.542894321748256501e-03,-6.637329162450557816e-08
1.364635416691483078e-03,-2.203696852442842171e-09,1.364633212994630692e-03,-7.042750636453335859e-07
-5.433230036600299228e-04,-3.670956682738893861e-09,-5.433266746167126531e-04,-1.685757448727618278e-06
-1.953662972085650797e-03,-5.410881961530583446e-09,-1.953668382967612468e-03,-3.050893494252019612e-06
-1.619511756546331569e-03,-8.468643094471523471e-09,-1.619520225189425861e-03,-4.777115868460375890e-06
-1.245789114544915838e-03,-1.195119985046901368e-08,-1.245801065744766341e-03,-6.738181421973292918e-06
