# Pank,Pftd,Par,GRF
-1.900459587153081919e-04,-4.363653731195806452e-19,-1.900459587153086256e-04,3.878009442260280683e-17
2.402499691464303605e-05,-3.074489939375225787e-19,2.402499691464272773e-05,2.756679416302577299e-17
3.114254431372621220e-04,-1.978040306684110701e-19,3.114254431372619593e-04,1.766216422822533360e-17
5.713132843474334538e-04,-1.126499718098091133e-19,5.713132843474333453e-04,9.808493207124285504e-18
7.297725969005066206e-04,-5.002748441424746956e-20,7.297725969005065122e-04,4.148344292963793184e-18
7.330815056863266991e-04,-5.969665896099258338e-21,7.330815056863266991e-04,4.578778820591200793e-19
5.444256914909604856e-04,2.299594714593169855e-20,5.444256914909604856e-04,-1.644767445731655609e-18
1.679357370422859244e-04,3.973320158701811527e-20,1.679357370422859786e-04,-2.586172059491638128e-18
-3.409355405096540169e-04,4.675097980392053801e-20,-3.409355405096539627e-04,-2.762676449202868421e-18
-9.149442447535596507e-04,4.619067236547056931e-20,-9.149442447535596507e-04,-2.484932230460409008e-18
-1.500297995685418492e-03,4.065864530253376730e-20,-1.500297995685418492e-03,-2.002381894313059486e-18
-2.049103311637085964e-03,3.231376332378327787e-20,-2.049103311637085964e-03,-1.462812208940021976e-18
-2.529638469065807749e-03,2.328861431681389840e-20,-2.529638469065807749e-03,-9.688164876368648442e-19
-2.921413492416928721e-03,1.491838444596709179e-20,-2.921413492416928721e-03,-5.683317932949629235e-19
-3.199311803103645907e-03,7.580418772728647640e-21,-3.199311803103645907e-03,-2.634133633471736306e-19
-3.363228018676562691e-03,2.191982484524225022e-21,-3.363228018676562691e-03,-6.931237356561821270e-20
-3.448229458243795911e-03,-2.001405296615395702e-21,-3.448229458243795911e-03,5.780617444212668432e-20
-3.488932786259871591e-03,-4.277558478336660712e-21,-3.488932786259871591e-03,1.129371799535402885e-19
-3.515180492533708824e-03,-5.331465004398818347e-21,-3.515180492533708824e-03,1.292628775345810104e-19
-3.553007951152608885e-03,-5.754297527667793766e-21,-3.553007951152608885e-03,1.287197003571185544e-19
-3.600530300728765464e-03,-4.566474517864801416e-21,-3.600530300728765464e-03,9.454186467156129206e-20
-3.658081233122831896e-03,-4.449823330168009316e-21,-3.658081233122831896e-03,8.537081838460470400e-20
-3.781978676146838681e-03,-2.615772134257852380e-21,-3.781978676146838681e-03,4.643623340637702362e-20
-4.058174540894405984e-03,-2.032250074575858718e-21,-4.058174540894405984e-03,3.333927822557594518e-20
-4.529716752996182372e-03,-1.464311924407192897e-21,-4.529716752996182372e-03,2.205331675301707863e-20
-5.149495193989132510e-03,5.236954983133101186e-22,-5.149495193989132510e-03,-7.212550452940879165e-21
-5.784575795556501886e-03,-1.307348535965313372e-21,-5.784575795556501886e-03,1.642315344515338934e-20
-6.286423413580073151e-03,2.003763993575532793e-21,-6.286423413580073151e-03,-2.285037239376765609e-20
-6.586348034847513445e-03,-6.029998274224090045e-22,-6.586348034847513445e-03,6.230544492726759589e-21
-6.719290334832744155e-03,7.246487407147267284e-22,-6.719290334832744155e-03,-6.771543813188914801e-21
-6.757967425823374098e-03,2.351341796017894960e-21,-6.757967425823374098e-03,-1.995967453703997457e-20
-6.759728579216626489e-03,-3.367480392077580858e-21,-6.759728579216626489e-03,2.595020268185976177e-20
-6.772398060497422830e-03,6.049212615205535150e-21,-6.772398060497422830e-03,-4.241998042194337928e-20
-6.866360418318655061e-03,-5.755263271579044275e-21,-6.866360418318655061e-03,3.683296968410924978e-20
-7.193510906987298816e-03,4.286725574463703688e-21,-7.193510906987298816e-03,-2.511545231755834545e-20
-8.057407171736597970e-03,6.261214982782354036e-22,-8.057407171736597970e-03,-3.465266878612649911e-21
-9.920275414980484971e-03,-7.476166584759447667e-21,-9.920275414980484971e-03,3.758761019938203764e-20
-1.328099946873034960e-02,1.484769359640909581e-20,-1.328099946873034960e-02,-6.971602573585411192e-20
-1.843436434197651477e-02,-1.996139405014954486e-20,-1.843436434197651477e-02,8.850270112550810750e-20
-2.518761803141122274e-02,1.927232452225630907e-20,-2.518761803141122274e-02,-8.168457524511454509e-20
-3.267559066118499306e-02,-1.120803992901092454e-20,-3.267559066118499306e-02,4.601072091770024963e-20
-3.949159043403886044e-02,-4.284186620643921150e-21,-3.949159043403886044e-02,1.750298536690598437e-20
-4.418785947358725569e-02,2.306408997377892096e-20,-4.418785947358725569e-02,-9.368308675400694836e-20
-4.593874342939056193e-02,-3.924227367213316968e-20,-4.593874342939056193e-02,1.619201741882496999e-19
-4.502994980570595995e-02,4.582859193799161201e-20,-4.502994980570595995e-02,-1.952955248438284800e-19
-4.254444616696924364e-02,-3.847384343555654769e-20,-4.254444616696924364e-02,1.723635642533454515e-19
-3.904086687840600811e-02,1.726937783366826187e-20,-3.904086687840600811e-02,-8.323777951517788311e-20
-3.346445551728441381e-02,1.176336629930237895e-20,-3.346445551728441381e-02,-6.178871817695264110e-20
-2.368319312326559387e-02,-3.807355438100850925e-20,-2.368319312326559387e-02,2.303050148544219686e-19
-8.508522671199935175e-03,5.083308529672672782e-20,-8.508522671199935175e-03,-3.719259714549640865e-19
1.055110552082572442e-02,-4.499510216506962909e-20,1.055110552082572442e-02,4.297869359149638344e-19
2.983751496375462373e-02,2.546419281409721954e-20,2.983751496375462373e-02,-3.584000264779205665e-19
4.542348394873538947e-02,-5.164694542742567105e-21,4.542348394873538947e-02,1.423006950570034524e-19
5.430373857659696185e-02,-2.266739666436991538e-21,5.430373857659696185e-02,1.890200361427745745e-19
5.539166352623781098e-02,-9.148767447310868000e-21,5.539166352623781098e-02,-5.576883500576324063e-19
5.010663317736912398e-02,3.304966890122868822e-20,5.010663317736912398e-02,8.489672156868972451e-19
4.155275954839041108e-02,-5.337278311453211257e-20,4.155275954839041108e-02,-9.393408034262417331e-19
3.286046377109541616e-02,5.252187855612247758e-20,3.286046377109541616e-02,7.359959279235191686e-19
2.586268282456094525e-02,-1.935433811664477380e-20,2.586268282456094525e-02,-2.180946249231674744e-19
2.082236621747618824e-02,-4.536646546168359113e-20,2.082236621747618824e-02,-5.339427636697024648e-19
1.718303140964570416e-02,1.263229316741257634e-19,1.718303140964570416e-02,1.334791125339511323e-18
1.435399707033043100e-02,-1.955570690451251355e-19,1.435399707033043100e-02,-1.925338094983980593e-18
1.194432269324328423e-02,2.198088332977420670e-19,1.194432269324328423e-02,2.038678824868712127e-18
9.782509532099350688e-03,-1.707783889917541044e-19,9.782509532099350688e-03,-1.489060987599139510e-18
7.897638803449173739e-03,3.564873488813766230e-20,7.897638803449173739e-03,2.604759653898390910e-19
6.368762011927502423e-03,1.719532594297098153e-19,6.368762011927502423e-03,1.435602969305143660e-18
5.209536723948701188e-03,-4.038872838266933643e-19,5.209536723948700321e-03,-3.162550630747802391e-18
4.372814439582737439e-03,5.814313217337537994e-19,4.372814439582738306e-03,4.338723046031617140e-18
3.778994344732504191e-03,-6.140698046439297024e-19,3.778994344732503324e-03,-4.391899784206383420e-18
3.374446677912688354e-03,4.314426668166743889e-19,3.374446677912688788e-03,2.958063296882435304e-18
3.175669894107095541e-03,-2.187789167689248341e-20,3.175669894107095541e-03,-7.011947124495056547e-20
3.208085958611804796e-03,-5.428781105689578212e-19,3.208085958611804796e-03,-3.731138690826575221e-18
3.447294037877470310e-03,1.111679284888414638e-18,3.447294037877471178e-03,7.425750192494157975e-18
3.827694531404048344e-03,-1.484124050841961212e-18,3.827694531404047043e-03,-9.716174469799756093e-18
4.236100563509635243e-03,1.461556026113081583e-18,4.236100563509636978e-03,9.385973161231371612e-18
4.531840170889308433e-03,-9.170251813463868396e-19,4.531840170889307566e-03,-5.741183529809377557e-18
4.659708435252681372e-03,-1.303466020608885920e-19,4.659708435252681372e-03,-9.912412244048317483e-19
4.711674203572617861e-03,1.469966610094033503e-18,4.711674203572619596e-03,9.457533593791474574e-18
4.831835234562585971e-03,-2.716987797511554733e-18,4.831835234562583369e-03,-1.729352868722813057e-17
5.088917838685995745e-03,3.405493967953749022e-18,5.088917838685998347e-03,2.162279874547007301e-17
5.466713129424299183e-03,-3.133830808783183540e-18,5.466713129424295714e-03,-1.988353539758061497e-17
5.938817923886508844e-03,1.719042550663867407e-18,5.938817923886510579e-03,1.080236424407091501e-17
6.499927398738706077e-03,6.810720309553163574e-19,6.499927398738706945e-03,4.773007452469259365e-18
7.132845029000843898e-03,-3.524583167223420634e-18,7.132845029000840428e-03,-2.351080458193228137e-17
7.780910250231818162e-03,5.962858114360278500e-18,7.780910250231825101e-03,3.997073917563083993e-17
8.371566592869297482e-03,-7.053540934260795963e-18,8.371566592869290543e-03,-4.781697831963516576e-17
8.888752022419635357e-03,6.073584653614948439e-18,8.888752022419642296e-03,4.171118464231799168e-17
9.415587830006700090e-03,-2.832491353790218396e-18,9.415587830006698356e-03,-1.944704816211744828e-17
1.006396261027818484e-02,-2.136970990793479950e-18,1.006396261027818310e-02,-1.632999936483588342e-17
1.084052334139638633e-02,7.594871687551067364e-18,1.084052334139639327e-02,5.753429767273843571e-17
1.158572129238604441e-02,-1.184705245435800409e-17,1.158572129238603227e-02,-9.173249406408492828e-17
1.203281970814523705e-02,1.321592795762884877e-17,1.203281970814524919e-02,1.050607722994473342e-16
1.192939927340662745e-02,-1.061721542950861148e-17,1.192939927340661531e-02,-8.653006666488648936e-17
1.117828837978684063e-02,4.034400739397826437e-18,1.117828837978684410e-02,3.267297741392571298e-17
9.911897467667522138e-03,5.284558599406285344e-18,9.911897467667527342e-03,4.895309867917386982e-17
8.397219001033417313e-03,-1.499035240366185268e-17,8.397219001033401700e-03,-1.389579529187567217e-16
6.869005739481182093e-03,2.212351440572073186e-17,6.869005739481203777e-03,2.091122430751012447e-16
5.472214787370499080e-03,-2.382567405709484172e-17,5.472214787370475661e-03,-2.292887239090677445e-16
4.301743528856850907e-03,1.819954524840555416e-17,4.301743528856869121e-03,1.771906652395581287e-16
3.365215395073883724e-03,-5.240911126716852276e-18,3.365215395073878520e-03,-4.839554134335929361e-17
2.457632226603667647e-03,-1.244513620417850410e-17,2.457632226603655070e-03,-1.366269250553320597e-16
1.273565843687254114e-03,2.971927236818069003e-17,1.273565843687283821e-03,3.318564127269143481e-16
-2.756177534196586659e-04,-4.026224042524518721e-17,-2.756177534196989441e-04,-4.736072142773449631e-16
-2.168324414792098791e-03,3.909575859325050558e-17,-2.168324414792059760e-03,4.968884656541778491e-16
-4.640758117296536235e-03,-2.534681195121506527e-17,-4.640758117296561389e-03,-3.572494017759595450e-16
-7.841904798731619275e-03,3.760298520804512996e-18,-7.841904798731615805e-03,5.232011040544177750e-17
-1.111781640946133722e-02,1.632525318896524532e-17,-1.111781640946132160e-02,3.644185279591631775e-16
-1.307755558713244101e-02,-2.497709959477621013e-17,-1.307755558713246703e-02,-7.847435933966539671e-16
-1.244847855137098946e-02,1.770222545235001907e-17,-1.244847855137097212e-02,1.065878192743968455e-15
-8.995708420008879935e-03,-3.932931239407428583e-19,-8.995708420008879935e-03,-1.068725140931268049e-15
-3.847738191056463905e-03,-1.120409067589275628e-17,-3.847738191056474747e-03,7.066142303121975070e-16
1.127470443683475801e-03,-4.873294516749815896e-19,1.127470443683475368e-03,8.885718774478565089e-18
4.619884213217135237e-03,4.287258085896432835e-17,4.619884213217177737e-03,-9.416743038592733970e-16
6.853219943711035336e-03,-1.048041522914377011e-16,6.853219943710930386e-03,1.839361826022488808e-15
9.079712935319514747e-03,1.579307585146928953e-16,9.079712935319672606e-03,-2.383851209582406276e-15
1.159518708430638638e-02,-1.675909533083272351e-16,1.159518708430621985e-02,2.279996723624347050e-15
1.244108826373989049e-02,1.077657537877941526e-16,1.244108826373999804e-02,-1.363696013174947793e-15
9.254407520003664345e-03,2.457411287009430028e-17,9.254407520003690366e-03,-3.015744893649210869e-16
2.962617634351425409e-03,-1.992899181422141973e-16,2.962617634351226350e-03,2.376416586423047380e-15
-2.164488166321613168e-03,3.566634384750277733e-16,-2.164488166321256683e-03,-4.276714300562928030e-15
-3.315412227321347730e-03,-4.304475015386674071e-16,-3.315412227321777941e-03,5.298228421283445532e-15
-1.855813865643860406e-03,3.759730085651617293e-16,-1.855813865643484405e-03,-4.820676613102073917e-15
-7.798400778619294293e-04,-1.880095008649726838e-16,-7.798400778621174300e-04,2.545899492747400492e-15
-1.608322372795623068e-03,-9.015312539229416797e-17,-1.608322372795713273e-03,1.300846894606785570e-15
-3.811334727169373316e-03,3.700748709057737173e-16,-3.811334727169002953e-03,-5.886879940773945845e-15
-5.911331191442144826e-03,-5.486836575126395296e-16,-5.911331191442692999e-03,9.869980305821396134e-15
-6.948402037676004034e-03,5.589841332801262515e-16,-6.948402037675444586e-03,-1.170107068288563398e-14
-6.889829955923712675e-03,-4.035906979889389861e-16,-6.889829955924116865e-03,1.009061491205596321e-14
-5.942223723173008405e-03,1.477430067527388971e-16,-5.942223723172860086e-03,-4.530147206098326475e-15
-4.246100488925937111e-03,1.139834577439282647e-16,-4.246100488925823487e-03,-4.293332057592405505e-15
-2.169992944662297099e-03,-2.969643244574194064e-16,-2.169992944662594170e-03,1.436426862072025491e-14
-2.852219729475028906e-04,3.591476561843994180e-16,-2.852219729471437487e-04,-2.261937566264179848e-14
1.057024859050478697e-03,-3.103925666089348006e-16,1.057024859050168181e-03,2.567382986302710004e-14
1.887631546940040858e-03,1.934554698386564672e-16,1.887631546940234280e-03,-2.088030633861767602e-14
2.401266538876361493e-03,-5.469478167033653676e-17,2.401266538876306849e-03,7.463408592225642242e-15
2.756205944177406251e-03,-7.718330557969785088e-17,2.756205944177329056e-03,1.264024187758790093e-14
3.061616185960589886e-03,1.944432375173520497e-16,3.061616185960784609e-03,-3.460726248675695747e-14
3.403339657967982632e-03,-2.895660545390803173e-16,3.403339657967692933e-03,5.149292809622305061e-14
3.815994231609125178e-03,3.299060670066639307e-16,3.815994231609455209e-03,-5.595133784185136476e-14
4.257500990357762811e-03,-2.650469883122049636e-16,4.257500990357497399e-03,4.263035440497649094e-14
4.633665928228730344e-03,6.766576755072764717e-17,4.633665928228797998e-03,-1.061455701984097353e-14
4.856126046517614085e-03,2.279555168656071112e-16,4.856126046517842201e-03,-3.489429241950383530e-14
4.884520411142773307e-03,-5.228104519712319849e-16,4.884520411142251155e-03,8.247078039660850328e-14
4.727635201394997898e-03,6.931297906837161223e-16,4.727635201395690920e-03,-1.164705466784632397e-13
4.423595426146232669e-03,-6.517129612273102430e-16,4.423595426145580413e-03,1.210662612703733723e-13
4.017984748221405458e-03,3.993329514380207405e-16,4.017984748221805312e-03,-8.564214517019734654e-14
3.537272270337394556e-03,-3.801529774035532551e-17,3.537272270337356393e-03,9.984248519846478940e-15
2.989939163818698242e-03,-2.800530365833569700e-16,2.989939163818418517e-03,9.237861782238425899e-14
2.409986692454119898e-03,4.517721037039067178e-16,2.409986692454571793e-03,-1.946520062953603659e-13
1.867537427242683566e-03,-4.716425259865810489e-16,1.867537427242211938e-03,2.617793945774927992e-13
1.424771408335604719e-03,3.860605317608929550e-16,1.424771408335990695e-03,-2.599710599294608787e-13
1.106195808741170308e-03,-2.276221809336861935e-16,1.106195808740942843e-03,1.686244713849310290e-13
9.056313547636051604e-04,-7.102501587920047602e-18,9.056313547635980047e-04,8.601254588234238057e-15
8.039796604181881487e-04,3.279732434338967204e-16,8.039796604185160114e-04,-2.374016679914415845e-13
7.766478514354237857e-04,-6.904795758752927539e-16,7.766478514347333658e-04,4.554860988533066196e-13
7.905490775144765909e-04,9.562974181676960612e-16,7.905490775154329656e-04,-5.846746416269474826e-13
8.092494382352559759e-04,-9.486191905135669560e-16,8.092494382343074074e-04,5.536868202939534320e-13
8.024775580762419109e-04,5.719273463217056727e-16,8.024775580768138275e-04,-3.234052097180892073e-13
7.421879173234360166e-04,1.407882899139823143e-16,7.421879173235767461e-04,-8.825864169436135717e-14
6.069152629182853137e-04,-1.061067954777422379e-15,6.069152629172242051e-04,5.966851151191886102e-13
4.105694451265141042e-04,1.959687783021684075e-15,4.105694451284737996e-04,-1.057319725787854420e-12
2.044763654274566443e-04,-2.505173614244638645e-15,2.044763654249514867e-04,1.297768146490945326e-12
3.297209029723979383e-05,2.331240520062719074e-15,3.297209029957103856e-05,-1.168477572131879765e-12
-9.774374177938362023e-05,-1.221841161417199008e-15,-9.774374178060546187e-05,5.984106699682454479e-13
-2.173851209829497121e-04,-6.441279896455070541e-16,-2.173851209835938366e-04,3.503491692208601856e-13
-3.815607650458659314e-04,2.636049883798563589e-15,-3.815607650432298564e-04,-1.473913464472653809e-12
-6.477873914204179250e-04,-3.885184454491156062e-15,-6.477873914243030551e-04,2.435400373999917755e-12
-1.033430559575087768e-03,3.862716201193711890e-15,-1.033430559571224972e-03,-2.863718881523633406e-12
-1.489729933359736471e-03,-2.725835557812640314e-15,-1.489729933362462372e-03,2.438724829894805622e-12
-1.917147015441740239e-03,1.069847717971619148e-15,-1.917147015440670565e-03,-1.052731743491999717e-12
-2.213202838819471399e-03,8.645819871768223007e-16,-2.213202838818606639e-03,-1.123492322871803852e-12
-2.316470513873305614e-03,-3.445116827094373677e-15,-2.316470513876750775e-03,3.585851716331082051e-12
-2.217419118377166563e-03,6.998145137749739971e-15,-2.217419118370168689e-03,-5.571983218266733755e-12
-1.954263553482077798e-03,-1.057056007954621045e-14,-1.954263553492648769e-03,6.279337687035105975e-12
-1.600528220743235256e-03,1.105505060535607715e-14,-1.600528220732180080e-03,-5.024227739543569692e-12
-1.224517793306248003e-03,-4.760070302211721435e-15,-1.224517793311007867e-03,1.711152401123268667e-12
-8.531816880479762893e-04,-1.022302336511597557e-14,-8.531816880581993400e-04,3.276266433847484744e-12
-4.803408011994500450e-04,3.041519267733633761e-14,-4.803408011690348672e-04,-8.590082348033801610e-12
-1.036625516272730461e-04,-4.840625853094268451e-14,-1.036625516756792986e-04,1.270169830388851802e-11
2.444643970244730945e-04,5.337106206049972638e-14,2.444643970778441391e-04,-1.362903078793154330e-11
4.955212991054117316e-04,-3.962293677256647917e-14,4.955212990657888042e-04,1.025523330542434996e-11
5.671067068864897196e-04,9.057988117374307079e-15,5.671067068955476867e-04,-2.315592326905862058e-12
3.956537072093835989e-04,3.025627442392051295e-14,3.956537072396398868e-04,-8.961579826890376461e-12
-1.543087002571152540e-05,-6.931389062411084271e-14,-1.543087009502541732e-05,2.035770727780449462e-11
-5.672559944072579421e-04,1.036232991193201821e-13,-5.672559943036346690e-04,-2.884761757667886123e-11
-1.122420269994848369e-03,-1.164379303800584553e-13,-1.122420270111286478e-03,2.917565302405605456e-11
-1.596964777257452606e-03,9.517555142158442465e-14,-1.596964777162277003e-03,-2.092986237872758724e-11
-1.971955073979140584e-03,-8.569726266533897040e-15,-1.971955073987710118e-03,1.244107495069702856e-12
-2.249186221144792823e-03,-1.283052858641447110e-13,-2.249186221273097742e-03,2.284830358351392239e-11
-2.433134910856504362e-03,3.053339897933928846e-13,-2.433134910551170045e-03,-4.873810707216375736e-11
-2.534812965404301208e-03,-4.354825644824003294e-13,-2.534812965839783588e-03,6.403728347172676466e-11
-2.569385021454840060e-03,4.598569895185534393e-13,-2.569385020994982647e-03,-6.297218934722450099e-11
-2.548847148856999128e-03,-3.226914456064986271e-13,-2.548847149179690654e-03,4.125304039029510701e-11
-2.482903018059986512e-03,-4.318863127392330705e-14,-2.482903018103175055e-03,5.957350828553350945e-12
-2.384338566300703982e-03,5.062088441635353357e-13,-2.384338565794495192e-03,-5.588198346694126451e-11
-2.260423675526726690e-03,-1.192531239017483913e-12,-2.260423676719258007e-03,1.186838265720950390e-10
-2.104035098453084854e-03,1.530163027873484836e-12,-2.104035096922921705e-03,-1.352256051948191520e-10
-1.927841673869804592e-03,-1.838846383891018177e-12,-1.927841675708650941e-03,1.445581521948468223e-10
-1.813944256437884659e-03,9.404714899901878347e-13,-1.813944255497413217e-03,-6.525309087668524710e-11
-1.875437220069212183e-03,2.215963637216747600e-13,-1.875437219847616004e-03,-1.444748022568757559e-11
-2.153758355783995555e-03,-2.738827135548233333e-12,-2.153758358522822516e-03,1.566893780908918919e-10
-2.594697729811145520e-03,5.029029829177716002e-12,-2.594697724782115376e-03,-2.627548967578826064e-10
-3.115169076403746708e-03,-6.285944054461363583e-12,-3.115169082689690696e-03,3.014802984780498868e-10
-3.661650052051886907e-03,7.280843222821945546e-12,-3.661650044771043444e-03,-3.223397869913716871e-10
-4.224918107316343562e-03,-1.687384889153686131e-12,-4.224918109003728169e-03,6.919036541645526540e-11
-4.828643434798983794e-03,4.810480279194392844e-13,-4.828643434317936300e-03,-1.796010412862081161e-11
-5.500163807868643263e-03,1.497251671654646842e-11,-5.500163792896126981e-03,-5.263049800127633840e-10
-6.237265493586164646e-03,-1.220651284092013766e-11,-6.237265505792677356e-03,3.984056312859906549e-10
-7.008258262377001051e-03,3.100430179670043924e-11,-7.008258231372699494e-03,-9.349448300412257394e-10
-7.795838235945544599e-03,-1.275422014810776562e-11,-7.795838248699765022e-03,3.539781740450860426e-10
-8.608170933042218198e-03,1.643921852709302934e-11,-8.608170916602998421e-03,-4.233511679305407581e-10
-9.421739524466878068e-03,1.384881025568020482e-11,-9.421739510618068816e-03,-3.283765565157188425e-10
-1.013985540694057989e-02,-5.267688141068489433e-11,-1.013985545961746011e-02,1.127982462493228520e-09
-1.061293704460833029e-02,3.606782249207476753e-11,-1.061293700854050795e-02,-7.095424273104523078e-10
-1.071251859407378743e-02,-1.567795188249106674e-10,-1.071251875085330735e-02,2.813230132481373272e-09
-1.041395438600153239e-02,-5.253284912283888176e-11,-1.041395443853438199e-02,8.715234251588023007e-10
-9.780070048700918381e-03,-2.272225487230504018e-10,-9.780070275923468184e-03,3.414265294481418417e-09
-8.885200670783710911e-03,-3.522756007187567670e-10,-8.885201023059311962e-03,4.843577464858237079e-09
-7.843504449580700200e-03,-2.100185621470421582e-10,-7.843504659599261769e-03,2.654025372967909601e-09
-6.924875368326708150e-03,-7.119654434253529803e-10,-6.924876080292151348e-03,8.181145431488471945e-09
-6.628258006266229442e-03,-9.324245496532768545e-11,-6.628258099508683998e-03,9.810482300012844180e-10
-7.652536442501222010e-03,-4.547330886271876389e-10,-7.652536897234310000e-03,4.367472811368112397e-09
-1.074932262647764619e-02,3.611951566014138904e-10,-1.074932226528248908e-02,-3.390159320289154297e-09
-1.647368364457531958e-02,1.522624361607979807e-09,-1.647368212195095619e-02,-1.315448650239067548e-08
-2.489029994649122682e-02,2.145411754220995626e-09,-2.489029780107947579e-02,-1.759496460767074197e-08
-3.537380925005632892e-02,5.824585719319093049e-09,-3.537380342547061240e-02,-4.552808945050699422e-08
-4.661284091924825651e-02,6.611288136690652008e-09,-4.661283430796012150e-02,-5.053957921151477710e-08
-5.677228956449722336e-02,1.098698266691439230e-08,-5.677227857751455248e-02,-8.337540542761550812e-08
-6.400719154926301502e-02,1.255061329855757751e-08,-6.400717899864971638e-02,-9.666358922960849257e-08
-6.734725210792862071e-02,1.263406159585047058e-08,-6.734723947386701826e-02,-1.008355472221405860e-07
-6.686676175974058667e-02,1.306144278062289627e-08,-6.686674869829781209e-02,-1.105698484971511600e-07
-6.251770535967268727e-02,4.968371158490578267e-09,-6.251770039130152834e-02,-4.417756160774159607e-08
-5.329119736252025535e-02,-4.730877917151319572e-10,-5.329119783560805346e-02,9.090566287273327517e-09
-3.825049613624343509e-02,-1.370581051829223195e-08,-3.825050984205395632e-02,1.806614011270657461e-07
-1.796437836990542880e-02,-2.410257346243896803e-08,-1.796440247247889019e-02,3.958874735546708155e-07
5.460834776724571293e-03,-3.055043349894486476e-08,5.460804226291072344e-03,6.877454249420995028e-07
2.898437007362962906e-02,-3.125320231218108682e-08,2.898433882042731474e-02,1.117161164330364892e-06
4.890922783546391289e-02,-1.901278059616415418e-08,4.890920882268331299e-02,1.488248692052560111e-06
6.153258514844711646e-02,1.351879822885670969e-09,6.153258650032693983e-02,1.970923000746072178e-06
6.478445600723707620e-02,2.413612510282676107e-08,6.478448014336218863e-02,2.199682533848734151e-06
5.964534835029176862e-02,3.844684851898536317e-08,5.964538679714028596e-02,2.177605571309592346e-06
4.970850306572142246e-02,2.752079354275369428e-08,4.970853058651496931e-02,1.632002984957518681e-06
3.909077405572480152e-02,-3.616982574238606931e-08,3.909073788589906284e-02,7.621706833587776835e-08
3.043857575509296282e-02,-1.567367424722762161e-07,3.043841901835048561e-02,-2.443039142099171519e-06
2.442055155052413884e-02,-3.761165836075766818e-07,2.442017543394052817e-02,-6.788257614248166743e-06
2.052444619323139791e-02,-6.735844170655067841e-07,2.052377260881433144e-02,-1.264506228785823449e-05
1.797852488735838389e-02,-1.057308097211310648e-06,1.797746757926117420e-02,-2.034499393386607927e-05
1.615018399239751337e-02,-1.489124240772902223e-06,1.614869486815673910e-02,-2.942065227371843577e-05
1.461265168065823197e-02,-1.868825469821095701e-06,1.461078285518841065e-02,-3.825392581508370288e-05
1.314357716749273847e-02,-2.125918829488334672e-06,1.314145124866324989e-02,-4.565270192177438936e-05
1.169482725236051061e-02,-2.010683569406494161e-06,1.169281656879110447e-02,-4.709534733929971270e-05
1.033199065766255732e-02,-1.348529537884183369e-06,1.033064212812467332e-02,-3.900282901179136745e-05
9.191660898419162784e-03,2.086031123118632254e-07,9.191869501531476153e-03,-1.458425501426696439e-05
8.411484077100064502e-03,3.023867567240675253e-06,8.414507944667304340e-03,3.340702784552581240e-05
8.006324411582478595e-03,7.378544515782685940e-06,8.013702956098260610e-03,1.109923476479636500e-04
7.815463451565560909e-03,1.359770614129075888e-05,7.829061157706851057e-03,2.259283229213939121e-04
7.594799924651140545e-03,2.135296899538077585e-05,7.616152893646521531e-03,3.769678761485838300e-04
7.225488306469022431e-03,3.000932383539096768e-05,7.255497630304414206e-03,5.599776743216340353e-04
6.822404656067789300e-03,3.787800781732157733e-05,6.860282663885111480e-03,7.543074359500845849e-04
6.544065893786982745e-03,4.245798933471383316e-05,6.586523883121696808e-03,9.215354467501669358e-04
6.379180474761334332e-03,4.067872876962456855e-05,6.419859203530958562e-03,1.002641130337983541e-03
6.204226052628555345e-03,2.842507224497827612e-05,6.232651124873533899e-03,9.021334277923684277e-04
5.961069043954774979e-03,1.832932229503642801e-06,5.962901976184278863e-03,5.055703755178417563e-04
5.719048298551666909e-03,-4.349877578677230198e-05,5.675549522764894959e-03,-3.369843553915483547e-04
5.590852718317121384e-03,-1.105771680008716458e-04,5.480275550316249765e-03,-1.777308482215184463e-03
5.637126831014223696e-03,-1.997603693535916281e-04,5.437366461660632366e-03,-3.946661897217448520e-03
5.855407613180606957e-03,-3.067551954592537895e-04,5.548652417721353439e-03,-6.915721709864014466e-03
6.215054572971998210e-03,-4.192386188168711718e-04,5.795815954155127472e-03,-1.059509525319458738e-02
6.694566722266746296e-03,-5.176013802152179457e-04,6.176965342051528134e-03,-1.468250012660106407e-02
7.297595502252349556e-03,-5.719337814650631794e-04,6.725661720787286593e-03,-1.850037741934554975e-02
8.026647802327703876e-03,-5.434770490019125546e-04,7.483170753325790563e-03,-2.091129898872572113e-02
8.849681045095907778e-03,-3.848341677346627161e-04,8.464846877361245983e-03,-2.020010483103584081e-02
9.714966168606339186e-03,-4.281361287436119713e-05,9.672152555731977630e-03,-1.399769137355217317e-02
1.058216951722885414e-02,5.312080949076939274e-04,1.111337761213654872e-02,5.912815282286312249e-04
1.139698589560426967e-02,1.372959871038297681e-03,1.276994576664256670e-02,2.683529579911454396e-02
1.205627011340977724e-02,2.485047377469587048e-03,1.454131749087936472e-02,6.774391033014949548e-02
1.245284431317847731e-02,3.817815396913708074e-03,1.627065971009218626e-02,1.252408100517643508e-01
1.254697518494480787e-02,5.240086048387742300e-03,1.778706123333255104e-02,1.987819284913939222e-01
1.238757475429937832e-02,6.506614458301574616e-03,1.889418921260095641e-02,2.834218287625189792e-01
1.209319429235342254e-02,7.239932168674446944e-03,1.933312646102787122e-02,3.676560856332523608e-01
1.178180099875439542e-02,6.923721868226840118e-03,1.870552286698123554e-02,4.306258584894894770e-01
1.146489775529575990e-02,4.950890887619067114e-03,1.641578864291482961e-02,4.399446013922338472e-01
1.101059892775203310e-02,7.183724159113504979e-04,1.172897134366338370e-02,3.500158609336531113e-01
1.025080701839738324e-02,-6.194789443515405850e-03,4.056017574881977394e-03,1.024689646894976630e-01
9.112652751110564969e-03,-1.576034243739746210e-02,-6.647689686286896264e-03,-3.697401651913458376e-01
7.587179643182452062e-03,-2.718659538677149073e-02,-1.959941574358903954e-02,-1.133583179917389661e+00
5.642182736433224224e-03,-3.859142102732245061e-02,-3.294923829088922812e-02,-2.238972388111406975e+00
3.275334009690760318e-03,-4.685309171953903201e-02,-4.357775770984827213e-02,-3.693466719586055103e+00
5.990217348617343264e-04,-4.787893616159508148e-02,-4.727991442673334932e-02,-5.426013467484064101e+00
-2.151759061337807713e-03,-3.768798881075641205e-02,-3.983974787209421803e-02,-7.240330097465052184e+00
-4.612821013454706555e-03,-1.461050047865585823e-02,-1.922332149211056565e-02,-8.762181566674431821e+00
-6.315938976198002749e-03,1.761746200860789258e-02,1.130152303240988983e-02,-9.386202584445085151e+00
-6.752527788821940415e-03,4.691748672326289532e-02,4.016495893444095577e-02,-8.235418320869026587e+00
-5.227909417914753352e-03,5.224306187472710361e-02,4.701515245681235633e-02,-4.154660719019781290e+00
-4.502748344668410776e-04,8.241356688648412629e-03,7.791081854181571009e-03,4.226441023550532528e+00
9.076352462410511995e-03,-1.028128333821015511e-01,-9.373648091969104257e-02,1.832960469156130756e+01
2.206551636282063841e-02,-2.743210279428574538e-01,-2.522555115800368397e-01,3.932618308148026642e+01
2.911677530113130144e-02,-4.630759995104302140e-01,-4.339592242092989438e-01,6.765560006728308906e+01
1.000981707127743432e-02,-5.955483501399831958e-01,-5.855385330687058465e-01,1.023497392296606705e+02
-5.724325713318664799e-02,-6.047785438656014811e-01,-6.620218009987882679e-01,1.406522003362638316e+02
-1.752640933588553718e-01,-4.819812673110062673e-01,-6.572453606698616113e-01,1.790278085211352561e+02
-3.167670763651925236e-01,-2.865384588887475159e-01,-6.033055352539401506e-01,2.151396022992185522e+02
-4.399175569453366852e-01,-9.607397971305062234e-02,-5.359915366583872798e-01,2.485049488856731728e+02
-5.109077919543485446e-01,4.340453672036815452e-02,-4.675032552339803416e-01,2.794478873880883043e+02
-5.164607944046768484e-01,1.249276208457356513e-01,-3.915331735589412387e-01,3.081787962463722579e+02
-4.644153206019284719e-01,1.617505702216996966e-01,-3.026647503802287753e-01,3.345921213199034696e+02
-3.739689490097228286e-01,1.694394522469622466e-01,-2.045294967627605542e-01,3.582485736876033116e+02
-2.646805761346678887e-01,1.595392995773995404e-01,-1.051412765572683344e-01,3.785954300996359621e+02
-1.531226297411573956e-01,1.402973000217654365e-01,-1.282532971939195042e-02,3.955279639857346297e+02
-5.332526944434216182e-02,1.172567333968916187e-01,6.393146395254944991e-02,4.098015299893401107e+02
2.450050291588155502e-02,9.330995265076916234e-02,1.178104555666507069e-01,4.228257430405609512e+02
7.517384570528191923e-02,6.983974390518860043e-02,1.450135896104705058e-01,4.360487444510291652e+02
9.839944694532529179e-02,4.783331454790230169e-02,1.462327614932275865e-01,4.505146581327694548e+02
9.813351514650153762e-02,2.820254719489156611e-02,1.263360623413930794e-01,4.668161581158747708e+02
8.136704476551002985e-02,1.179075678569857857e-02,9.315780155120861883e-02,4.851895231825558312e+02
5.631301222732864459e-02,-7.565860734647197232e-04,5.555642615386392064e-02,5.055329561473792523e+02
3.054599888746039466e-02,-9.152777790521347129e-03,2.139322109693904406e-02,5.274096901631934315e+02
9.600727273971871104e-03,-1.351445771053894074e-02,-3.913730436567068767e-03,5.501254575281757297e+02
-3.465782953353929371e-03,-1.438484914370657258e-02,-1.785063209706050022e-02,5.728547717958932708e+02
-7.724193594457014721e-03,-1.282764592176044438e-02,-2.055183951621745650e-02,5.947660666990765321e+02
-4.069709460875400690e-03,-1.041390070197786497e-02,-1.448361016285326652e-02,6.151201754041300092e+02
4.921700511470706273e-03,-8.749248864456042607e-03,-3.827548352985336768e-03,6.333300700279403372e+02
1.571349917234443616e-02,-8.720156921354867141e-03,6.993342250989568153e-03,6.489799142698823289e+02
2.528706316487491432e-02,-1.026853841393179749e-02,1.501852475094311856e-02,6.618094284795391786e+02
3.225121114320253501e-02,-1.281143706637546779e-02,1.943977407682706549e-02,6.716703583375019662e+02
3.651147233227741012e-02,-1.560550619455674040e-02,2.090596613772066625e-02,6.784850280770472182e+02
3.813704370939562105e-02,-1.787502629760564371e-02,2.026201741178997734e-02,6.822396496672720332e+02
3.676013818058784799e-02,-1.898701837933293099e-02,1.777311980125491700e-02,6.829995911535148707e+02
3.169951926468594222e-02,-1.860715960567703442e-02,1.309235965900890607e-02,6.809216676174854683e+02
2.227031839379826905e-02,-1.663873201822854350e-02,5.631586375569722948e-03,6.762643870183370609e+02
8.124688376840088350e-03,-1.305673030738543731e-02,-4.932041930545347230e-03,6.693998391966555346e+02
-1.033133879915897925e-02,-7.870837750297877966e-03,-1.820217654945685548e-02,6.608079033931351205e+02
-3.159174111217265962e-02,-1.207860175717871730e-03,-3.279960128789052853e-02,6.510394973949269115e+02
-5.327991459749553682e-02,6.676210954696971782e-03,-4.660370364279856070e-02,6.406673841901354081e+02
-7.349213296284611008e-02,1.546852549496081052e-02,-5.802360746788529783e-02,6.302352220359433659e+02
-9.218869806738404227e-02,2.478987851038154042e-02,-6.739881955700249838e-02,6.202078308988760682e+02
-1.107888843252304023e-01,3.415572787687062850e-02,-7.663315644835975993e-02,6.109465451648389944e+02
-1.307042405950943897e-01,4.315353903880616432e-02,-8.755070155628823236e-02,6.027062077977232093e+02
-1.526906887911615163e-01,5.167559850140220068e-02,-1.010150902897593156e-01,5.956266993248192421e+02
-1.768703108894827958e-01,5.977817172030892162e-02,-1.170921391691738950e-01,5.897372203123807139e+02
-2.027588586237140944e-01,6.731119185453904308e-02,-1.354476667691750513e-01,5.849891171213765801e+02
-2.294424475024602894e-01,7.378751005324243883e-02,-1.556549374492178506e-01,5.812901402166661455e+02
-2.559814360966830016e-01,7.860797446904654873e-02,-1.773734616276364529e-01,5.785323128513178972e+02
-2.820069870007810842e-01,8.154133929822651727e-02,-2.004656477025545669e-01,5.766210686299061763e+02
-3.082707799978468555e-01,8.315210249868780490e-02,-2.251186774991590644e-01,5.754992084214680972e+02
-3.364622335479757198e-01,8.473684167980537196e-02,-2.517253918681703895e-01,5.751546697543592472e+02
-3.677576575525823843e-01,8.761478248659941570e-02,-2.801428750659829547e-01,5.755996634708753845e+02
-4.008838052309257050e-01,9.212504136908337971e-02,-3.087587638618423114e-01,5.768291784738158867e+02
-4.317585075984928800e-01,9.718553593412275482e-02,-3.345729716643701113e-01,5.787872305728565152e+02
-4.555602634286958774e-01,1.009865717093492016e-01,-3.545736917193466620e-01,5.813590164133998996e+02
-4.695179860285927376e-01,1.022456580076085975e-01,-3.672723280209841401e-01,5.843874222909134915e+02
-4.740858315824644231e-01,1.009150633676143827e-01,-3.731707682148500682e-01,5.877000222267274694e+02
-4.721202565254857264e-01,9.800548720269085246e-02,-3.741147693227948601e-01,5.911367633351034101e+02
-4.675616870566956518e-01,9.498573624194492360e-02,-3.725759508147507559e-01,5.945745525886732139e+02
-4.644058931337195495e-01,9.318013757615831172e-02,-3.712257555575612655e-01,5.979396717556536487e+02
-4.656509280783702187e-01,9.338434869121703397e-02,-3.722665793871532403e-01,6.012009476099912035e+02
-4.725037460154254965e-01,9.565080200769389418e-02,-3.768529440077316162e-01,6.043583058142822892e+02
-4.845697331375460881e-01,9.918309644285226712e-02,-3.853866366946938626e-01,6.074449921307988234e+02
-5.009847864966929798e-01,1.027562442909469853e-01,-3.982285422057459945e-01,6.105290161042429418e+02
-5.213154407940790991e-01,1.055178434070025428e-01,-4.157975973870765563e-01,6.137011221700158785e+02
-5.452675423327262294e-01,1.072052247193283070e-01,-4.380623176133978669e-01,6.170628162504071952e+02
-5.719456981772501614e-01,1.078124864683532580e-01,-4.641332117088968756e-01,6.207123072944622209e+02
-5.996877352729773625e-01,1.075363893344924021e-01,-4.921513459384850298e-01,6.247219085766553235e+02
-6.261228329710928353e-01,1.068715915276558515e-01,-5.192512414434369283e-01,6.291200897246928889e+02
-6.481326492975787446e-01,1.063351440933375247e-01,-5.417975052042411921e-01,6.338888701285815159e+02
-6.624339347344877504e-01,1.060663307361867924e-01,-5.563676039983009858e-01,6.389800576171271587e+02
-6.669413542984725662e-01,1.058383468499123348e-01,-5.611030074485602315e-01,6.443436624380103694e+02
-6.615739403773913674e-01,1.054875528992100797e-01,-5.560863874781812877e-01,6.499515868630847990e+02
-6.475199741765762518e-01,1.051326735503034793e-01,-5.423873006262727170e-01,6.558094040099551876e+02
-6.259851827627443965e-01,1.048854414768221194e-01,-5.210997412859222910e-01,6.619581364234933289e+02
-5.975601662056493346e-01,1.045522790978421074e-01,-4.930078871078071856e-01,6.684590105976991481e+02
-5.620265068650454054e-01,1.036045582891640671e-01,-4.584219485758814217e-01,6.753535792404643416e+02
-5.184458324795434558e-01,1.012346991027735510e-01,-4.172111333767699048e-01,6.826165466928604246e+02
-4.653898138648077110e-01,9.646785221650959474e-02,-3.689219616482981023e-01,6.901310040878806831e+02
-4.011121021699704525e-01,8.833855516692186438e-02,-3.127735470030486020e-01,6.976964333744157329e+02
-3.240708469711984230e-01,7.607088324795743817e-02,-2.479999637232409571e-01,7.050563694525592382e+02
-2.337516351728252118e-01,5.937062365265436542e-02,-1.743810115201708533e-01,7.119275403261565316e+02
-1.313107731654005184e-01,3.894680759440097284e-02,-9.236396557099953164e-02,7.180243377154456539e+02
-2.015022784822365423e-02,1.708455738663340259e-02,-3.065670461590252072e-03,7.230776210911089947e+02
9.410334057099897787e-02,-2.367347011811618204e-03,9.173599355918736487e-02,7.268477066340832380e+02
2.055570266958470782e-01,-1.545681159679844659e-02,1.901002150990486195e-01,7.291329518337763602e+02
3.110789732543469133e-01,-2.029420638366348853e-02,2.907847668706834421e-01,7.297646292428853485e+02
4.113505324688336851e-01,-1.740908691607925482e-02,3.939414455527544545e-01,7.285812393948320960e+02
5.093988291573982030e-01,-8.099345671087136364e-03,5.012994834863111482e-01,7.253990381421361917e+02
6.090802804319662700e-01,6.523465347753485723e-03,6.156037457797197687e-01,7.200003931550240850e+02
7.144727025128456699e-01,2.501495611053366347e-02,7.394876586233793958e-01,7.121363910664033483e+02
8.289641397187442751e-01,4.541339094893394324e-02,8.743775306676782044e-01,7.015285182856373467e+02
9.539871693711078349e-01,6.590550807690823132e-02,1.019892677448016149e+00,6.878696275640345448e+02
1.088981997796458101e+00,8.482910637472250437e-02,1.173811104171180730e+00,6.708267177168779654e+02
1.232759410679134637e+00,9.960884367984344789e-02,1.332368254358978099e+00,6.500503039299690045e+02
1.384150741004264606e+00,1.063970615993831553e-01,1.490547802603647831e+00,6.252093879098342768e+02
1.540942701659559377e+00,1.008761087959978570e-01,1.641818810455557331e+00,5.960542048194791960e+02
1.698374687570045172e+00,7.878259297219145085e-02,1.777157280542236650e+00,5.624800575043426534e+02
1.848392701218271927e+00,3.647082904712774937e-02,1.884863530265399545e+00,5.245758721585548301e+02
1.980314003813099966e+00,-2.718748297539788639e-02,1.953126520837701774e+00,4.826655047209200120e+02
2.082454765381849704e+00,-1.081985497629371906e-01,1.974256215618912291e+00,4.373418522834796818e+02
2.142369760990892935e+00,-1.956481567108088182e-01,1.946721604280084339e+00,3.894780963942790777e+02
2.144759687634534728e+00,-2.712074087910136821e-01,1.873552278843521268e+00,3.402051573225599554e+02
2.070896311386944078e+00,-3.108381688924319874e-01,1.760058142494512312e+00,2.908465975379630208e+02
1.904130857859754666e+00,-2.907423077542749534e-01,1.613388550105479657e+00,2.428068266193162401e+02
1.640098270417127191e+00,-1.976363135253021985e-01,1.442461956891825103e+00,1.974302066975390630e+02
1.295881000710485065e+00,-3.941192208618769788e-02,1.256469078624297575e+00,1.558566307930572918e+02
9.125819145337219496e-01,1.501592601378763103e-01,1.062741174671598232e+00,1.188951121882172828e+02
5.469572604868367938e-01,3.181872462153466641e-01,8.651445067021834578e-01,8.696597335717682142e+01
2.524901744134970261e-01,4.119229029971802070e-01,6.644130774106772330e-01,6.016738559288364030e+01
5.956131739035824824e-02,4.024105620863532851e-01,4.619718794767115333e-01,3.842894773083614268e+01
-3.374858452441776430e-02,3.000410498386758551e-01,2.662924653142580422e-01,2.161395863934824391e+01
-5.532987949508063469e-02,1.507675447827846182e-01,9.543766528770397661e-02,9.461724539079709118e+00
-4.067458375221751771e-02,1.000735475660619912e-02,-3.066722899561132379e-02,1.455332844896350064e+00
-1.602815247923688666e-02,-8.588166492606631730e-02,-1.019098174053032074e-01,-3.180022758802599991e+00
6.323526255945352038e-03,-1.284051499290048692e-01,-1.220816236730595111e-01,-5.322734552251755957e+00
2.355704111847577512e-02,-1.285670232977239591e-01,-1.050099821792481875e-01,-5.795442722362154520e+00
3.616551873187658778e-02,-1.045010632366003972e-01,-6.833554450472381636e-02,-5.279057942182101115e+00
4.429139222976353346e-02,-7.248048359565827103e-02,-2.818909136589473410e-02,-4.284297714249369449e+00
4.732933604584210058e-02,-4.303243653649715950e-02,4.296899509344937612e-03,-3.158519476182231944e+00
4.536108233048752325e-02,-2.095283316904433812e-02,2.440824916144318166e-02,-2.111511071239831061e+00
4.000012399235387817e-02,-7.014420550286125204e-03,3.298570344206774863e-02,-1.248675170737379769e+00
3.362930899977515514e-02,1.833563472519269990e-04,3.381266534702708632e-02,-6.036079231717464966e-01
2.808304331821571964e-02,2.768508659785175532e-03,3.085155197800089691e-02,-1.656518284591792511e-01
2.408907704537115516e-02,2.716332624946463624e-03,2.680540967031761965e-02,9.889319635646148798e-02
2.150331261227378735e-02,1.497777134280184677e-03,2.300108974655397029e-02,2.319841006511538239e-01
1.976864199864932989e-02,4.867721605299883713e-05,1.981731921470232874e-02,2.744637479225051080e-01
1.831007727803893315e-02,-1.129959268704471909e-03,1.718011800933446145e-02,2.611090114103523097e-01
1.678718542412143203e-02,-1.839670234816779149e-03,1.494751518930465331e-02,2.186596895278845043e-01
1.513237759222283915e-02,-2.070421241247768530e-03,1.306195635097507149e-02,1.658063824671051345e-01
1.342160189928306817e-02,-1.918180281350039202e-03,1.150342161793302918e-02,1.143023361233518470e-01
1.177540569533780043e-02,-1.523138379394388354e-03,1.025226731594341099e-02,7.045496732580933119e-02
1.035399147571381719e-02,-1.025363057232784973e-03,9.328628418481033080e-03,3.673502366960122723e-02
9.312503792135959010e-03,-5.363952641694962314e-04,8.776108527966463430e-03,1.314650412817886319e-02
8.686790879547885702e-03,-1.283186728573995042e-04,8.558472206690486903e-03,-1.671349614646679398e-03
8.347070934899962838e-03,1.650150875303793389e-04,8.512086022430340876e-03,-9.643324025265787719e-03
8.096055532586580311e-03,3.403194608959672304e-04,8.436374993482547921e-03,-1.276054914382986072e-02
7.813627423094167412e-03,4.131134810049051772e-04,8.226740904099071397e-03,-1.277072519869028137e-02
7.511197077641179783e-03,4.086301174195413710e-04,7.919827195060721858e-03,-1.106160290454822476e-02
7.244144531007306806e-03,3.545994414791565474e-04,7.598743972486462703e-03,-8.630969925319441349e-03
7.016012875920199510e-03,2.764124441619650969e-04,7.292425320082164715e-03,-6.126388031292205778e-03
6.853783185526082788e-03,1.938062100119318704e-04,7.047589395538014605e-03,-3.918811511482301300e-03
6.873110744073758320e-03,1.191770261539084127e-04,6.992287770227667044e-03,-2.170511331198761527e-03
7.156152000579580480e-03,5.902030673411079508e-05,7.215172307313692454e-03,-9.121282118651930382e-04
7.646409739405070870e-03,1.529368845739107570e-05,7.661703427862462217e-03,-9.336946757596228962e-05
8.202997178691686514e-03,-1.285655604233412852e-05,8.190140622649350749e-03,3.723778592774547075e-04
8.719164780305372134e-03,-2.789385647703633545e-05,8.691270923828335951e-03,5.796985718345878382e-04
9.192352003446997016e-03,-3.312146952829419827e-05,9.159230533918701761e-03,6.169303621282183799e-04
9.692055610385160586e-03,-3.175258287583034185e-05,9.660303027509331911e-03,5.543957455896205951e-04
1.026106470370256006e-02,-2.671069381148106602e-05,1.023435400989107860e-02,4.454960357737974765e-04
1.087919155584681462e-02,-2.020818159120447603e-05,1.085898337425560828e-02,3.254198293190941065e-04
1.152561390265225381e-02,-1.377462634968955426e-05,1.151183927630256357e-02,2.151743599735425887e-04
1.221910038425478608e-02,-8.316555424841950964e-06,1.221078382882994327e-02,1.254514288823430806e-04
1.296539520048019083e-02,-4.155460915639895333e-06,1.296123973956455136e-02,5.879684366561425512e-05
1.370505932128130572e-02,-1.320005703476071377e-06,1.370373931557782900e-02,1.414602242231826075e-05
1.432201682874553912e-02,4.084699462750833929e-07,1.432242529869181234e-02,-1.251441118503607874e-05
1.464905792307415709e-02,1.289607099728042318e-06,1.465034753017388502e-02,-2.559276750232573335e-05
1.450429584554448724e-02,1.583033320393952146e-06,1.450587887886488174e-02,-2.933565945693431427e-05
1.381840034212290791e-02,1.522269592060755384e-06,1.381992261171496872e-02,-2.754505001481118913e-05
1.269705740162096683e-02,1.265461488527920539e-06,1.269832286310949507e-02,-2.278119868643062074e-05
1.134118610502679071e-02,9.482699707024276983e-07,1.134213437499749337e-02,-1.713819936001102401e-05
9.949548410321269049e-03,6.393702546481705310e-07,9.950187780575919100e-03,-1.169336757827806530e-05
8.658649029666150646e-03,3.826893353762077950e-07,8.659031719001526045e-03,-7.102933479486371616e-06
7.451788950243714432e-03,1.946081086918715587e-07,7.451983558352405675e-03,-3.637203560138804859e-06
6.080371272395906392e-03,6.865964143804895381e-08,6.080439932037343988e-03,-1.195320774884716796e-06
4.221791820020296369e-03,-9.958529950532295196e-10,4.221790824167301684e-03,2.834550968466220008e-07
1.817198309550189421e-03,-3.337289186250788066e-08,1.817164936658326874e-03,1.085286760026017939e-06
-8.820737316210455758e-04,-3.993927009236997310e-08,-8.821136708911380157e-04,1.375560785412456929e-06
-3.604781756246236684e-03,-3.317352667640660148e-08,-3.604814929772913630e-03,1.346267840486955586e-06
-6.091128980209145963e-03,-2.195919674123617094e-08,-6.091150939405887317e-03,1.162870141094537895e-06
-7.822859692906226903e-03,-1.051880899250888372e-08,-7.822870211715220873e-03,8.887654481767679296e-07
-8.160626104209615581e-03,-2.389479567679560118e-09,-8.160628493689182916e-03,6.321302160486476160e-07
-6.918522386182596184e-03,2.134402701561863019e-09,-6.918520251779894728e-03,3.962591608287761046e-07
-4.504483180020311256e-03,3.267901396743345558e-09,-4.504479912118914721e-03,2.150794310847227416e-07
-1.396682336227456685e-03,2.233729336567566336e-09,-1.396680102498119988e-03,8.902630326044175313e-08
2.236151252744449525e-03,-4.652126361916212729e-11,2.236151206223186121e-03,7.783795700270416735e-10
6.090863719275487441e-03,-1.960939430646955118e-09,6.090861758336056642e-03,-4.065296692102279312e-08
8.742482396561427130e-03,-3.675310597431662497e-09,8.742478721250829601e-03,-6.437600301769468156e-08
7.643727178181780428e-03,-4.258939282356846300e-09,7.643722919242498456e-03,-6.518198038077835543e-08
1.638536845225296986e-03,-4.139928127003134501e-09,1.638532705297169895e-03,-5.761084568559958389e-08
-6.045029280126909890e-03,-3.587716385280037467e-09,-6.045032867843296021e-03,-4.738830598192696272e-08
-9.570087115524508053e-03,-2.469615765470925971e-09,-9.570089585140273414e-03,-3.224653333725268368e-08
-6.437963259770592729e-03,-1.715626645237888505e-09,-6.437964975397237818e-03,-2.292841605051017821e-08
1.302721215119272179e-04,-8.538089568086774235e-10,1.302712677029704141e-04,-1.198599943753515703e-08
4.993987310603665263e-03,-3.840997416684011964e-10,4.993986926503923666e-03,-5.799223248681173382e-09
5.810185154861141101e-03,-8.776829407928362846e-11,5.810185067092847599e-03,-1.447230786510228992e-09
3.891770842754940177e-03,1.095923716774495334e-10,3.891770952347311813e-03,2.059093283194719903e-09
1.631768467950182964e-03,1.034134719585501951e-10,1.631768571363654977e-03,2.248835729849198424e-09
2.951479941004563567e-04,1.384696612807404398e-10,2.951481325701176038e-04,3.573822947245775674e-09
3.766276115694772544e-05,8.649626500988811148e-11,3.766284765321273700e-05,2.662649084869498672e-09
5.880786678566606160e-04,6.271707579444529112e-11,5.880787305737363978e-04,2.380166661481983064e-09
1.472465831753015913e-03,4.139410994849224480e-11,1.472465873147125841e-03,1.912934929306135436e-09
2.194277313461237122e-03,1.601190376628879559e-11,2.194277329473140730e-03,9.258243525150821039e-10
2.502892828503578727e-03,1.286426333558564301e-11,2.502892841367841768e-03,9.370390559132565423e-10
2.422159076105088061e-03,1.613628366024917014e-12,2.422159077718716563e-03,1.293782679255436946e-10
2.081857628817242092e-03,1.248308008816594240e-12,2.081857630065549972e-03,1.530677102332441537e-10
1.609820786947712161e-03,-4.150085128605117210e-13,1.609820786532703638e-03,-8.167154354755774439e-11
1.112734641683036339e-03,-1.109419940958972959e-12,1.112734640573616492e-03,-2.385033372380942823e-10
6.759201965329046354e-04,-1.307845137133975503e-13,6.759201964021202547e-04,-4.276864162239161351e-11
3.586094481078414909e-04,-4.796195378543743583e-13,3.586094476282219458e-04,-2.139589105670350576e-10
1.851566723371218901e-04,1.320769709167553078e-13,1.851566724691988837e-04,8.114746072241336024e-11
1.445492209417340934e-04,1.001279296609080693e-13,1.445492210418620072e-04,1.143667976165185654e-10
1.990903402863684933e-04,1.857897693393062348e-13,1.990903404721582721e-04,3.232467605796152641e-10
3.005337527995319302e-04,1.507956296030426584e-13,3.005337529503275930e-04,5.825907231275394488e-10
4.097137676247936166e-04,1.002903023252970719e-13,4.097137677250838896e-04,7.016017916786834874e-10
5.107201568634190531e-04,1.177384146808466435e-13,5.107201569811575543e-04,9.795469154007061436e-10
6.046596538623675828e-04,2.059676508598399199e-13,6.046596540683352042e-04,9.700790434226718407e-10
6.816123984413348900e-04,3.851033924975160594e-13,6.816123988264382975e-04,8.944664471253850571e-10
7.177593918860893313e-04,3.228362704396799617e-13,7.177593922089255986e-04,4.497685515028011006e-10
7.082031594029265364e-04,-5.074466165479040379e-13,7.082031588954799126e-04,-4.794717030210053797e-10
6.845242488118720870e-04,-2.684252322481326444e-12,6.845242461276197440e-04,-1.954512893398759360e-09
6.977347989093996656e-04,-6.818230204862022069e-12,6.977347920911694404e-04,-4.264818726997233554e-09
7.854042119196769740e-04,-1.240607160561563828e-11,7.854041995136052529e-04,-7.289252578076293616e-09
9.428692444412072266e-04,-1.857733505180252031e-11,9.428692258638721353e-04,-1.106374047035995707e-08
1.108894181744548039e-03,-2.349655725729123624e-11,1.108894158247990692e-03,-1.516677486140329482e-08
1.192235551750436178e-03,-2.537051719069823448e-11,1.192235526379919076e-03,-1.888759466661183888e-08
1.150597726838578205e-03,-2.314880661389353059e-11,1.150597703689771548e-03,-2.107092499800318249e-08
1.039631604759833202e-03,-1.693985341045042972e-11,1.039631587819979820e-03,-1.984658529806380259e-08
9.659717346209824654e-04,-8.252984946239862985e-12,9.659717263679975813e-04,-1.286686609513371036e-08
9.972756791466863124e-04,1.401950920225155478e-12,9.972756805486371334e-04,2.905058791117026439e-09
1.124439709122473929e-03,1.206828895732245104e-11,1.124439721190762789e-03,3.069521359532650216e-08
1.278675567095315536e-03,2.689433031959457337e-11,1.278675593989645832e-03,7.346548177388968112e-08
1.397972500247987929e-03,4.987636266768386018e-11,1.397972550124350517e-03,1.329601947147605566e-07
1.407100174922742411e-03,7.809814645900624068e-11,1.407100253020888850e-03,2.081954738083436729e-07
1.415275540666662609e-03,1.101826395211147315e-10,1.415275650849302314e-03,2.936687344787303381e-07
