# Pank,Pftd,Par,GRF
2.620848650363291621e-02,7.969824161402755461e-12,2.620848651160273893e-02,5.877622315959786908e-11
2.829184861414693608e-02,5.491536244856382642e-12,2.829184861963847039e-02,4.130122751619898477e-11
2.766649629860472651e-02,3.386880275981983709e-12,2.766649630199160756e-02,2.608933358682192749e-11
2.669371076407886512e-02,1.789030935295112351e-12,2.669371076586789585e-02,1.416677164372747525e-11
2.618192643611353537e-02,6.930705145241031711e-13,2.618192643680660597e-02,5.669931647990212026e-12
2.599894159540502847e-02,2.288287134318552129e-14,2.599894159542791294e-02,2.072931230510836208e-13
2.572824929636795266e-02,-3.245570686028904483e-13,2.572824929604339630e-02,-2.845055238442732729e-12
2.520991607759547753e-02,-4.522471884947809237e-13,2.520991607714323166e-02,-4.147199490193352628e-12
2.483290764150147129e-02,-4.498679979286988387e-13,2.483290764105160198e-02,-4.316835685727099457e-12
2.530323723879420589e-02,-3.802097245782956551e-13,2.530323723841399614e-02,-3.824956579871171644e-12
2.701347399789203602e-02,-2.867804384507860701e-13,2.701347399760525500e-02,-3.043041857148298342e-12
2.953237943564797699e-02,-1.941198024491359067e-13,2.953237943545385449e-02,-2.202080288952637812e-12
3.154944287607475834e-02,-1.155351879773761139e-13,3.154944287595922575e-02,-1.435458524449614883e-12
3.120418334466412008e-02,-5.866156851541111512e-14,3.120418334460545520e-02,-8.292367201096886663e-13
2.671630550796360790e-02,-2.162716313348499776e-14,2.671630550794197936e-02,-3.688286104472391896e-13
1.736745521306492721e-02,-3.413409995689005693e-15,1.736745521306151674e-02,-7.741369788713968823e-14
4.505631548391369166e-03,2.856729229969558960e-15,4.505631548394225389e-03,1.016089636056885005e-13
-8.322318564943559371e-03,1.990186521131813783e-15,-8.322318564941567909e-03,1.892736101230414037e-13
-1.670489278780049047e-02,-1.479894281919933311e-15,-1.670489278780196846e-02,1.982399625528561040e-13
-1.740353838737598510e-02,-4.987052541110877858e-15,-1.740353838738097070e-02,2.013740477240174364e-13
-9.884236684216292368e-03,-5.915144359846306343e-15,-9.884236684222207775e-03,1.457960919412179896e-13
2.976041312141380901e-03,-6.650406404726153821e-15,2.976041312134730405e-03,1.225380005148392100e-13
1.529324687436452342e-02,-5.201400475281430453e-15,1.529324687435932445e-02,7.959629357008513983e-14
2.056245906739648244e-02,-2.697683017606896111e-15,2.056245906739378321e-02,3.651197077505467734e-14
1.609143025394258603e-02,-3.351317151290028887e-15,1.609143025393923801e-02,4.256129703248868470e-14
6.150979994204281397e-03,1.357938635377700865e-15,6.150979994205639685e-03,-1.689383087689333566e-14
-1.354254959379912800e-03,-1.518496731355195509e-15,-1.354254959381431334e-03,1.918853118064804688e-14
-2.363848244805182627e-03,1.500116499927646710e-15,-2.363848244803682091e-03,-1.988317599212329221e-14
1.034096167545951479e-03,1.065407726243232269e-15,1.034096167547017033e-03,-1.510484525963718252e-14
4.855179380631833609e-03,-1.092536638013162907e-15,4.855179380630741601e-03,1.677577526976805348e-14
7.172112232258508885e-03,3.054235560772879882e-15,7.172112232261562866e-03,-5.235177447813237642e-14
8.460717367099454544e-03,-2.386776922586566702e-15,8.460717367097067565e-03,4.696695937718216595e-14
9.845303456526073582e-03,2.147413074992027534e-15,9.845303456528221170e-03,-5.043512609605548197e-14
1.153998590931211952e-02,-6.362750224101782916e-16,1.153998590931148288e-02,1.878630009380756336e-14
1.289288748497157376e-02,-4.713269833988213705e-16,1.289288748497110192e-02,1.690050604031617515e-14
1.325777392723241806e-02,1.318868526687566097e-15,1.325777392723373645e-02,-6.454971339721792862e-14
1.237155571592232599e-02,-1.491832571100284215e-15,1.237155571592083586e-02,1.018997382275704265e-13
1.032222688260437879e-02,1.169722925342454645e-15,1.032222688260554799e-02,-1.162152245930979758e-13
7.517706495170027245e-03,-6.396893055165729166e-16,7.517706495169387999e-03,9.625604243172939061e-14
4.543854991557904309e-03,1.547413889429812100e-16,4.543854991558058699e-03,-3.545396304925962030e-14
1.894888633645611629e-03,1.236698714628032356e-16,1.894888633645735228e-03,-5.433705192623733950e-14
-1.851248508457560722e-04,-2.066476775491453830e-16,-1.851248508459627212e-04,1.548678454956290671e-13
-1.664455774380502011e-03,1.706087792957559622e-16,-1.664455774380331357e-03,-2.319737552486803167e-13
-2.601263628350210331e-03,-1.083904148878715908e-16,-2.601263628350318751e-03,2.544394944577543768e-13
-3.061375747455598578e-03,6.437808745555569700e-17,-3.061375747455534393e-03,-1.960091771646611005e-13
-3.107688489126409458e-03,-3.159979393085100782e-17,-3.107688489126441116e-03,5.297715591108527808e-14
-2.815210147200027622e-03,-3.002441157541076230e-17,-2.815210147200057546e-03,1.525766590664829697e-13
-2.272942350076835594e-03,1.529502309025036486e-16,-2.272942350076682938e-03,-3.689259042871638018e-13
-1.573393116422341139e-03,-3.170816817244674519e-16,-1.573393116422658160e-03,5.258744789435765205e-13
-8.051040812440625385e-04,4.343284257428194692e-16,-8.051040812436282071e-04,-5.508617558289149259e-13
-5.270895276199574710e-05,-3.884788905040216782e-16,-5.270895276238423029e-05,3.952632930835938919e-13
6.027505847715296889e-04,1.001013823148948113e-16,6.027505847716297608e-04,-5.621804837506631280e-14
1.087657785351401870e-03,4.214666360335954733e-16,1.087657785351823191e-03,-4.064184158406643157e-13
1.345249911824607106e-03,-1.063482120341966361e-15,1.345249911823543504e-03,8.721066837123118165e-13
1.350590954439985199e-03,1.629447739139165885e-15,1.350590954441614755e-03,-1.183548223700817453e-12
1.121342109059640223e-03,-1.860469157293384895e-15,1.121342109057779516e-03,1.184000641552047394e-12
7.139813845663491769e-04,1.462703296255222143e-15,7.139813845678118741e-04,-7.822278840321129168e-13
2.063141386375243159e-04,-1.404219442234363682e-16,2.063141386373839117e-04,-1.538843158192126716e-14
-3.244440120708925838e-04,-2.164657705858745673e-15,-3.244440120730572477e-04,1.047463621446184231e-12
-8.125510455768692169e-04,5.049045580186008944e-15,-8.125510455718201958e-04,-2.046036566230728015e-12
-1.202728369775381235e-03,-7.383455901909280269e-15,-1.202728369782764652e-03,2.643814093880855248e-12
-1.458779405522477035e-03,7.745646277762735083e-15,-1.458779405514731495e-03,-2.527894758177797898e-12
-1.580144655106754340e-03,-5.050028215201287392e-15,-1.580144655111804337e-03,1.506735794485680921e-12
-1.601722766302246786e-03,-5.967357353135853131e-16,-1.601722766302843531e-03,3.468830267489445234e-13
-1.578795345940586965e-03,7.722658346346575553e-15,-1.578795345932864410e-03,-2.639199172631294636e-12
-1.568107344371839863e-03,-1.413104508233739489e-14,-1.568107344385971137e-03,4.764222687425713694e-12
-1.605268647536699797e-03,1.724161271544668937e-14,-1.605268647519458164e-03,-5.859393953758825425e-12
-1.693814710038396435e-03,-1.577966816813138240e-14,-1.693814710054176130e-03,5.368375708442660254e-12
-1.819990520630992157e-03,8.685380433815979594e-15,-1.819990520622307047e-03,-2.773962341153810814e-12
-1.975029675050678224e-03,2.859210266084928412e-15,-1.975029675047818966e-03,-1.423880317629487904e-12
-2.156279089140604281e-03,-1.835881653157675016e-14,-2.156279089158962860e-03,6.591964525745356679e-12
-2.345104179016245169e-03,3.446291097593588521e-14,-2.345104178981782285e-03,-1.093407890377469046e-11
-2.489105327941209915e-03,-4.725309562163269143e-14,-2.489105327988462915e-03,1.298504916132423688e-11
-2.517559622744909402e-03,4.821167308762278084e-14,-2.517559622696697533e-03,-1.121969154485816041e-11
-2.381799753646224403e-03,-2.608093366652645778e-14,-2.381799753672305103e-03,4.870690539767373171e-12
-2.077567496414915900e-03,-2.379963858518909132e-14,-2.077567496438715439e-03,4.583837396170151036e-12
-1.632726713267052552e-03,1.057890588981113395e-13,-1.632726713161263476e-03,-1.634587718522840109e-11
-1.085204178234813180e-03,-1.825999756883378723e-13,-1.085204178417412992e-03,2.459334464828321830e-11
-4.768215930435096934e-04,2.398777641291725097e-13,-4.768215928036319143e-04,-2.917029925833094730e-11
1.276295343998744031e-04,-1.982727130731016144e-13,1.276295342016017169e-04,2.229340142213287196e-11
6.289220218408324943e-04,8.666938519026482068e-14,6.289220219275018812e-04,-9.057530447443204049e-12
9.394130262262446454e-04,1.413550426877587872e-13,9.394130263675997804e-04,-1.484707729507909793e-11
1.050070980632937870e-03,-3.821471031484627541e-13,1.050070980250790865e-03,3.820058750162175330e-11
1.027418348535903041e-03,5.874811329418050657e-13,1.027418349123384277e-03,-5.661492450632981367e-11
9.395983721236116949e-04,-6.845884894402181128e-13,9.395983714390232413e-04,6.400928138227563838e-11
7.976359869170571810e-04,4.779835949618055655e-13,7.976359873950408276e-04,-4.316283955343441718e-11
5.573342691928052407e-04,-2.116576957745579064e-13,5.573342689811476179e-04,1.833523789814639703e-11
1.539094411715955998e-04,-5.680358337363469852e-13,1.539094406035597742e-04,4.900514193257792442e-11
-4.619454954072143931e-04,9.555354538395142978e-13,-4.619454944516789376e-04,-7.809126892435765559e-11
-1.276872379009022810e-03,-1.894525912553674318e-12,-1.276872380903548796e-03,1.459987493620021355e-10
-2.188861400836599434e-03,1.620396575668010831e-12,-2.188861399216202909e-03,-1.159909445610117344e-10
-3.067099555652960923e-03,-1.684434112719649647e-12,-3.067099557337394766e-03,1.113250300315538436e-10
-3.822634340645647208e-03,2.056557026189277093e-14,-3.822634340625081627e-03,-1.030499135054766472e-12
-4.399298437527336680e-03,1.936361731538668293e-12,-4.399298435590975019e-03,-1.083627892927395310e-10
-4.756535902703280284e-03,-3.581118763078725207e-12,-4.756535906284399193e-03,1.852303998721206832e-10
-4.902133758817087648e-03,7.538741142102162818e-12,-4.902133751278346316e-03,-3.606978357634428080e-10
-4.924022383116724230e-03,-3.663203556044993519e-12,-4.924022386779927651e-03,1.645668117124192103e-10
-4.958873309293540359e-03,9.042564567689326056e-12,-4.958873300250975918e-03,-3.766341768544009061e-10
-5.113678537805069549e-03,7.166049372752800073e-12,-5.113678530639019677e-03,-2.750748880534250535e-10
-5.413495788787555177e-03,1.852054059134037189e-12,-5.413495786935501944e-03,-7.009048598492282052e-11
-5.810760427958074244e-03,2.591330772574721538e-11,-5.810760402044766286e-03,-8.861320654901956229e-10
-6.240119442803088168e-03,-8.805121285156156151e-12,-6.240119451608209730e-03,2.790419472693226335e-10
-6.681195507540836631e-03,2.872042606441161963e-11,-6.681195478820410420e-03,-8.752674631569590801e-10
-7.188580161185541446e-03,-1.292762737129996338e-11,-7.188580174113168297e-03,3.544193274631667899e-10
-7.859291650975059468e-03,-2.284486422365335448e-11,-7.859291673819924356e-03,5.661481163919254920e-10
-8.749012088658341540e-03,-2.307138993318631679e-11,-8.749012111729730090e-03,5.356193204392839087e-10
-9.806721283136161232e-03,-1.557300746866643841e-10,-9.806721438866235901e-03,3.410121125844044916e-09
-1.087857799370994284e-02,-1.066402980445406229e-10,-1.087857810035024186e-02,2.124435954383131330e-09
-1.176780291417641768e-02,-3.498003629938267569e-10,-1.176780326397677996e-02,6.395765717224732211e-09
-1.233082364744866183e-02,-3.616725840161044783e-10,-1.233082400912124434e-02,5.980852440613783930e-09
-1.258684665891076498e-02,-4.946945641208831386e-10,-1.258684715360532981e-02,7.418023433800004216e-09
-1.278059969900362941e-02,-7.139945611817774091e-10,-1.278060041299818907e-02,9.672513562930652382e-09
-1.336396935714571563e-02,-3.049522319527977269e-10,-1.336396966209794750e-02,3.775789488204302818e-09
-1.492986249590117463e-02,-4.688524293637618912e-10,-1.492986296475360200e-02,5.281017455946127493e-09
-1.809390028473216103e-02,8.809190071276564014e-10,-1.809389940381315315e-02,-9.018264394014486341e-09
-2.327433835146256250e-02,1.971306331093460679e-09,-2.327433638015623252e-02,-1.884650232179786528e-08
-3.037469691271569780e-02,4.267254107452746966e-09,-3.037469264546158870e-02,-3.863218346793712490e-08
-3.840573926157656026e-02,8.042127929204037910e-09,-3.840573121944863832e-02,-7.013748621645484001e-08
-4.542825846549621710e-02,1.066301512414431428e-08,-4.542824780248109345e-02,-9.136536789024976506e-08
-4.956892750514013679e-02,1.601513457672712924e-08,-4.956891149000556412e-02,-1.376026959223956888e-07
-5.051947232749801064e-02,1.744826399197302602e-08,-5.051945487923401729e-02,-1.531664938486186705e-07
-4.943957433206989938e-02,1.893094138884003694e-08,-4.943955540112850849e-02,-1.728523025758889942e-07
-4.727666353550331879e-02,1.609098904693800462e-08,-4.727664744451427065e-02,-1.552707497315225387e-07
-4.387024242438637006e-02,6.851862868157150493e-09,-4.387023557252350825e-02,-7.025964950666385396e-08
-3.840622325827619532e-02,-4.489118515884940986e-09,-3.840622774739470974e-02,5.522611833011266713e-08
-2.993869344585292636e-02,-2.473326680363789686e-08,-2.993871817911973252e-02,3.371797191183504532e-07
-1.791739857545738071e-02,-4.214619877248004795e-08,-1.791744072165615126e-02,6.893538247569014585e-07
-3.203542776549083912e-03,-5.803043559548672793e-08,-3.203600806984679191e-03,1.217511539232479441e-06
1.142212462767584064e-02,-6.300195079616557596e-08,1.142206162572504541e-02,1.859635351534166470e-06
2.248117730770340938e-02,-5.291771099628435263e-08,2.248112438999241153e-02,2.525150888896688263e-06
2.787960813573880925e-02,-3.129674055028876688e-08,2.787957683899826289e-02,3.223277842828455399e-06
2.783289070753876965e-02,-4.417737043566177593e-09,2.783288628980172888e-02,3.547370265219874654e-06
2.420626393353563985e-02,1.377262271394600455e-08,2.420627770615835575e-02,3.436133731622059812e-06
1.932638173151502922e-02,3.755573606147614996e-09,1.932638548708863480e-02,2.281972992748872621e-06
1.501895556554692056e-02,-5.649100840122563891e-08,1.501889907453851820e-02,-3.383418910018531243e-07
1.221820716660492086e-02,-1.887828581538611706e-07,1.221801838374676590e-02,-4.875071694402803284e-06
1.110890792432430406e-02,-4.290937803328207782e-07,1.110847883054397016e-02,-1.214771064705447687e-05
1.139483701840025322e-02,-7.822064121281649478e-07,1.139405481198812499e-02,-2.199410379769863632e-05
1.254078511995035047e-02,-1.266723099033436330e-06,1.253951839685131693e-02,-3.480559387341302112e-05
1.399876155203412867e-02,-1.827171807256525370e-06,1.399693438022687336e-02,-4.927744405941274480e-05
1.536404867163387172e-02,-2.360473550777493316e-06,1.536168819808309341e-02,-6.347654317220242036e-05
1.643338318003147863e-02,-2.690579985731613956e-06,1.643069260004574594e-02,-7.403771662362010092e-05
1.718695217951401663e-02,-2.499070058432823614e-06,1.718445310945558580e-02,-7.455544200117781217e-05
1.772200084681996995e-02,-1.473934229744132161e-06,1.772052691259022594e-02,-5.817884837318897838e-05
1.817872152549968381e-02,8.472792677878102981e-07,1.817956880476746806e-02,-1.370419265403595808e-05
1.867917248854422674e-02,4.817781385227596463e-06,1.868399026992945480e-02,6.954952108414087797e-05
1.929180661200711328e-02,1.071919711707879887e-05,1.930252580912418872e-02,2.030577166288313133e-04
2.003997605341380217e-02,1.863551098618964090e-05,2.005861156439999252e-02,3.958491777588278235e-04
2.090266976378387861e-02,2.812963165113460681e-05,2.093079939543501453e-02,6.468302301962931648e-04
2.176198951945161261e-02,3.833735166995720889e-05,2.180032687112157253e-02,9.452094183409431817e-04
2.241322935442137051e-02,4.721670811009472682e-05,2.246044606253146461e-02,1.253497144015748663e-03
2.269496410521593815e-02,5.167491230623880746e-05,2.274663901752217721e-02,1.507322880141630543e-03
2.253725402992944743e-02,4.725267023828181353e-05,2.258450670016773007e-02,1.600646368477806484e-03
2.189711029449165763e-02,2.830099275447894497e-05,2.192541128724613889e-02,1.378910402847117979e-03
2.081940857008836993e-02,-1.092799363818699801e-05,2.080848057645018345e-02,6.466848466347824807e-04
1.958333138306532842e-02,-7.548267754884735664e-05,1.950784870551648328e-02,-8.375786315319249092e-04
1.857889653525907070e-02,-1.665950635627720298e-04,1.841230147169629905e-02,-3.313651882674263464e-03
1.797806084110815938e-02,-2.804765552469427599e-04,1.769758428586121896e-02,-6.986257266168158751e-03
1.769615599210419207e-02,-4.068037375604935976e-04,1.728935225454369951e-02,-1.192993765625488360e-02
1.765842857967610258e-02,-5.274998969800219007e-04,1.713092868269608035e-02,-1.796507399668795593e-02
1.793197655596312154e-02,-6.158826280525073497e-04,1.731609392791061408e-02,-2.452019465580867683e-02
1.861543712003860956e-02,-6.342000431956354564e-04,1.798123707684297357e-02,-3.040828193398185594e-02
1.974550559815054646e-02,-5.357736252569755570e-04,1.920973197289356851e-02,-3.367697781506262533e-02
2.132308364807481219e-02,-2.655393337085412350e-04,2.105754431436627008e-02,-3.140843247095255475e-02
2.334488575443347674e-02,2.343022528709734899e-04,2.357918800730445311e-02,-1.968089801497955108e-02
2.578998137463278661e-02,1.010329046099475714e-03,2.680031042073226233e-02,6.281564558810336443e-03
2.857868493063685927e-02,2.077443758059150606e-03,3.065612868869601118e-02,5.169923405484161405e-02
3.154973383341174581e-02,3.387821228927326376e-03,3.493755506233907349e-02,1.212220358314428648e-01
3.449701276316824439e-02,4.799486446182336247e-03,3.929649920935058410e-02,2.174720910161638543e-01
3.719362520956782242e-02,6.045955848090520980e-03,4.323958105765834947e-02,3.386497899539530065e-01
3.928515601238233290e-02,6.740017243736326318e-03,4.602517325611866356e-02,4.754642856903751880e-01
4.019793562391540259e-02,6.429683551996215503e-03,4.662761917591161376e-02,6.073725855363120152e-01
3.942591888436763892e-02,4.683624245613759313e-03,4.410954312998140170e-02,6.983294536027887522e-01
3.705884509194767168e-02,1.160693904563033169e-03,3.821953899651071157e-02,6.932754137985210896e-01
3.388273587519927132e-02,-4.353064667978441028e-03,2.952967120722083116e-02,5.158424156296170793e-01
3.095542947268743739e-02,-1.180211170875745952e-02,1.915331776392997787e-02,6.993990086741019852e-02
2.906052151167150613e-02,-2.052973071501112967e-02,8.530790796660376457e-03,-7.529361590328861320e-01
2.819812342413464262e-02,-2.885317964807045110e-02,-6.550562239358098887e-04,-2.057557120036310749e+00
2.731494625573157448e-02,-3.381319648047672460e-02,-6.498250224745150995e-03,-3.916088369112719292e+00
2.455548617729925651e-02,-3.151998823677253092e-02,-6.964502059473270945e-03,-6.324846401922019190e+00
1.811093181672914984e-02,-1.843467422376077539e-02,-3.237424070316224011e-04,-9.143382121118092343e+00
7.442097372281567501e-03,6.457228846740583651e-03,1.389932621902215115e-02,-1.201829879199334528e+01
-5.869694375374706966e-03,3.927209992904348579e-02,3.340240555366878056e-02,-1.429745014230033107e+01
-1.853645088371349420e-02,6.979354070096073503e-02,5.125708981724724084e-02,-1.494650073975506821e+01
-2.709802952585524394e-02,8.215461004798456368e-02,5.505658052212931280e-02,-1.249072493207166978e+01
-2.927452524179073590e-02,5.847160961364599591e-02,2.919708437185526001e-02,-5.020089126648465516e+00
-2.490238128932477715e-02,-1.411388253967861377e-02,-3.901626382900338919e-02,9.690071007906906786e+00
-1.875488696260142751e-02,-1.335137104768494010e-01,-1.522685974394508424e-01,3.388910330367444601e+01
-2.589777461527515562e-02,-2.737105914187542011e-01,-2.996083660340293497e-01,6.932649622349538276e+01
-7.303458591050322746e-02,-3.849797585859174864e-01,-4.580143444964207000e-01,1.164497744623870119e+02
-1.858069470640837939e-01,-4.124283062528757982e-01,-5.982352533169595921e-01,1.734991725286896838e+02
-3.632911844828746184e-01,-3.312766003367609846e-01,-6.945677848196356585e-01,2.363591865020433431e+02
-5.627338608681707877e-01,-1.706841411466474556e-01,-7.334180020148182155e-01,3.000389091136962634e+02
-7.164458485395202025e-01,6.918385247091483545e-03,-7.095274632924286617e-01,3.606802599169172368e+02
-7.657615263825869878e-01,1.520574661033629593e-01,-6.137040602792239730e-01,4.161306018756545200e+02
-6.830063026611932209e-01,2.491311631708061358e-01,-4.338751394903870295e-01,4.653071430196289953e+02
-4.782276332498265892e-01,3.027640468480293223e-01,-1.754635864017972946e-01,5.076316666078869275e+02
-1.976201026426332719e-01,3.200639849978351714e-01,1.224438823552019273e-01,5.427449895915710840e+02
9.028877743282628932e-02,3.074385749585996086e-01,3.977273523914259257e-01,5.705472547728580821e+02
3.223773636869562420e-01,2.735575974816922273e-01,5.959349611686485249e-01,5.916452528600366350e+02
4.667616718998846004e-01,2.280734963504272850e-01,6.948351682503118854e-01,6.075498357823297511e+02
5.265156942470661239e-01,1.785571819779268599e-01,7.050728762249930393e-01,6.201461313978481940e+02
5.227722512368561114e-01,1.298794938640668584e-01,6.526517451009229420e-01,6.310062947661665476e+02
4.767816750215223554e-01,8.496301742017398073e-02,5.617446924416963361e-01,6.411946537349115260e+02
4.028033661215310590e-01,4.557693095083456547e-02,4.483802970723656522e-01,6.513994862625195310e+02
3.097245971272353238e-01,1.318322229019626944e-02,3.229078194174315741e-01,6.619856819189305952e+02
2.057138168117618460e-01,-1.079404700811919041e-02,1.949197698036426452e-01,6.729528128004104701e+02
1.014338317628813990e-01,-2.554682437186684904e-02,7.588700739101456039e-02,6.839519959801616551e+02
9.162096185177477300e-03,-3.148924642444367317e-02,-2.232715023926619413e-02,6.943840693153651955e+02
-6.114951063152405941e-02,-3.023780719270141928e-02,-9.138731782422547523e-02,7.035319566358236898e+02
-1.053324056651165908e-01,-2.400785396004297828e-02,-1.293402596251595760e-01,7.107015789274931876e+02
-1.257138781718094567e-01,-1.488908824301344441e-02,-1.406029664148229219e-01,7.153363896025432496e+02
-1.293053557679054721e-01,-4.456696432616749290e-03,-1.337620522005222023e-01,7.170888192839468047e+02
-1.249116530540437392e-01,6.240320733192926232e-03,-1.186713323208508086e-01,7.158613535156864600e+02
-1.206686391825089744e-01,1.654061578610283370e-02,-1.041280233964061441e-01,7.118088500268196412e+02
-1.226266067847980729e-01,2.604363523920186912e-02,-9.658297154559619679e-02,7.052982942224190310e+02
-1.340509434410329381e-01,3.452581144437900929e-02,-9.952513199665392885e-02,6.968437486303307651e+02
-1.552918119493165994e-01,4.188530380896651056e-02,-1.134065081403501096e-01,6.870271507556057031e+02
-1.843140731891588224e-01,4.812092100839277659e-02,-1.361931521807660528e-01,6.764216454727883274e+02
-2.176362951572289872e-01,5.333993324676183923e-02,-1.642963619104671480e-01,6.655453650070453477e+02
-2.512151259990120233e-01,5.775043894995186833e-02,-1.934646870490601689e-01,6.548440572844973531e+02
-2.810424323981806638e-01,6.157516568637269594e-02,-2.194672667118079401e-01,6.446779746580230039e+02
-3.040680403585488412e-01,6.501702102543395478e-02,-2.390510193331148447e-01,6.353059463741705031e+02
-3.194689125589074141e-01,6.843910464681812744e-02,-2.510298079120893422e-01,6.268771191340973701e+02
-3.285135250269937135e-01,7.236405727989250747e-02,-2.561494677471011783e-01,6.194494873225680749e+02
-3.327445215885350693e-01,7.696748323275245940e-02,-2.557770383557826377e-01,6.130282799363558297e+02
-3.327153155893628478e-01,8.171381188709524179e-02,-2.510015037022675921e-01,6.075932999753698596e+02
-3.282661030857176310e-01,8.570897612056649351e-02,-2.425571269651511652e-01,6.031147188159067127e+02
-3.192282071612357330e-01,8.828589114076365596e-02,-2.309423160204720771e-01,5.995645135019185545e+02
-3.060893068009766238e-01,8.926199931376427310e-02,-2.168273074872123785e-01,5.969175244841089807e+02
-2.910416010463295899e-01,8.890999842192751079e-02,-2.021316026244021069e-01,5.951439975175875361e+02
-2.780573554272697812e-01,8.763461002604225336e-02,-1.904227454012275556e-01,5.942039446993537695e+02
-2.705889541979662472e-01,8.541646507587127846e-02,-1.851724891220949687e-01,5.940516130804764998e+02
-2.693461918051327508e-01,8.165928852426532214e-02,-1.876869032808674287e-01,5.946439101850855877e+02
-2.726495827914720005e-01,7.563539458579446317e-02,-1.970141882056775373e-01,5.959553059102022416e+02
-2.779407836761923489e-01,6.682653060806206802e-02,-2.111142530681302809e-01,5.979924825691156229e+02
-2.826530418380779897e-01,5.496119483051848525e-02,-2.276918470075595113e-01,6.007768566458742043e+02
-2.843757201388329992e-01,4.027645818369492148e-02,-2.440992619551381193e-01,6.043102641071750440e+02
-2.810409044328391892e-01,2.417762786962252344e-02,-2.568632765632166692e-01,6.085618400289300780e+02
-2.724113829694588818e-01,9.764992516929769939e-03,-2.626463904525291326e-01,6.134693380243604679e+02
-2.614927833886637187e-01,1.094747148356500993e-03,-2.603980362403072735e-01,6.189411690609932748e+02
-2.517400126190519893e-01,9.268435431716127255e-04,-2.508131690758803600e-01,6.248653667433403598e+02
-2.418818904340613030e-01,8.965276604850974315e-03,-2.329166138292103339e-01,6.311263816688867792e+02
-2.253294319012739133e-01,2.234191141745486830e-02,-2.029875204838190450e-01,6.376118486284435676e+02
-1.945056942772213637e-01,3.739088442586957495e-02,-1.571148098513517610e-01,6.442013967129539651e+02
-1.453399575492797247e-01,5.098873852203290868e-02,-9.435121902724681597e-02,6.507566588353777206e+02
-7.991807645151541295e-02,6.115817584491777675e-02,-1.875990060659763967e-02,6.571321405733701795e+02
-6.615539667570688107e-03,6.733189574891045026e-02,6.071635608133976042e-02,6.632033158095287035e+02
6.253376418057510211e-02,7.032141497292115906e-02,1.328551791534962612e-01,6.688932290881782592e+02
1.161453519763369219e-01,7.193348738001623111e-02,1.880788393563531669e-01,6.741901824657267071e+02
1.476933322534026705e-01,7.428847749390925237e-02,2.219818097473119090e-01,6.791480369062703630e+02
1.573685164821760352e-01,7.896089645724127526e-02,2.363294129394173104e-01,6.838616656008448444e+02
1.507839748931408541e-01,8.633285120460766626e-02,2.371168260977485065e-01,6.884349132722379636e+02
1.353642517041260818e-01,9.564605697231982895e-02,2.310103086764459246e-01,6.929596622371476542e+02
1.162927537750139406e-01,1.056395091705100847e-01,2.219322629455240392e-01,6.975133354140314168e+02
9.508062483386475749e-02,1.151259957161530623e-01,2.102066205500178198e-01,7.021585405579000962e+02
7.154201960981593222e-02,1.232821703356307141e-01,1.948241899454466464e-01,7.069238871309042906e+02
4.677022617064292148e-02,1.298419445029381225e-01,1.766121706735810371e-01,7.117860124286437440e+02
2.450116483105405085e-02,1.351081353151577513e-01,1.596093001462118022e-01,7.166737945058923742e+02
1.021995187320243713e-02,1.397240177425801977e-01,1.499439696157826296e-01,7.214866446705874523e+02
9.230796988273072198e-03,1.444235435044901594e-01,1.536543404927632195e-01,7.261065443542117919e+02
2.424426440674757113e-02,1.498769235977810144e-01,1.741211880045286098e-01,7.303941573986364801e+02
5.388513973406698632e-02,1.566728341908613931e-01,2.105579739249283655e-01,7.341839506071491996e+02
9.424751923560838185e-02,1.653866749215722742e-01,2.596341941571806977e-01,7.372838198219649257e+02
1.416334378916292713e-01,1.765064899743992999e-01,3.181399278660285712e-01,7.394748174752228351e+02
1.937656388117383055e-01,1.901636539567408690e-01,3.839292927684791468e-01,7.405073800601527410e+02
2.499231019364122619e-01,2.058981713016513615e-01,4.558212732380635956e-01,7.400892062610558924e+02
3.107421443058254740e-01,2.226495228171989638e-01,5.333916671230244377e-01,7.378779321713938089e+02
3.778162256742683134e-01,2.389260796658646546e-01,6.167423053401330790e-01,7.334807971458710654e+02
4.534394825319132405e-01,2.530900351991780539e-01,7.065295177310912944e-01,7.264441207111455014e+02
5.406347662542534405e-01,2.636609876609377068e-01,8.042957539151910362e-01,7.162315953810476685e+02
6.438943896766932129e-01,2.692272915674930323e-01,9.131216812441862452e-01,7.022127899843081877e+02
7.710272694054998155e-01,2.678020231051436162e-01,1.038829292510643265e+00,6.836916851117475744e+02
9.337398580322940900e-01,2.560904760318145623e-01,1.189830334064108541e+00,6.599790894956925058e+02
1.141745336474045081e+00,2.297004112209716231e-01,1.371445747695016815e+00,6.304913411802328937e+02
1.391137543008635680e+00,1.857004467498844791e-01,1.576837989758520298e+00,5.948604395788541979e+02
1.657437915896442293e+00,1.270850029685247351e-01,1.784522918864966945e+00,5.530377144214970713e+02
1.899487511494881931e+00,6.589987510506689627e-02,1.965387386599948716e+00,5.053842512320990181e+02
2.069337964614711201e+00,2.247926809193861661e-02,2.091817232706649321e+00,4.527427355235960817e+02
2.123039232052402969e+00,2.096410590493040169e-02,2.144003337957333333e+00,3.964622684512398791e+02
2.031822170438203567e+00,8.180699492515595972e-02,2.113629165363359874e+00,3.383455569946809760e+02
1.793216866793163167e+00,2.119844787741070047e-01,2.005201345567269922e+00,2.805097504840707074e+02
1.438625922088921927e+00,3.958418693676628020e-01,1.834467791456584784e+00,2.251704474799108766e+02
1.030264395263519095e+00,5.923718951088657869e-01,1.622636290372384993e+00,1.743600251809345707e+02
6.418789906325444994e-01,7.454303890678166677e-01,1.387309379700361056e+00,1.296242109942238869e+02
3.308981908394341698e-01,8.059546854525402315e-01,1.136852876291974290e+00,9.182105812992824667e+01
1.210760302458710053e-01,7.528910854825184851e-01,8.739671157283895875e-01,6.113083175230210031e+01
5.315311805197585338e-03,5.993753192016347819e-01,6.046906310068324020e-01,3.723192877582928162e+01
-4.055771423049871205e-02,3.854460621240730078e-01,3.448883478935743097e-01,1.951109910590210461e+01
-4.516989080799187206e-02,1.648526097995833550e-01,1.196827189915915107e-01,7.204287549712162786e+00
-3.256652792768052751e-02,-1.355770027353833153e-02,-4.612422820121885730e-02,-5.710793766866757437e-01
-1.726228807986864358e-02,-1.238459200177625674e-01,-1.411082080976311937e-01,-4.806198369867784592e+00
-4.941337290190190093e-03,-1.670577906479027708e-01,-1.719991279380929661e-01,-6.509267404302595317e+00
3.734520345967806774e-03,-1.614744381568782861e-01,-1.577399178109104849e-01,-6.579807277556286138e+00
9.826885562877901020e-03,-1.299506887106134378e-01,-1.201238031477355195e-01,-5.735939550037761236e+00
1.425658207018048497e-02,-9.122362018237928361e-02,-7.696703811219880731e-02,-4.498785069540208070e+00
1.721870635985295675e-02,-5.660725790555496545e-02,-3.938855154570201217e-02,-3.210062673202779937e+00
1.862355545633957721e-02,-3.071159770203594694e-02,-1.208804224569636973e-02,-2.065965998727928188e+00
1.872742072693068041e-02,-1.384606334132524284e-02,4.881357385605438436e-03,-1.155534573855066638e+00
1.819165589782880885e-02,-4.317875430952914512e-03,1.387378046687589433e-02,-4.966449862171026242e-01
1.771145079013867682e-02,8.034525614177324168e-05,1.779179604628045031e-02,-6.540091293811270412e-02
1.773005980947676280e-02,1.341824874402862758e-03,1.907188468387962729e-02,1.819707111657625220e-01
1.841209116336448709e-02,9.880472380977012043e-04,1.940013840146218721e-02,2.943970030170111607e-01
1.971359073647711499e-02,4.667738878346202192e-05,1.976026812526057719e-02,3.170696620995220871e-01
2.142847881645348895e-02,-8.700847676798291290e-04,2.055839404877366286e-02,2.870294424419323476e-01
2.321537067390901446e-02,-1.463390844071111576e-03,2.175197982983790093e-02,2.318700011365287250e-01
2.461828572053283842e-02,-1.653521912870015501e-03,2.296476380766282119e-02,1.702115228408958847e-01
2.517934870654168003e-02,-1.499459433553557933e-03,2.367988927298812427e-02,1.132412069328005422e-01
2.469054617325849160e-02,-1.125691752098065528e-03,2.356485442116042564e-02,6.651581237829230775e-02
2.331997831977915964e-02,-6.650919945395205408e-04,2.265488632523963639e-02,3.172924734782969075e-02
2.150368275254479003e-02,-2.257491714280494323e-04,2.127793358111674388e-02,8.224807864877505328e-03
1.981699672256196504e-02,1.237549694095273504e-04,1.994075169197149361e-02,-5.886122916578597451e-03
1.879705854272084586e-02,3.541284816233004266e-04,1.915118702434414830e-02,-1.290171552029141175e-02
1.863813529399980032e-02,4.685078210920035850e-04,1.910664311509180369e-02,-1.505076651296124654e-02
1.905403838062184191e-02,4.896389287369106499e-04,1.954367730935875277e-02,-1.421939501241312707e-02
1.945700922927889875e-02,4.466538914371718356e-04,1.990366312071607108e-02,-1.184876074678070310e-02
1.927584312701753969e-02,3.669805561002607158e-04,1.964282368311779867e-02,-8.947222728931260305e-03
1.834872250327235568e-02,2.724915963200089737e-04,1.862121409959236612e-02,-6.139486260159598280e-03
1.711628604713524154e-02,1.797759718417949110e-04,1.729606201897703616e-02,-3.762039700480509542e-03
1.618551209902748325e-02,9.989019548535543616e-05,1.628540229451283863e-02,-1.941500512493427337e-03
1.579789374032377486e-02,3.853690113231095400e-05,1.583643064145608473e-02,-6.731556624979470604e-04
1.591081136071005250e-02,-3.198097251838825420e-06,1.590761326345821111e-02,1.184297248910353817e-04
1.643792575451373528e-02,-2.764569408180001360e-05,1.641028006043193654e-02,5.410221042358028757e-04
1.723857103769399490e-02,-3.849458342344764969e-05,1.720007645427054643e-02,7.017912864301971637e-04
1.808513701040093818e-02,-3.992045357117853113e-05,1.804521655682976219e-02,6.966690463541012424e-04
1.879274531581225094e-02,-3.562079235782232041e-05,1.875712452345442913e-02,6.003201588487267057e-04
1.938822332622928621e-02,-2.851587975329396421e-05,1.935970744647599190e-02,4.662090021455228897e-04
2.010871797185561499e-02,-2.073701767426053483e-05,2.008798095418135379e-02,3.296575667322503402e-04
2.122359008330020752e-02,-1.353771274889961005e-05,2.121005237055130499e-02,2.096014518889406696e-04
2.286144491138609666e-02,-7.651251801162199908e-06,2.285379365958493253e-02,1.151938365695172252e-04
2.494489718141434942e-02,-3.282259387834524452e-06,2.494161492202651501e-02,4.742909261762715955e-05
2.720643468908869392e-02,-3.697153265113879266e-07,2.720606497376218402e-02,3.537813907352416506e-06
2.927798039439610811e-02,1.301982643224628077e-06,2.927928237703933054e-02,-2.112795674691084883e-05
3.081188204139337014e-02,2.052147864202762532e-06,3.081393418925757258e-02,-3.205447560077902372e-05
3.157189375063475939e-02,2.156501046558951328e-06,3.157405025168132096e-02,-3.369072362888353049e-05
3.148889387157978448e-02,1.902222945202630066e-06,3.149079609452498651e-02,-3.013953097659382319e-05
3.063419835607084432e-02,1.484889856618050306e-06,3.063568324592746278e-02,-2.410552463889118589e-05
2.914886818519189793e-02,1.043819614447595994e-06,2.914991200480634981e-02,-1.751111235519330729e-05
2.726566010482458016e-02,6.625941044343264311e-07,2.726632269892901445e-02,-1.155626002200929093e-05
2.534160580489112913e-02,3.641542379139505145e-07,2.534196995912904246e-02,-6.656359094838745972e-06
2.373224439946201858e-02,1.611867328947582576e-07,2.373240558619491361e-02,-3.097257957432197538e-06
2.254856680291805054e-02,3.370107069330013435e-08,2.254860050398874508e-02,-6.842954616418188924e-07
2.147744536897836301e-02,-3.294854034431334603e-08,2.147741242043802248e-02,7.356554676500576906e-07
1.977409539820553300e-02,-5.713178552992930149e-08,1.977403826642000484e-02,1.411614457107797853e-06
1.651936750827872127e-02,-5.654866981035328003e-08,1.651931095960890855e-02,1.617695189527693484e-06
1.113020902818208889e-02,-4.132958354651070958e-08,1.113016769859854170e-02,1.490243069597623459e-06
3.771233873119712518e-03,-2.382385366938161528e-08,3.771210049266043168e-03,1.239471406198475264e-06
-4.541182718195682123e-03,-8.770218233769433627e-09,-4.541191488413915192e-03,9.229575394196582588e-07
-1.205885459561589247e-02,4.546105128189750125e-10,-1.205885414100538004e-02,6.257295982099771413e-07
-1.669198353896994211e-02,4.154911190294920291e-09,-1.669197938405874923e-02,3.831611139690392672e-07
-1.669391275652339773e-02,3.842541038696884819e-09,-1.669390891398235890e-02,1.872254329227510912e-07
-1.142843269978839268e-02,1.892181452415029508e-09,-1.142843080760693950e-02,6.460594246886284997e-08
-1.927495967492175557e-03,-7.361628361055657490e-10,-1.927496703655011759e-03,-2.047750092174644051e-08
9.022407218252370686e-03,-2.651270254311774238e-09,9.022404566982115265e-03,-6.028332591579977923e-08
1.736158357693018406e-02,-3.787857599083758348e-09,1.736157978907258356e-02,-7.445263971527004958e-08
1.913452867094678905e-02,-4.303331571704498328e-09,1.913452436761521602e-02,-7.538612858061160989e-08
1.325752248435648623e-02,-3.776791394859491227e-09,1.325751870756509097e-02,-6.094786250013524905e-08
3.729688686707870356e-03,-3.224955474934135953e-09,3.729685461752395379e-03,-4.967176268491824600e-08
-2.831228007617881456e-03,-2.172908674202727020e-09,-2.831230180526555628e-03,-3.309766260923034099e-08
-3.161738930405051488e-03,-1.364103672177127880e-09,-3.161740294508723521e-03,-2.124736872397556702e-08
4.219108033678075579e-04,-7.374212673238601955e-10,4.219100659465402250e-04,-1.198849913327246977e-08
3.785139061629475259e-03,-2.133566362102128539e-10,3.785138848272839081e-03,-3.680448759476404496e-09
5.192640966538904571e-03,-4.927920113922773285e-11,5.192640917259703191e-03,-8.420512793397555166e-10
5.573909445244443900e-03,1.263589016844676028e-10,5.573909571603345540e-03,3.021922094448165241e-09
6.077172343811013989e-03,1.144061679734686409e-10,6.077172458217182556e-03,3.199112281014200309e-09
6.681498805038712900e-03,1.030056503344746532e-10,6.681498908044363784e-03,3.537082477416332620e-09
6.961054128874127021e-03,8.110309420060192163e-11,6.961054209977222615e-03,3.431635916147666004e-09
6.822800525439053770e-03,3.905808681343737396e-11,6.822800564497140396e-03,2.126225141803154339e-09
6.325283922834414041e-03,3.087617631850056698e-11,6.325283953710589789e-03,2.160490256238671379e-09
5.486534069022733218e-03,1.008111360702520829e-11,5.486534079103847113e-03,9.244385739945633357e-10
4.361922463697149970e-03,6.269923702671321749e-12,4.361922469967073786e-03,7.697986218108869825e-10
3.094474429345745858e-03,2.066281047761609435e-12,3.094474431412027032e-03,3.366648232807429829e-10
1.862037958255575564e-03,-3.749270613113131562e-13,1.862037957880648478e-03,-8.072896673763347700e-11
8.082676728144053092e-04,2.775354260055353548e-13,8.082676730919406824e-04,8.508118786703973085e-11
6.112691402387097321e-06,-9.606686592690474922e-13,6.112690441718438407e-06,-3.132171485450968373e-10
-5.321796328276198708e-04,-1.846073801725495023e-13,-5.321796330122271915e-04,-6.728957225102069372e-11
-8.182535983269850852e-04,-5.293027530866949848e-13,-8.182535988562878154e-04,-1.938181568812082805e-10
-8.697833660888353025e-04,-3.856439943836354891e-13,-8.697833664744792932e-04,-1.539311696768881522e-10
-7.224012112713524203e-04,-1.001418263732683840e-13,-7.224012113714942118e-04,-2.954961769783877067e-11
-4.403541552448160860e-04,-3.930779741719745561e-13,-4.403541556378940715e-04,-1.435798997527573730e-10
-1.046252673208702825e-04,9.142259665932239963e-14,-1.046252672294476719e-04,3.094492917119546499e-11
2.101331468871742874e-04,-1.963475934765580565e-13,2.101331466908266834e-04,-6.194095547316696580e-11
4.486487388320516416e-04,4.073175465511547110e-14,4.486487388727834367e-04,6.518357531651826099e-12
5.758073943334490437e-04,4.076611349763234626e-14,5.758073943742151538e-04,1.756897203506105673e-11
5.735902643237112634e-04,-6.370244876431776094e-14,5.735902642600088563e-04,-2.495009067402484125e-11
4.382505853604439817e-04,1.401692634628749128e-13,4.382505855006132707e-04,4.425890844167264917e-11
1.848189543858157159e-04,-7.271667109357592201e-14,1.848189543130990622e-04,-2.234296345829774631e-11
-1.413655622474940452e-04,8.697559608759379892e-14,-1.413655621605184524e-04,2.417586167131814528e-11
-4.599373930740271554e-04,-3.960720338579977139e-15,-4.599373930779878544e-04,1.540428820183430548e-12
-6.745935073223206790e-04,-7.221866901306668919e-15,-6.745935073295425497e-04,-4.817679000113013909e-12
-7.259339992574534786e-04,5.279397064176458062e-14,-7.259339992046595549e-04,1.723690819896191628e-11
-6.328120273529305338e-04,-5.068483611089150132e-14,-6.328120274036153591e-04,-1.520661649881989769e-11
-4.581443842145142722e-04,4.827022201605897723e-14,-4.581443841662440736e-04,1.344530338781853684e-11
-2.515278260937953993e-04,-2.882023229552247885e-14,-2.515278261226156615e-04,-7.109964787114989092e-12
-4.798285905768183120e-05,5.664584049774453917e-15,-4.798285905201724754e-05,4.048376358982370100e-13
1.095654095478834660e-04,1.052593951407172538e-14,1.095654095584094022e-04,4.013555830567721329e-12
1.791866772089365401e-04,-2.577194990295906403e-14,1.791866771831645937e-04,-7.496066037762530608e-12
1.468284190221471372e-04,2.717890061234961730e-14,1.468284190493260256e-04,7.008570564556847818e-12
2.255353564688071104e-05,-2.675214323991019478e-14,2.255353562012856792e-05,-5.848778507230735092e-12
-1.854544620572422026e-04,1.522380222260876675e-14,-1.854544620420184049e-04,2.602803589290433473e-12
-4.679258401780160841e-04,-2.991521149747555374e-15,-4.679258401810075605e-04,-3.613959231124155700e-14
-7.988022588920130115e-04,-1.248939121377104047e-14,-7.988022589045023700e-04,-2.323406897130329025e-12
-1.143706235165258553e-03,2.203461480784123721e-14,-1.143706235143223879e-03,3.299092078437573014e-12
-1.464181965711310344e-03,-2.490935849536195543e-14,-1.464181965736219672e-03,-3.279669397148640933e-12
-1.717810174633178748e-03,2.008332934986055129e-14,-1.717810174613095204e-03,2.389230916500847279e-12
-1.878121670813850388e-03,-1.010271829065505168e-14,-1.878121670823952984e-03,-1.053366653894206854e-12
-1.950311128713098268e-03,-3.742274749560589486e-16,-1.950311128713472751e-03,-1.918850267186549884e-13
-1.965458835838149784e-03,9.318860509068536743e-15,-1.965458835828831283e-03,1.150746595358598479e-12
-1.961089086212018055e-03,-1.362503795742921886e-14,-1.961089086225642573e-03,-1.530436219950310284e-12
-1.953837736615430913e-03,1.401652941740382238e-14,-1.953837736601414347e-03,1.462796848983136115e-12
-1.931550896035071421e-03,-1.037855032861600323e-14,-1.931550896045450055e-03,-9.966883236855051040e-13
-1.890076742288447154e-03,4.831094960054762005e-15,-1.890076742283615732e-03,4.006863814562734329e-13
-1.865732882924566079e-03,1.269763001109981528e-15,-1.865732882923296261e-03,1.725205021158735231e-13
-1.908182498043455239e-03,-6.031467730962081925e-15,-1.908182498049486656e-03,-5.593793001785328647e-13
-2.039569554425183038e-03,8.515631631261554635e-15,-2.039569554416667280e-03,7.106234911866309486e-13
-2.257503097962535767e-03,-8.397684588229585875e-15,-2.257503097970933129e-03,-6.410751599276560717e-13
-2.539248065900061475e-03,5.997267628941292024e-15,-2.539248065894064103e-03,4.179520724488690059e-13
-2.829119967178236970e-03,-2.296252507170212490e-15,-2.829119967180532876e-03,-1.406378605979265274e-13
-3.061459101337469547e-03,-1.637408216325215562e-15,-3.061459101339106693e-03,-1.108281331121018753e-13
-3.204660747945005644e-03,4.601643938620769444e-15,-3.204660747940404290e-03,2.717160693816212923e-13
-3.269133754801807450e-03,-5.951449743676114055e-15,-3.269133754807758852e-03,-3.256704822973962863e-13
-3.285744401507981107e-03,5.445087921166416710e-15,-3.285744401502536244e-03,2.798606881203729124e-13
-3.290340633748731550e-03,-3.560720602915585626e-15,-3.290340633752292503e-03,-1.733219249206114751e-13
-3.316245622851318915e-03,9.462456532258397313e-16,-3.316245622850372624e-03,4.475010502469070130e-14
-3.382401351248068115e-03,1.502414667563883376e-15,-3.382401351246565411e-03,6.342593520832947562e-14
-3.485664121312522391e-03,-3.240780594944839362e-15,-3.485664121315763721e-03,-1.313834431621465184e-13
-3.608768968556753942e-03,3.821665558498687696e-15,-3.608768968552932346e-03,1.473460326019579521e-13
-3.736954963912025515e-03,-3.320372826672646072e-15,-3.736954963915345776e-03,-1.218647004547438895e-13
-3.868495580111984498e-03,2.016918716638276232e-15,-3.868495580109967014e-03,7.112186129935669984e-14
-4.012360402100360358e-03,-2.573399899924342899e-16,-4.012360402100617097e-03,-1.049043750072372129e-14
-4.192703922122981153e-03,-1.086061161139596282e-15,-4.192703922124067090e-03,-3.146137723922382138e-14
-4.471228721347465969e-03,2.382048549810509682e-15,-4.471228721345084194e-03,6.785704285723461317e-14
-4.932022030806706460e-03,-2.150686481113816072e-15,-4.932022030808857517e-03,-5.861128982328157333e-14
-5.605186378977988597e-03,2.431407094863396439e-15,-5.605186378975557382e-03,6.307597197218106682e-14
-6.440271391502091179e-03,-6.199911617713292119e-16,-6.440271391502711343e-03,-1.594288782180110849e-14
-7.371954474857080747e-03,6.033331990038034732e-16,-7.371954474856477063e-03,1.447890749307144383e-14
-8.356021003415666989e-03,1.379649200350711575e-15,-8.356021003414287884e-03,2.828760284136611881e-14
-9.361601412921681867e-03,-1.381773857189354724e-15,-9.361601412923064441e-03,-2.651144027863463154e-14
-1.036675715294536892e-02,1.077890741996168259e-15,-1.036675715294429166e-02,1.922124920683442093e-14
-1.130207304388232761e-02,-3.368842707930931871e-15,-1.130207304388569818e-02,-5.496594808944103885e-14
-1.200500282661033993e-02,-3.581409402586071490e-15,-1.200500282661392214e-02,-5.278199542331839134e-14
-1.231079840934878877e-02,-7.775561451596351758e-15,-1.231079840935656554e-02,-1.044205234000339135e-13
-1.221943397639303069e-02,-1.350147902697628788e-14,-1.221943397640653378e-02,-1.636116944852760350e-13
-1.200593301952915595e-02,-1.749285250608025645e-14,-1.200593301954665064e-02,-1.918113012846014048e-13
-1.219722253738964382e-02,-2.632719362584271435e-14,-1.219722253741597172e-02,-2.616775366982864367e-13
-1.342688446888853394e-02,-2.827230253709318113e-14,-1.342688446891680647e-02,-2.559492734218790592e-13
-1.637394487229780482e-02,-2.846160082171989812e-14,-1.637394487232626816e-02,-2.363680358844135321e-13
-2.172948714074611487e-02,-1.515184022026581187e-14,-2.172948714076126941e-02,-1.164819232672016914e-13
-2.969801189499788815e-02,1.779619900793969896e-14,-2.969801189498009336e-02,1.281590037455149450e-13
-3.930377525377082987e-02,7.583945839622651052e-14,-3.930377525369498776e-02,5.189577809749361664e-13
-4.834421275010878510e-02,1.710542292100336762e-13,-4.834421274993773443e-02,1.130053116874142182e-12
-5.407643188091680597e-02,2.976618443875495783e-13,-5.407643188061914130e-02,1.929623074619319778e-12
-5.454922017377518417e-02,4.535176569657118457e-13,-5.454922017332166501e-02,2.929051707655563937e-12
-4.998579444930231069e-02,6.159131781976276743e-13,-4.998579444868640059e-02,4.014002649888407738e-12
-4.264918623284466581e-02,7.529113084500284216e-13,-4.264918623209174725e-02,4.999245013977480765e-12
-3.500804110006044967e-02,8.189859537609197471e-13,-3.500804109924146590e-02,5.576895732828300550e-12
-2.822542111436848744e-02,7.490126123524290903e-13,-2.822542111361947895e-02,5.253019654208789839e-12
-2.218728985667215575e-02,4.703539186680674680e-13,-2.218728985620180283e-02,3.406351821904552584e-12
-1.616468963281570206e-02,-1.025663666402989306e-13,-1.616468963291826585e-02,-7.677932454532349144e-13
-9.365208078599033398e-03,-1.048931934285267120e-12,-9.365208079647965173e-03,-8.121949395198280560e-12
2.469727780003493772e-03,-2.431812761894483894e-12,2.469727777571680775e-03,-1.944139534568889831e-11
9.862004294594996570e-03,-4.277982810732653821e-12,9.862004290317015823e-03,-3.518702366216376455e-11
8.984577351100529394e-03,-6.746751563307093409e-12,8.984577344353776931e-03,-5.509905420186377926e-11
8.096285363284771996e-03,-9.585802269317778414e-12,8.096285353698969359e-03,-7.772156955177693959e-11
