8.299753783150009667e+00,1.737168609990487278e+00,2.537795366650273721e+00
6.595983310854480308e+00,1.923584274532013971e+00,2.088170026998195539e+00
5.595691806349889497e+00,2.117412481850314165e+00,1.806683885078459229e+00
5.264918472606683331e+00,2.317037729401461021e+00,1.680887692224741770e+00
4.607752184661861428e+00,2.578370377093988530e+00,1.458995620615410882e+00
3.781988767257158379e+00,2.874111683631194403e+00,1.165800598292299206e+00
3.416797456098350505e+00,3.144765945343771740e+00,9.432319218639211300e-01
3.380809872392811055e+00,3.388264791940578835e+00,7.535534213358452416e-01
3.250534046992938464e+00,3.630476062159368134e+00,4.907158849146858182e-01
3.090613176142120722e+00,3.866988404688867398e+00,1.704460517888695126e-01
3.157623386495223006e+00,4.078114720241567959e+00,-1.361264398284239840e-01
3.403165091601101366e+00,4.266135526042225123e+00,-4.223505093783885833e-01
3.650382753770109012e+00,4.448852686274992863e+00,-7.133217732247648657e-01
3.903318519672127174e+00,4.633900755051605813e+00,-1.001116870568835582e+00
4.251343699621934036e+00,4.813857012246624656e+00,-1.264279303210547045e+00
4.686379680865766062e+00,4.977117894573426682e+00,-1.499175226529689153e+00
5.147021542980245279e+00,5.117723482086172559e+00,-1.705585244473687867e+00
5.618524071378531382e+00,5.239446321208381718e+00,-1.872476560113995658e+00
6.121153858517358159e+00,5.350998183439414468e+00,-1.988954336774663600e+00
6.664609155379030980e+00,5.455707026989220054e+00,-2.052383556388202912e+00
7.243290339390417110e+00,5.549972493653254624e+00,-2.066364923388602559e+00
7.847177678834692749e+00,5.633705546182993018e+00,-2.042867478300805839e+00
8.465514777473147845e+00,5.716441943540290005e+00,-2.002627435212511742e+00
9.087984859704466345e+00,5.809641354471566821e+00,-1.962516363334179337e+00
9.705381449781881997e+00,5.917676433586471774e+00,-1.922304748135927666e+00
1.030849562859813773e+01,6.040258450033608284e+00,-1.869202842123551367e+00
1.088748372233717276e+01,6.179344685921517311e+00,-1.793830988172304020e+00
1.143414567368828649e+01,6.338017853181570516e+00,-1.695678881318274378e+00
1.194511831213440622e+01,6.514497675093677387e+00,-1.573492662892694849e+00
1.242184014022762462e+01,6.702730036624442889e+00,-1.418065116943409310e+00
1.286704455992521012e+01,6.899224730500391090e+00,-1.219181212210804111e+00
1.328194832653367641e+01,7.105906847813675320e+00,-9.769175329731731861e-01
1.366701562805855374e+01,7.325785339909246296e+00,-7.026625230909661068e-01
1.402449519928822141e+01,7.557524427085271057e+00,-4.110000569042260299e-01
1.435956662386965021e+01,7.792442099741136552e+00,-1.146440415412952468e-01
1.467982392766851696e+01,8.011858933103281899e+00,1.732241856761823628e-01
1.499447781784679457e+01,8.184857577387326444e+00,4.363171402383541619e-01
1.531273421687630432e+01,8.270338502156526772e+00,6.569952034719828138e-01
1.564020337508133451e+01,8.224198963678519547e+00,8.183589107955968611e-01
1.597593276723319100e+01,8.006938847913069424e+00,9.041542221521761125e-01
1.631472062843058879e+01,7.587318807233955020e+00,9.012239105750384782e-01
1.665400958203805359e+01,6.942835409098146116e+00,8.061755550919227353e-01
1.699809226515386129e+01,6.060815427969745706e+00,6.290028859992635724e-01
1.735476688099368658e+01,4.942109756509515783e+00,3.892268513800563046e-01
1.772832833565829347e+01,3.605670340632538107e+00,1.107692219829565922e-01
1.811572023312890423e+01,2.090287856493711072e+00,-1.792813953075540478e-01
1.850711833883466895e+01,4.504689759285417927e-01,-4.528985026914373879e-01
1.888770597009231622e+01,-1.253485854653124676e+00,-6.879942130356281327e-01
1.923909195475165035e+01,-2.966579094271781791e+00,-8.732543437455635438e-01
1.954120830730678904e+01,-4.644377024896817474e+00,-1.005711489229996092e+00
1.977454131566410567e+01,-6.250071445060245701e+00,-1.087142353209322065e+00
1.992156794030169920e+01,-7.750067711183105779e+00,-1.124940902815229515e+00
1.996744656218074354e+01,-9.116762787831200754e+00,-1.132503414302265421e+00
1.990057372431106586e+01,-1.033687775214453453e+01,-1.124785402782380483e+00
1.971290611292506512e+01,-1.141400437946146162e+01,-1.114519561816324389e+00
1.940045009822588540e+01,-1.235960536687097822e+01,-1.112424325681732329e+00
1.896496249448884441e+01,-1.318113634845447990e+01,-1.124587889689623754e+00
1.841573765175361643e+01,-1.387944148866970195e+01,-1.145044350034651881e+00
1.776831913340040003e+01,-1.445579213032010912e+01,-1.155543894028887575e+00
1.703999475510919837e+01,-1.491839102398639838e+01,-1.139650208042199298e+00
1.624655656154463301e+01,-1.528130901431737243e+01,-1.097803730976814052e+00
1.540342563006311494e+01,-1.555853665913090467e+01,-1.046732102018417043e+00
1.452848215604873694e+01,-1.575932459344377889e+01,-1.006174942626282043e+00
1.364256113272359627e+01,-1.588730922901890175e+01,-9.880231812803978997e-01
1.276771473004398771e+01,-1.594259203396334179e+01,-9.938743320261899106e-01
1.192552873147552006e+01,-1.592571731521913314e+01,-1.016786132876507098e+00
1.113558367435605234e+01,-1.584186668518790064e+01,-1.044884605089849039e+00
1.041314965176192153e+01,-1.570184950563033155e+01,-1.066788111703936837e+00
9.767423440005961410e+00,-1.551804423650222908e+01,-1.074986536885175203e+00
9.202178509119617544e+00,-1.529898776352442269e+01,-1.064154417665455377e+00
8.717846534909456935e+00,-1.504850691882123037e+01,-1.029155617647339760e+00
8.312521136941697364e+00,-1.476961357587888557e+01,-9.683296217060515243e-01
7.981496710801615713e+00,-1.446734186133294386e+01,-8.880463489063099569e-01
7.717048298301087073e+00,-1.414734090218895624e+01,-8.000776901177092393e-01
7.509683094970020178e+00,-1.381385579562383015e+01,-7.123860945483506679e-01
7.350730673043991636e+00,-1.347068983200458270e+01,-6.233659190697793395e-01
7.234942251550612546e+00,-1.312285050654407037e+01,-5.259627352961738778e-01
7.160532586779621234e+00,-1.277551549950496579e+01,-4.169708516978100077e-01
7.125081746041649566e+00,-1.243192570699311617e+01,-3.021216188069802966e-01
7.120286487986015267e+00,-1.209334528068498038e+01,-1.929307290120946261e-01
7.131469177978821072e+00,-1.176006052923797540e+01,-9.914008568652488140e-02
7.143449239135656548e+00,-1.143079002104502173e+01,-2.338060313793188794e-02
7.147381460740186654e+00,-1.110153640192470270e+01,3.870534945799031235e-02
7.142719433540233531e+00,-1.076655372451724091e+01,9.458901414502451921e-02
7.134292498167659424e+00,-1.042074120888484501e+01,1.502070159484919509e-01
7.128067822115590424e+00,-1.006072375982791023e+01,2.057171854120271037e-01
7.127836375963946480e+00,-9.684502487474071941e+00,2.533664568280663554e-01
7.133763650012391544e+00,-9.291699857540752561e+00,2.816300399113846886e-01
7.143804646447903473e+00,-8.884497902187293406e+00,2.858499440874774367e-01
7.156929670466793070e+00,-8.467318790641996884e+00,2.754712797207993225e-01
7.174466395810607189e+00,-8.044850128967544478e+00,2.673632482770582630e-01
7.197968564775968581e+00,-7.620436904333670824e+00,2.705930495728453566e-01
7.226800692957112915e+00,-7.196205973922647381e+00,2.801151531259954419e-01
7.258613983232974576e+00,-6.773801745579982381e+00,2.856180113488399064e-01
7.291505733749347407e+00,-6.354166003120359285e+00,2.826621883886965003e-01
7.325267982698123959e+00,-5.936706280466330199e+00,2.741687230663897301e-01
7.361495889593449249e+00,-5.519213100708331154e+00,2.660696987820398984e-01
7.402831615218285144e+00,-5.098665980188821223e+00,2.645458810825174201e-01
7.450583872401138841e+00,-4.672077115385691926e+00,2.729835577654909917e-01
7.502054491113273826e+00,-4.237385389046421480e+00,2.868579308602792199e-01
7.551302800875147270e+00,-3.794907694659376940e+00,2.939842924698510274e-01
7.593571639313000610e+00,-3.348204650570341112e+00,2.841123277835116978e-01
7.628292788362899479e+00,-2.902235944356179598e+00,2.572831248461027176e-01
7.657558621748926875e+00,-2.459424785873431940e+00,2.203230322902343941e-01
7.683234072714316909e+00,-2.017671894732542270e+00,1.776604514071994378e-01
7.705827398328634281e+00,-1.572676468689837570e+00,1.294261450013323156e-01
7.723159041500736954e+00,-1.121188558123081824e+00,7.697693711325448440e-02
7.727751777587043236e+00,-6.602752073570472557e-01,2.575867240131590741e-02
7.707798926369923365e+00,-1.838841801651835972e-01,-1.790359243483696794e-02
7.654870514005195581e+00,3.164626700816186577e-01,-5.025337202119173341e-02
7.571439967313352781e+00,8.448115404432632314e-01,-7.037699473501357605e-02
7.468135980136247021e+00,1.396025176291187941e+00,-8.000128701064757042e-02
7.351263848286681224e+00,1.961719492363411588e+00,-8.368630339893046166e-02
7.212719185782078490e+00,2.542246524849800515e+00,-8.595263327457192126e-02
7.032915111683401221e+00,3.150457495372854577e+00,-8.563447190794437613e-02
6.794400457233251700e+00,3.801912620269575882e+00,-7.466782163317864374e-02
6.491923915314079530e+00,4.503051852408723299e+00,-4.497573323582193527e-02
6.126160802382174531e+00,5.250651020054469598e+00,4.686689349109318670e-03
5.686244241157312196e+00,6.040335292462278183e+00,7.121383442131035135e-02
5.144316461929854256e+00,6.870686698851640628e+00,1.535982121242396303e-01
4.477163457055977069e+00,7.737045489110554897e+00,2.498643870757488450e-01
3.696483569233954380e+00,8.623661753899479976e+00,3.457013523294749646e-01
2.851505541558241319e+00,9.504977569644061930e+00,4.128833583184193801e-01
1.995193670170180900e+00,1.035546434386556669e+01,4.258725296388266024e-01
1.146995699667696655e+00,1.115803633800940808e+01,3.798559334652895636e-01
2.870516887401031170e-01,1.190397417747356279e+01,2.900093257247188250e-01
-6.209010979393969620e-01,1.258707663692698020e+01,1.754653593559474256e-01
-1.606756361191008509e+00,1.319955075865929928e+01,4.793016452543652495e-02
-2.688002430281333233e+00,1.373278726169703212e+01,-8.651614380406069671e-02
-3.873703513087644712e+00,1.417944970582673214e+01,-2.220982723133424208e-01
-5.167724500814485644e+00,1.453280661318861888e+01,-3.534754877342755064e-01
-6.569705903275835368e+00,1.478447600151814711e+01,-4.777087295069342709e-01
-8.076145034983571946e+00,1.492429613923006038e+01,-5.921919312960877146e-01
-9.681541762857314382e+00,1.494222446127075621e+01,-6.919801612102760568e-01
-1.137928301968222833e+01,1.482889370247201555e+01,-7.728774827450018980e-01
-1.316307828783271816e+01,1.457448355448576827e+01,-8.371174798187108745e-01
-1.502808662121959316e+01,1.416921664379244028e+01,-8.921257854186541714e-01
-1.696965987514897733e+01,1.360611270691511976e+01,-9.418129816186198155e-01
-1.898111756902702751e+01,1.288261353647786933e+01,-9.820238048972147471e-01
-2.105507398025643084e+01,1.199996066452192700e+01,-1.007792406825106513e+00
-2.318805702382282519e+01,1.096283753757976065e+01,-1.023536629109131235e+00
-2.538034857042292813e+01,9.778823020758581563e+00,-1.041657668530634906e+00
-2.762581628661069288e+01,8.454093752173902132e+00,-1.069443672076161755e+00
-2.990052857992586510e+01,6.988074288387969624e+00,-1.099682556374578013e+00
-3.216491639043108108e+01,5.376234574294910473e+00,-1.116357441536613315e+00
-3.437970638581391114e+01,3.622266544723048654e+00,-1.108849098025305180e+00
-3.651807920410809771e+01,1.747359691452801567e+00,-1.078797682174531536e+00
-3.856076468935518164e+01,-2.130400308789082153e-01,-1.033127895398444629e+00
-4.048196995338481941e+01,-2.218374022296201620e+00,-9.721328147378054396e-01
-4.224311909087452221e+01,-4.226029318611795205e+00,-8.855433478923562252e-01
-4.379842635883732527e+01,-6.188170587219758545e+00,-7.597149060920016517e-01
-4.510221638104685127e+01,-8.051119276335020558e+00,-5.878590880831202625e-01
-4.611017618045804056e+01,-9.760154413078689473e+00,-3.740236601972035668e-01
-4.677705928633815802e+01,-1.126446797360416774e+01,-1.291434459771423349e-01
-4.705650051465001127e+01,-1.251872128435034526e+01,1.353321604205537376e-01
-4.690435290191138051e+01,-1.348312662553835395e+01,4.102661472424329325e-01
-4.628369245517904318e+01,-1.412421498512294349e+01,6.870899211879749613e-01
-4.516964123092270711e+01,-1.441606052012791395e+01,9.550590616214797990e-01
-4.355275512690964490e+01,-1.434197313837526977e+01,1.200911609190377538e+00
-4.144023048910901252e+01,-1.389739985149212664e+01,1.410758138649104154e+00
-3.885513011292418639e+01,-1.309273841276608508e+01,1.572493921173367948e+00
-3.583454535817124764e+01,-1.195292381652911651e+01,1.679067159768706574e+00
-3.242786532043351144e+01,-1.051300402108504173e+01,1.733389759971811550e+00
-2.869639824172404730e+01,-8.813274785652788879e+00,1.751844034389784976e+00
-2.471462579756500233e+01,-6.898315432449003026e+00,1.761621739736413783e+00
-2.057162512647175134e+01,-4.820321305628763042e+00,1.792905260463437678e+00
-1.637159128181214740e+01,-2.643109261283690614e+00,1.872929809560719194e+00
-1.223494683799841631e+01,-4.430600008461876294e-01,2.024809865565080358e+00
-8.300535761479602925e+00,1.694310096438617075e+00,2.264289825906692588e+00
-4.723070506623409770e+00,3.681551824143713514e+00,2.588005617767743960e+00
-1.657578710934637378e+00,5.438092094069424398e+00,2.960399921504570209e+00
7.679837460947136485e-01,6.896738502922202585e+00,3.315581535677097680e+00
2.478147823815335382e+00,8.005415517083008581e+00,3.579883163157270065e+00
3.459564560578669123e+00,8.727598003344818167e+00,3.700282980525146037e+00
3.754050654998512648e+00,9.048019555635367084e+00,3.657569247450253691e+00
3.444699507165471797e+00,8.983632080248499463e+00,3.459127945259765635e+00
2.643309886266875797e+00,8.590096090221749137e+00,3.125409672566983765e+00
1.480654374960421737e+00,7.954496343453278939e+00,2.684561601665469421e+00
9.773136635721213494e-02,7.176134967103903861e+00,2.173945994510123381e+00
-1.363561565479454174e+00,6.346099798031495709e+00,1.637192399019173905e+00
-2.770513874297275692e+00,5.534516650497619317e+00,1.112930107691756376e+00
-4.008986881020585535e+00,4.787214480960320984e+00,6.242920991805099851e-01
-4.990610096018425423e+00,4.128891041480437174e+00,1.787956377009153330e-01
-5.658822387717417080e+00,3.568748586639750364e+00,-2.235200163820671715e-01
-5.995203060134008943e+00,3.105031323278798272e+00,-5.837753897205287812e-01
-6.022447705144040597e+00,2.727199792405161638e+00,-9.047286166004308017e-01
-5.796855324168292967e+00,2.417986812140291875e+00,-1.193307631217471076e+00
-5.389868829130672445e+00,2.158304543775808604e+00,-1.458831304225541192e+00
-4.869054853424427343e+00,1.933893154170539752e+00,-1.707163031115649376e+00
-4.289487454851303561e+00,1.738464230735866867e+00,-1.935931484622621435e+00
-3.695515931745050331e+00,1.570230970193483344e+00,-2.134074900686094622e+00
-3.124442453279197007e+00,1.425635349119845019e+00,-2.284998742615659495e+00
-2.606557609964588185e+00,1.297005335595194486e+00,-2.371608934423480086e+00
-2.163259501430925269e+00,1.175658400095116241e+00,-2.382006714198788622e+00
-1.806758840706412572e+00,1.055617907801467359e+00,-2.313770028052261285e+00
-1.541552650075606934e+00,9.339431469599853708e-01,-2.174032577377874365e+00
-1.365666906800734104e+00,8.092227193956177400e-01,-1.975003815851833266e+00
-1.270782543739134018e+00,6.813290435539811618e-01,-1.728428231154016670e+00
-1.242238148881357196e+00,5.519186599926145798e-01,-1.442908484460338370e+00
-1.260308207548244130e+00,4.234981454939028556e-01,-1.124443275716326296e+00
-1.303029893005014372e+00,2.979212626155226529e-01,-7.779235107591857545e-01
-1.349435277402666333e+00,1.770502586583705962e-01,-4.086221809811867445e-01
-1.381870038154875857e+00,6.506766682191564288e-02,-2.436079030374016519e-02
-1.387314960078211978e+00,-3.135907047176547668e-02,3.624554925565219854e-01
-1.358416589019583620e+00,-1.062850966764179728e-01,7.352404045340997785e-01
-1.294053492552071916e+00,-1.571799089867751409e-01,1.075965768229936170e+00
-1.198394598198871064e+00,-1.836510352596146256e-01,1.367435818556554938e+00
-1.078477880078476669e+00,-1.848087883870446479e-01,1.594524858980552073e+00
-9.419894259446446316e-01,-1.603964197033000694e-01,1.747089818031691166e+00
-7.965158244321868253e-01,-1.151246781208939279e-01,1.824527053269561661e+00
-6.496061562441532988e-01,-5.984219898020472911e-02,1.836787954310262094e+00
-5.083692322155330956e-01,-6.471286616103327782e-03,1.798751984269167270e+00
-3.785947747428353161e-01,3.819362149720322702e-02,1.722673819415654561e+00
-2.642391072699145638e-01,7.344762423599354717e-02,1.615492827513886898e+00
-1.674528554967968930e-01,1.010026536551328624e-01,1.481332187177400117e+00
-8.866903275617232794e-02,1.220878061349191107e-01,1.324342934130723348e+00
-2.668110072878703345e-02,1.376383824143977141e-01,1.149201256210180544e+00
2.092531306729926779e-02,1.491926052649138745e-01,9.605960084150404477e-01
5.701782761435846003e-02,1.584168108096153937e-01,7.632883109802424126e-01
8.427696601087664163e-02,1.661271064584344259e-01,5.627373845138589070e-01
1.048489555452447597e-01,1.722581930816736995e-01,3.658895415454416211e-01
1.201670015343880710e-01,1.766486973863237719e-01,1.815863355605906726e-01
1.309224856502200218e-01,1.796264750423409717e-01,1.963462381994462991e-02
1.372350816936096507e-01,1.817964515953179871e-01,-1.114074850503549013e-01
1.389587796979396828e-01,1.832848163945376141e-01,-2.059179549630113515e-01
1.360907063441274545e-01,1.833533269097674112e-01,-2.611258958949702613e-01
1.291489949259427839e-01,1.809064792459083582e-01,-2.764876034147546457e-01
1.190048955679311876e-01,1.750237356737925631e-01,-2.542050518720974095e-01
1.060408000708168430e-01,1.645289660117364716e-01,-2.002109199309569376e-01
8.982103826216120135e-02,1.476693405063657372e-01,-1.235922030705381702e-01
7.036070901661473087e-02,1.237276782665996805e-01,-3.421008287089744027e-02
4.963812507280396247e-02,9.542536726428463290e-02,5.949182240151672935e-02
3.090846243447575512e-02,6.863585142969849673e-02,1.508792877154967182e-01
1.627824561895030442e-02,4.891446134167726223e-02,2.343024540510385278e-01
5.642958612883663960e-03,3.869538321843793427e-02,3.047370896568786236e-01
-2.178716574652295179e-03,3.780443511892245256e-02,3.585447397649182966e-01
-8.653574309624989525e-03,4.525898977841835702e-02,3.944223736774415956e-01
-1.606100782619579448e-02,5.972634910832163441e-02,4.132614642493592783e-01
-2.695812819725196263e-02,7.936737841628127565e-02,4.166257238727430479e-01
-4.191105264589323198e-02,1.025113204764470376e-01,4.048777226471622637e-01
-5.873645796738990316e-02,1.282892807854402184e-01,3.766928135605365213e-01
-7.473779464556301599e-02,1.564468987533260136e-01,3.309492425394855442e-01
-8.841013293459104583e-02,1.876106954488800105e-01,2.695237003986356017e-01
-9.801559145067299805e-02,2.240668903441197790e-01,1.974764468161416264e-01
-1.000910576270940683e-01,2.684574637755803850e-01,1.189825947261330258e-01
-9.126791902736020035e-02,3.200972612064058032e-01,3.259356601302554335e-02
-7.107280299040175109e-02,3.733160987343456250e-01,-6.842295090264682855e-02
-4.163530866324594015e-02,4.207243623922593545e-01,-1.899979895626791038e-01
-5.215337751662829646e-03,4.578692233029625358e-01,-3.314843310404935739e-01
3.660007080907856647e-02,4.843981694520326786e-01,-4.858014413769431439e-01
8.168249170298347295e-02,5.021281998429140137e-01,-6.442301174881120973e-01
1.270507829592704141e-01,5.134610521916564974e-01,-8.003920810010358711e-01
1.703503985472920590e-01,5.209385208462287142e-01,-9.506650168359525033e-01
2.109953288262356175e-01,5.266457200931752292e-01,-1.092662690112544688e+00
2.496368959073458071e-01,5.317540530131245058e-01,-1.224203748989779905e+00
2.870052449399640437e-01,5.372156822459032144e-01,-1.343444641740132450e+00
3.233565551419291251e-01,5.445734081975343033e-01,-1.449385460419033711e+00
3.584797683348073249e-01,5.553695019624472762e-01,-1.541517756828564290e+00
3.918273305214549085e-01,5.701742341777601419e-01,-1.618401286743592626e+00
4.226590185216205775e-01,5.891358769124707129e-01,-1.677002048080175056e+00
4.499789115869345379e-01,6.131485507419701664e-01,-1.714411125890644039e+00
4.719485990112290419e-01,6.430324926666105556e-01,-1.729891608482081899e+00
4.851878332251535197e-01,6.770255095373336474e-01,-1.723614860862296316e+00
4.851437956465700641e-01,7.102566667230303388e-01,-1.693038837340468561e+00
4.681103795414753299e-01,7.380614594226959646e-01,-1.632180460909015141e+00
4.337140463497867748e-01,7.598477707921800217e-01,-1.535347196561438921e+00
3.857076381910684582e-01,7.789944107764411596e-01,-1.400506635853699722e+00
3.301333368627146214e-01,7.991105769372327527e-01,-1.228829923888564490e+00
2.722737112345607891e-01,8.213676038020509829e-01,-1.023401312158986221e+00
2.148212009478456253e-01,8.454959058952330464e-01,-7.903635079221926762e-01
1.583683758957232790e-01,8.717265227258657045e-01,-5.400010151666162495e-01
1.032413192886272313e-01,9.002028804658278593e-01,-2.842327108183023698e-01
5.095377075770013420e-02,9.288838277340775162e-01,-3.234230554621797538e-02
4.406438279258573232e-03,9.536557964130719656e-01,2.111571468445955224e-01
-3.291440591329797272e-02,9.713429964745139422e-01,4.466513836649809721e-01
-5.805940168884803770e-02,9.822722504273031507e-01,6.796076246824711564e-01
-6.950922212062282668e-02,9.897894918399311459e-01,9.196754344313605722e-01
-6.749000081296419040e-02,9.980580721617725581e-01,1.176354487150145012e+00
-5.360522279312940341e-02,1.010772194896085274e+00,1.452871879282642054e+00
-3.008016541100610661e-02,1.030952940459482603e+00,1.742814448135453498e+00
8.154806405147319026e-04,1.060332176356371114e+00,2.031728794690961237e+00
3.686858754792243786e-02,1.098514077925109023e+00,2.302270242080656004e+00
7.583462780236249756e-02,1.143690831980450406e+00,2.540151950811211812e+00
1.156400321500328093e-01,1.194802662829728135e+00,2.737893345752667518e+00
1.549196762898330526e-01,1.252439730967010112e+00,2.893932655072539717e+00
1.934665515090916443e-01,1.317147794420436835e+00,3.007957124565169060e+00
2.322459468565013785e-01,1.387651532346863226e+00,3.077175102607562440e+00
2.730576047621496860e-01,1.461883476187430198e+00,3.097346862491884067e+00
3.181491986059548083e-01,1.539547927638018621e+00,3.066932782291933890e+00
3.699233765283582720e-01,1.622339703545340406e+00,2.989488471703133143e+00
4.306394548783681331e-01,1.711071090477556123e+00,2.872146654432153223e+00
5.020000671801532199e-01,1.803501892540873452e+00,2.722503902930077935e+00
5.847498303268583442e-01,1.895861580803251289e+00,2.547055246074763968e+00
6.785896535987934186e-01,1.985858452193316026e+00,2.351621760934703431e+00
7.824787710650205064e-01,2.073048235586953503e+00,2.141888302151298440e+00
8.949587103876387451e-01,2.156745528962000780e+00,1.922589716260025616e+00
1.014203230857990690e+00,2.235550196871965767e+00,1.696153454086232637e+00
1.138127834461877264e+00,2.309806663046386266e+00,1.463031479346371677e+00
1.265003453987388893e+00,2.383221211308232501e+00,1.224530633177622896e+00
1.394148578786612580e+00,2.460599017387787857e+00,9.857981548885146328e-01
1.525827487378617953e+00,2.544017579244810090e+00,7.555557272918823619e-01
1.660513177806633767e+00,2.631513422001775737e+00,5.421362811781189617e-01
1.798619236987874848e+00,2.718897205212094992e+00,3.492514872342755705e-01
1.940949976297345669e+00,2.802632770994256450e+00,1.751643022167292951e-01
2.088926816988245783e+00,2.882098905919766363e+00,1.544321649435409331e-02
2.244292827462690543e+00,2.959928566797903393e+00,-1.336319210543807090e-01
2.409123938800215026e+00,3.039647486920079800e+00,-2.737235269701515650e-01
2.586198370068124586e+00,3.122762645968446549e+00,-4.054572247334776725e-01
2.778647305345939955e+00,3.209041274553139811e+00,-5.302340086443098066e-01
2.989014839233640863e+00,3.299452023434387371e+00,-6.509822954617328072e-01
3.219330412309318046e+00,3.396787897647249199e+00,-7.708716401323700840e-01
3.472122204176141924e+00,3.502636131195030256e+00,-8.906111938614817980e-01
3.750033256339768251e+00,3.616063360022611306e+00,-1.006706430053474932e+00
4.053579779124683036e+00,3.737381518294432770e+00,-1.113048108652009427e+00
4.380135214409885513e+00,3.871823925864531279e+00,-1.205022660163770798e+00
4.726106568470329172e+00,4.026866727726593709e+00,-1.281734238565770845e+00
5.089801494151108940e+00,4.205919588849138080e+00,-1.343235064399025847e+00
5.471826197390176283e+00,4.406593671066436180e+00,-1.385755599592475296e+00
5.873514272947137016e+00,4.625480970922779100e+00,-1.401005137975155801e+00
6.295538962599322552e+00,4.862817251392970164e+00,-1.380581445313694422e+00
6.737120478332580653e+00,5.121502794908708189e+00,-1.319843109146221938e+00
7.195682008345471559e+00,5.402950976288416918e+00,-1.216873731676033410e+00
7.667780207171736251e+00,5.705485429157033828e+00,-1.069541525304805729e+00
8.150857219366423934e+00,6.026172442858559464e+00,-8.761864022284449049e-01
8.643456232308999176e+00,6.362160793061977238e+00,-6.396517978066174059e-01
9.143718180880101798e+00,6.709473469315440752e+00,-3.690747170394248489e-01
9.649333686791152331e+00,7.061920448927921257e+00,-7.654003709584022985e-02
1.016014130233445378e+01,7.412800148276082801e+00,2.279018237946045244e-01
1.068009197552872358e+01,7.757453434287774563e+00,5.378816900961785885e-01
1.121636547939758266e+01,8.092668266855007175e+00,8.484545968007878303e-01
1.177799780796906504e+01,8.412596061777737333e+00,1.153289500104847098e+00
1.237565914385063692e+01,8.705042033955189495e+00,1.443700876434875102e+00
1.301952354976210202e+01,8.951245987275784799e+00,1.708445389096078681e+00
1.371317106344471703e+01,9.128398158617455849e+00,1.932329364823306861e+00
1.444803868743987785e+01,9.212543305355019641e+00,2.094696787384095149e+00
1.520435733873197037e+01,9.181175823190184104e+00,2.171542831643294313e+00
1.595791749290585315e+01,9.015993881048883551e+00,2.142734452493591402e+00
1.668699482164026549e+01,8.705103606976571484e+00,2.000254714468255202e+00
1.737609109439376809e+01,8.243065862584829873e+00,1.751296125478416510e+00
1.801704154423379478e+01,7.628806658833758192e+00,1.414509962293986733e+00
1.860809422334103047e+01,6.863456203463585759e+00,1.013583839075751669e+00
1.915067497920058770e+01,5.949598516069159793e+00,5.729046652049735178e-01
1.964508534781611360e+01,4.891323185621382130e+00,1.159095251467012616e-01
2.008786894703962034e+01,3.694259448096059550e+00,-3.360886250290684441e-01
2.047226538616386549e+01,2.366357593648737989e+00,-7.653879189196272081e-01
2.079080121494019906e+01,9.203154823997360401e-01,-1.158268734365375918e+00
2.103809505016457138e+01,-6.234393594860110355e-01,-1.503708319124106296e+00
2.121226746669146834e+01,-2.235409217067885201e+00,-1.792284412394234749e+00
2.131438455580614288e+01,-3.878279370806580584e+00,-2.016644723533203454e+00
2.134687198394127350e+01,-5.510290301227815490e+00,-2.172052267589222208e+00
2.131228101434508915e+01,-7.090231474509910647e+00,-2.255475391779726557e+00
2.121240362729426110e+01,-8.583353263859955007e+00,-2.265172530536707640e+00
2.104707434158997614e+01,-9.965880668067672588e+00,-2.203102079362182941e+00
2.081377649924279538e+01,-1.122509655825435360e+01,-2.077397889127738040e+00
2.050992781391536113e+01,-1.235474323024204857e+01,-1.900184578109627598e+00
2.013643515831719810e+01,-1.334969849262970776e+01,-1.682731359511080438e+00
1.969817029890106141e+01,-1.420438277240996072e+01,-1.435296371387964509e+00
1.920013648657792160e+01,-1.491497598752841114e+01,-1.172364568782571670e+00
1.864381027896655496e+01,-1.548146693719908917e+01,-9.144631010158531526e-01
1.802807689964071969e+01,-1.590680243799463689e+01,-6.815199254889274805e-01
1.735336622896432601e+01,-1.619493045102310447e+01,-4.851661208288970961e-01
1.662444112174285848e+01,-1.635112423310130936e+01,-3.290290422925523650e-01
1.585026336142658465e+01,-1.638473328868176182e+01,-2.145605131190220227e-01
1.504277631372199409e+01,-1.631112415887591283e+01,-1.433761515437503853e-01
1.421580002737954196e+01,-1.615050914100649138e+01,-1.140427279654881859e-01
1.338350022708489817e+01,-1.592478829160422471e+01,-1.192573042368971631e-01
1.255871218233783893e+01,-1.565452809746459195e+01,-1.474772720407024895e-01
1.175279393023920171e+01,-1.535633903772412090e+01,-1.869722503716059192e-01
1.097733730021779230e+01,-1.504052129878599686e+01,-2.288231878621454773e-01
1.024546654498334952e+01,-1.471098503389202250e+01,-2.675630008802665216e-01
9.570599749224028230e+00,-1.436911714058838818e+01,-2.996660876541934471e-01
8.963591725855945214e+00,-1.401850640309676344e+01,-3.211776432304053186e-01
8.431044114646546461e+00,-1.366521561635886073e+01,-3.268541561432525278e-01
7.975861628393453806e+00,-1.331383762270675497e+01,-3.118980989911396273e-01
7.598503550647860649e+00,-1.296552185318516770e+01,-2.740829669354433173e-01
7.297405229284569472e+00,-1.262090486015866375e+01,-2.133942566682339725e-01
7.068940013628676411e+00,-1.228319134808655733e+01,-1.298152876163391201e-01
6.907728427418269312e+00,-1.195670567374338233e+01,-2.275772212990993457e-02
6.806899338774874408e+00,-1.164337811231069786e+01,1.063942830693140051e-01
6.757819517912433405e+00,-1.134194966093966706e+01,2.515771574356647777e-01
6.750124304316096335e+00,-1.104958722216428590e+01,4.030994710611801590e-01
6.772971676420325160e+00,-1.076269860255807842e+01,5.523139353906525439e-01
6.816867138303184248e+00,-1.047681315603648144e+01,6.952714642535079426e-01
6.874681832162998774e+00,-1.018733987806483299e+01,8.313246099261872857e-01
6.941390808176127969e+00,-9.890580924695198561e+00,9.584114577634161858e-01
7.012881159255134556e+00,-9.583330041534331656e+00,1.071144308775751064e+00
7.084532694210387227e+00,-9.262107997836865891e+00,1.164687542302423218e+00
7.150920707612028693e+00,-8.924068527760425695e+00,1.239729934992897409e+00
7.207649367671486118e+00,-8.568554782980513096e+00,1.301818489809133839e+00
7.253837601044476280e+00,-8.196641591704800334e+00,1.355448852043417141e+00
7.292197459654036429e+00,-7.808891073450484832e+00,1.399974287075513191e+00
7.326231224015765875e+00,-7.404268709156552219e+00,1.431365837846822364e+00
7.357680590461756154e+00,-6.981402073475217129e+00,1.446379852331620475e+00
7.386462332236653161e+00,-6.540124210609793209e+00,1.444598692954755403e+00
7.411392150526440403e+00,-6.081492140238980326e+00,1.428231587331449282e+00
7.429520006762556861e+00,-5.607297426411111729e+00,1.400885483235914108e+00
7.435544491113942556e+00,-5.120644572598614275e+00,1.364834282603644144e+00
7.424152344582823027e+00,-4.626616428837354356e+00,1.318184271525829621e+00
7.394337902472679858e+00,-4.130927527626398366e+00,1.256370123140920780e+00
7.351211708806481226e+00,-3.637209203872287855e+00,1.178389791827438859e+00
7.302914133622272708e+00,-3.145927898735084494e+00,1.090483136634220918e+00
7.255428534929108331e+00,-2.655744496298517721e+00,1.001286686465804765e+00
7.209814657079260058e+00,-2.164782743892473604e+00,9.134414932480959814e-01
7.163190733852075276e+00,-1.670379329236854060e+00,8.220784938046933332e-01
7.111278696907973540e+00,-1.169280734334759986e+00,7.221226667118697540e-01
7.050188765504449506e+00,-6.595439008860337626e-01,6.153011951823272874e-01
6.976963730169204680e+00,-1.415886804750909889e-01,5.089291444389937302e-01
6.889259139154502165e+00,3.840090634748716258e-01,4.094223086159587410e-01
6.784397338766567920e+00,9.197430073629774272e-01,3.187087286776052464e-01
6.658557047649060756e+00,1.471280572548638865e+00,2.354460052410300708e-01
6.507475216038782762e+00,2.044098713790309940e+00,1.562756274680471291e-01
6.328660344633862955e+00,2.640151902377801729e+00,7.509367339578187917e-02
6.122539059119080918e+00,3.257373564055643378e+00,-1.615103432932307737e-02
5.890143667673375383e+00,3.891818080205455388e+00,-1.237924881353213852e-01
5.629137397321626324e+00,4.540483638566261249e+00,-2.499628418563270837e-01
5.333054984494323136e+00,5.202655652425791644e+00,-3.934604434950583762e-01
4.995238968034176885e+00,5.878720213726229105e+00,-5.509508287599579335e-01
4.612395660782975249e+00,6.567880646624729479e+00,-7.174097500974030428e-01
4.182357652784407520e+00,7.267721124714554115e+00,-8.889811713032997886e-01
3.698389662456013749e+00,7.976260961960251805e+00,-1.066983704047506087e+00
3.147860405589009147e+00,8.693243822590462244e+00,-1.255823072313158484e+00
2.517905712943679930e+00,9.417612462213719837e+00,-1.454488557901742363e+00
1.801603013563690459e+00,1.014319148264975468e+01,-1.652759919524362964e+00
9.979483255362352478e-01,1.085803001441485982e+01,-1.838652415836055987e+00
1.074488481689339636e-01,1.154935353369680406e+01,-2.007647519187277574e+00
-8.701148125112022624e-01,1.220928328703595867e+01,-2.161956713949905406e+00
-1.934166107325774098e+00,1.283489359047595890e+01,-2.302838750537842483e+00
-3.082471572515776970e+00,1.342220778705028295e+01,-2.427204992475131995e+00
-4.313396844102257432e+00,1.396033829146623262e+01,-2.530616168804066035e+00
-5.627755401313994099e+00,1.443146758731340817e+01,-2.609523648174002730e+00
-7.026584206067453486e+00,1.481589836783706993e+01,-2.659965479562681256e+00
-8.507231056684227966e+00,1.509680663973871617e+01,-2.677517056122319161e+00
-1.006294542246988222e+01,1.526101830122857272e+01,-2.660779304639385057e+00
-1.168623673069746260e+01,1.529677463707591301e+01,-2.613562435508572701e+00
-1.337113208582374391e+01,1.519168004096996505e+01,-2.541808613031742770e+00
-1.511189047661232010e+01,1.493273349741811451e+01,-2.448877560006986975e+00
-1.690147509991801655e+01,1.450808233388113955e+01,-2.335097046469793991e+00
-1.873300303772529318e+01,1.390893229560867361e+01,-2.201086234930177188e+00
-2.060211058057537059e+01,1.313012428389529163e+01,-2.049401618342966636e+00
-2.250636663816418803e+01,1.216907409745927815e+01,-1.882940843559999022e+00
-2.444207320759776891e+01,1.102459045754405409e+01,-1.704164674754954367e+00
-2.640218585680857899e+01,9.697777260521904807e+00,-1.516891022748447115e+00
-2.837678641857410611e+01,8.195255104534721724e+00,-1.326688525224577475e+00
-3.035376728008187541e+01,6.531928097512208709e+00,-1.137616683913740045e+00
-3.231827711311974127e+01,4.730293531585616051e+00,-9.495739171309923732e-01
-3.425283808260348195e+01,2.816859535416105231e+00,-7.601118693342789889e-01
-3.613863219250667669e+01,8.196091606479938285e-01,-5.679914476184461103e-01
-3.795396234609005148e+01,-1.230842683948435434e+00,-3.742638856492341848e-01
-3.966886444770389630e+01,-3.298563310113956870e+00,-1.808787944723722063e-01
-4.124371977735852113e+01,-5.342286253149745257e+00,1.191222767052413367e-02
-4.263666046667668752e+01,-7.318149289886952680e+00,2.086496189536435342e-01
-4.380840674396313261e+01,-9.180582176441550502e+00,4.180650848500250261e-01
-4.471279972947942127e+01,-1.087947283444600011e+01,6.444928401785898764e-01
-4.528679442845076863e+01,-1.235929057095071926e+01,8.778383138959010568e-01
-4.546433332767770708e+01,-1.356612097386622828e+01,1.095409142061535723e+00
-4.520602202801756420e+01,-1.445848683653515288e+01,1.275383813074058459e+00
-4.450710894295106357e+01,-1.501134674742030661e+01,1.405061634368319767e+00
-4.337373017318568458e+01,-1.521089845557141196e+01,1.475192907423454880e+00
-4.180439383672851505e+01,-1.504991893142994108e+01,1.473879436352798500e+00
-3.980409071389358644e+01,-1.453131487484639450e+01,1.394014741427918036e+00
-3.740629064560963002e+01,-1.367423144710551597e+01,1.245632545758684762e+00
-3.466733755919047155e+01,-1.251254814737874632e+01,1.055015223379724310e+00
-3.164192449066127466e+01,-1.108635125609019845e+01,8.504613036040137297e-01
-2.837337794941219826e+01,-9.436449867056580842e+00,6.516397367843645982e-01
-2.490496231451255582e+01,-7.606463011416816578e+00,4.717500333011048208e-01
-2.129093215067822342e+01,-5.645852279195853640e+00,3.245224308379146549e-01
-1.759727920862319550e+01,-3.607634785089616436e+00,2.262750091728410184e-01
-1.390116219056491786e+01,-1.544813542597553324e+00,1.941044657074314506e-01
-1.029352594567490087e+01,4.876124021130051056e-01,2.452868017686904156e-01
-6.878852097126353371e+00,2.428193417020160449e+00,3.957497452875685662e-01
-3.769450702218453131e+00,4.211722604736015008e+00,6.513523226200218508e-01
-1.076991254373438345e+00,5.779375039718211760e+00,9.939357775011480323e-01
1.099486758318057866e+00,7.085010421176190398e+00,1.374935759622872178e+00
2.689894341247884846e+00,8.091591001078739964e+00,1.727026651678412072e+00
3.666429285271162186e+00,8.766834212454511999e+00,1.988473818146027527e+00
4.045287941558117772e+00,9.089193222922231641e+00,2.122641083728490585e+00
3.878504211931037116e+00,9.061228917289078311e+00,2.120383436950215472e+00
3.244401585854043812e+00,8.717959654213967013e+00,1.989596596444486831e+00
2.240280451173970455e+00,8.123574653896811881e+00,1.745582143115528728e+00
9.753912025967091948e-01,7.359382075052078420e+00,1.409636793325009130e+00
-4.362298871729563543e-01,6.508476690565529132e+00,1.011060485261727759e+00
-1.881274153489042922e+00,5.642112331492603161e+00,5.840998041933137541e-01
-3.251564607739680479e+00,4.812692498301037070e+00,1.589450866280178731e-01
-4.449959616337765489e+00,4.054643106007164377e+00,-2.456218746799826158e-01
-5.398284376971758114e+00,3.388242141655028572e+00,-6.213389710953143297e-01
-6.045179160307219135e+00,2.821219996218538029e+00,-9.635552385409833498e-01
-6.371655041056967228e+00,2.349282222223815886e+00,-1.266191456945273464e+00
-6.392548247087237456e+00,1.959677555562980844e+00,-1.522619649147946452e+00
-6.151854616750496163e+00,1.637361555191837237e+00,-1.728844600576705970e+00
-5.711703150151349995e+00,1.369214870333545830e+00,-1.883457905323404402e+00
-5.138798350540763060e+00,1.144484037093919326e+00,-1.984000520403178314e+00
-4.494065398789046206e+00,9.542467222535191418e-01,-2.024307356623747278e+00
-3.828163132580941319e+00,7.922866102850165682e-01,-1.996376976759195232e+00
-3.180881957376980651e+00,6.559212175549083979e-01,-1.895558168285016221e+00
-2.581247394293773034e+00,5.445115283088215463e-01,-1.725195361538880867e+00
-2.047594913128779393e+00,4.566715850137965660e-01,-1.498223492650482713e+00
-1.588884596063211418e+00,3.892504100483533125e-01,-1.235652966814215103e+00
-1.207576166512014382e+00,3.387302766975734403e-01,-9.627517459791233856e-01
-9.024601688195631466e-01,3.025128464296221176e-01,-7.036461395623643256e-01
-6.699852890529323091e-01,2.783861814542251678e-01,-4.756922110709521090e-01
-5.045084817012495115e-01,2.635730238188631058e-01,-2.858875309692116007e-01
-3.987356692275461634e-01,2.550818923499795221e-01,-1.310844282033374331e-01
-3.445645659194696009e-01,2.505924451954786858e-01,-1.696903012479711098e-03
-3.335816041744038563e-01,2.483432020410936136e-01,1.132305494067065016e-01
-3.569586804191832163e-01,2.464818749681531307e-01,2.219072150233536156e-01
-4.053070559123517214e-01,2.432651191376991318e-01,3.279046397033913429e-01
-4.688783337192247713e-01,2.378348981003399476e-01,4.305692063145266646e-01
-5.379197820026826449e-01,2.302414432307601788e-01,5.269209965396569606e-01
-6.030252955080417365e-01,2.207259809104861747e-01,6.137441209415344101e-01
-6.556927781381505227e-01,2.094584312200241383e-01,6.888052704868274922e-01
-6.891840972611531502e-01,1.969877292495696153e-01,7.509636713082934456e-01
-6.993093061374855424e-01,1.844604658082955873e-01,7.996464379568524183e-01
-6.846592303849649008e-01,1.731486089010317309e-01,8.342936489089819441e-01
-6.462370614684910253e-01,1.639013432109745483e-01,8.541140077225619631e-01
-5.868675243170251576e-01,1.570830873056337784e-01,8.581587249861799549e-01
-5.107456265368569559e-01,1.527752663447491666e-01,8.454785368879055296e-01
-4.230812200978206761e-01,1.507659820492411595e-01,8.151319230660647452e-01
-3.295155358723488304e-01,1.502741463684648393e-01,7.661272277425384969e-01
-2.352944943384560339e-01,1.498083890096902349e-01,6.977068576360934138e-01
-1.447276014232556918e-01,1.475825624385091461e-01,6.101939051601779074e-01
-6.129904195240063608e-02,1.423843945678321954e-01,5.058622301083726125e-01
1.204875521354509260e-02,1.341486134363856775e-01,3.888750087949893741e-01
7.308149793827656282e-02,1.236077121570533371e-01,2.642395829712679278e-01
1.205088333222636837e-01,1.113958305518948505e-01,1.370853871537207891e-01
1.535886467007863132e-01,9.758493127565159853e-02,1.310726787856486553e-02
1.717517925181599736e-01,8.194188090013612702e-02,-1.011870534680519435e-01
1.755178122442302424e-01,6.429552215714631758e-02,-2.001448936771177689e-01
1.679847275631861925e-01,4.467509400122096630e-02,-2.812902171614450886e-01
1.545189516988232370e-01,2.362330226622633145e-02,-3.451247805060647655e-01
1.402648217524449792e-01,2.762411546071430468e-03,-3.921996514124475031e-01
1.280439771511598934e-01,-1.521156603772472020e-02,-4.211025787370648032e-01
1.184542230803220381e-01,-2.761634400379880602e-02,-4.297233669853239846e-01
1.110422243055797370e-01,-3.305418880278007676e-02,-4.177878594829875780e-01
1.051193183398968500e-01,-3.157218157053345853e-02,-3.878206308081942333e-01
1.003883456462961732e-01,-2.375182839815109803e-02,-3.444309740512768725e-01
9.710144797725459020e-02,-9.986291094679633495e-03,-2.928111044275123476e-01
9.451769173829380200e-02,9.268012369743894308e-03,-2.364055510525875092e-01
8.895448957935148115e-02,3.276503761041535401e-02,-1.749951664663240702e-01
7.542165403218170638e-02,5.813615741203161796e-02,-1.064041131404458440e-01
5.323493821263181047e-02,8.216058539902218461e-02,-3.206227998597821482e-02
2.944038895169600115e-02,1.013916138733853001e-01,3.921765525639886452e-02
1.463103038723558361e-02,1.130647243744070662e-01,9.462998201412164967e-02
1.449984091794753564e-02,1.161659545586246484e-01,1.253843514177621632e-01
2.578018138965632033e-02,1.119476009034914149e-01,1.312060708699019917e-01
4.010653243013972968e-02,1.031658639229215968e-01,1.174230110707885494e-01
5.085392592030224534e-02,9.253013034079757282e-02,8.909233623406731528e-02
5.631269335337751175e-02,8.182407520368820131e-02,4.869475720897797899e-02
5.785678094116785547e-02,7.231408994206461882e-02,-1.667468185403975234e-03
5.674152673718068501e-02,6.549950137050425392e-02,-5.792402536557161169e-02
5.306616215450254970e-02,6.319472180658577964e-02,-1.148202498017780598e-01
4.690274468310828837e-02,6.709295754907251830e-02,-1.683809400897240405e-01
3.911798463152038607e-02,7.832045312856916741e-02,-2.167733689257405894e-01
3.050418256989039997e-02,9.696474503828600433e-02,-2.590149380970324655e-01
2.067731768806702064e-02,1.217025421084566433e-01,-2.938317885172597732e-01
8.785298883373648948e-03,1.501980064484709221e-01,-3.202022492560654965e-01
-4.533193040945349139e-03,1.803054951495138003e-01,-3.384430117246703396e-01
-1.650762072036293659e-02,2.109490758629012364e-01,-3.501154489720522678e-01
-2.384142808675715486e-02,2.419475949709014306e-01,-3.569690725963028388e-01
-2.463818680076279577e-02,2.734634575085601038e-01,-3.604015037805829991e-01
-1.880258081232710765e-02,3.057986406844288574e-01,-3.617798487118989437e-01
-7.509596249843929726e-03,3.391991152112107111e-01,-3.625411242232784437e-01
6.876857978066474274e-03,3.734436655014952700e-01,-3.635818979848270960e-01
2.075432928516640629e-02,4.079728217176378791e-01,-3.649466126123823706e-01
3.032474520492378298e-02,4.428011922222828134e-01,-3.666951937809914686e-01
3.339399013313482101e-02,4.789284584240209308e-01,-3.702228554125497340e-01
3.013252179773217784e-02,5.173050478809135821e-01,-3.785996826288073880e-01
2.208669246495098548e-02,5.575246033699340353e-01,-3.955025388460009506e-01
1.081524030333014252e-02,5.979663039369116362e-01,-4.234856565646372140e-01
-2.379699532428780628e-03,6.371597463670353179e-01,-4.625870046777452171e-01
-1.590480736113342175e-02,6.746741210462291471e-01,-5.100578672011251147e-01
-2.761286963082198662e-02,7.107429068363603220e-01,-5.615819294422369490e-01
-3.493456193326416326e-02,7.453895135092064583e-01,-6.133129635099016097e-01
-3.485934706393134519e-02,7.780578065389939235e-01,-6.630696941193475746e-01
-2.422419529468644583e-02,8.080786489740934275e-01,-7.096791203067137621e-01
-1.464176390131299854e-03,8.357217640793216384e-01,-7.515692369503002013e-01
3.071886991778960060e-02,8.631152623570295113e-01,-7.865925512483967763e-01
6.467720747971306139e-02,8.940608333285297027e-01,-8.130605902314375077e-01
9.131289783304019636e-02,9.323504594593499117e-01,-8.296251775107704729e-01
1.058764903949516167e-01,9.794262121708303681e-01,-8.328493379206730607e-01
1.113180957013071154e-01,1.032959598958847591e+00,-8.151403327396461451e-01
1.164278745413582644e-01,1.087516746301945059e+00,-7.664796587450450893e-01
1.305954570185452468e-01,1.137323654841327025e+00,-6.789676973426038709e-01
1.589251662070800819e-01,1.179810468261432987e+00,-5.494774662498379536e-01
1.996641196577719768e-01,1.217608441175209277e+00,-3.783087152917086193e-01
2.444201177054236562e-01,1.257016167983074917e+00,-1.669400100525603170e-01
2.820695704508488499e-01,1.303361726413577948e+00,8.184523145965405533e-02
3.058538668682111439e-01,1.356730174373685927e+00,3.626310484163702830e-01
3.186902496449264266e-01,1.411975996275256051e+00,6.677170300660461022e-01
3.306279925491262262e-01,1.463372058603043424e+00,9.887820842833388024e-01
3.495676785486567795e-01,1.509727106893381743e+00,1.317266116937844567e+00
3.746881532640244927e-01,1.555271247540965129e+00,1.643372614321818581e+00
3.998574731373105706e-01,1.606013613679073915e+00,1.956417654814732066e+00
4.227091087360967947e-01,1.665806955041017279e+00,2.247437082434078803e+00
4.484054697501126951e-01,1.735881708829541736e+00,2.511143615814004360e+00
4.840481936474460567e-01,1.817011335970581509e+00,2.744583380332107136e+00
5.311446681727222119e-01,1.910568545300582288e+00,2.944164556763217977e+00
5.848958490939354382e-01,2.016909051521138529e+00,3.104817172035964301e+00
6.397640503413852819e-01,2.133501483324064196e+00,3.221860477225640729e+00
6.940511599240477558e-01,2.255632244178766399e+00,3.292642817925572007e+00
7.499396284521564482e-01,2.379043301704644620e+00,3.316301885428196705e+00
8.119626537528290555e-01,2.501389647020096696e+00,3.293270243319088131e+00
8.863200969805306029e-01,2.621191655810485521e+00,3.225727895416335755e+00
9.790754419453094881e-01,2.736380154569374668e+00,3.117355320610970537e+00
1.092279182921540581e+00,2.844890552945733564e+00,2.971223785684512286e+00
1.221985857592365887e+00,2.946676624257546173e+00,2.788107868940958856e+00
1.361465982782082973e+00,3.044328138141220830e+00,2.567799565624389935e+00
1.506371503819382340e+00,3.141246798325140865e+00,2.312138011127534476e+00
1.656314141150750707e+00,3.239513599540833066e+00,2.026372846823246920e+00
1.812732847673026226e+00,3.339584204797038325e+00,1.717903219223269051e+00
1.977380135126937999e+00,3.441000750806777475e+00,1.394137836164196953e+00
2.153125514031684062e+00,3.542282376420876844e+00,1.060914470594200631e+00
2.344458666513338230e+00,3.640753901775314549e+00,7.216999811471994652e-01
2.555761801622533635e+00,3.734524978855068955e+00,3.777756935137432937e-01
2.789034765133255878e+00,3.825665727552221451e+00,2.951465621216231225e-02
3.043679866843175930e+00,3.920404482043001959e+00,-3.220958183507149908e-01
3.318566253771028762e+00,4.024894806108108902e+00,-6.747078566748963002e-01
3.614234094936330077e+00,4.140871576242196817e+00,-1.024662587526885993e+00
3.933075975444122019e+00,4.265975325445370281e+00,-1.367470154857233666e+00
4.277551703821269591e+00,4.397617437403508411e+00,-1.698865990611001520e+00
4.648738449926081984e+00,4.535194567927311127e+00,-2.016269618251365525e+00
5.046816168060019869e+00,4.678564037161672573e+00,-2.319375095072781168e+00
5.471888851277246779e+00,4.825933657446739744e+00,-2.608872774641432191e+00
5.922702548974423387e+00,4.974317595384794011e+00,-2.884209985805977094e+00
6.394417612694550890e+00,5.121345925540587984e+00,-3.142465774773826492e+00
6.879140417598850199e+00,5.265424891163772436e+00,-3.379453052673106139e+00
7.369578363778383157e+00,5.404371155450496289e+00,-3.592208929849570520e+00
7.861745518469297700e+00,5.535384680359364040e+00,-3.780655232465818028e+00
8.354323232511728037e+00,5.657183116981401305e+00,-3.946323238242718467e+00
8.847179981834040419e+00,5.771611677479054237e+00,-4.088264893549673040e+00
9.341449237448275156e+00,5.882630111463670985e+00,-4.199478751257117892e+00
9.839372438733553494e+00,5.994151536398428348e+00,-4.267703090822387857e+00
1.034197566597561924e+01,6.109124486269978505e+00,-4.280388155580988396e+00
1.084695298511074313e+01,6.229695487044994984e+00,-4.229125624451642196e+00
1.134996763180129342e+01,6.356935239089961165e+00,-4.109615408854765839e+00
1.184820206296843814e+01,6.490238484437365507e+00,-3.918795354667590658e+00
1.234246534834337794e+01,6.627677193977127068e+00,-3.654145532158980636e+00
1.283660107426531916e+01,6.767306027390079137e+00,-3.317195592250493430e+00
1.333545880792208393e+01,6.908025638307917937e+00,-2.917782523389059524e+00
1.384250550479137942e+01,7.048948201763965749e+00,-2.474338871689752306e+00
1.435796644340403461e+01,7.187086511348804940e+00,-2.009640040467124855e+00
1.487875259921887405e+01,7.313704036693607691e+00,-1.545839482625795736e+00
1.539975840499694826e+01,7.410725529614220264e+00,-1.102535516255415127e+00
1.591401451957909430e+01,7.449883002147438482e+00,-6.979761522489524861e-01
1.641113586949906633e+01,7.396323047645924298e+00,-3.505647089375313330e-01
1.687753942563541187e+01,7.214826606078832860e+00,-7.780521293805631178e-02
1.730100160960368072e+01,6.874608780939794883e+00,1.079567757764077207e-01
1.767616954601591672e+01,6.351383966729717834e+00,2.045170622224506962e-01
1.800514712131717587e+01,5.629614364431184015e+00,2.211466857150734266e-01
1.829267148646396279e+01,4.706668987770950885e+00,1.742445652545138168e-01
1.854186049160932725e+01,3.594855261384110712e+00,8.097599260500909502e-02
1.875541528140622916e+01,2.316856029237479575e+00,-4.322186261708493848e-02
1.893992100869767725e+01,8.984221490678566679e-01,-1.826878102689083461e-01
1.910676239475938942e+01,-6.327092914848897465e-01,-3.206163107998677431e-01
1.926697120387843398e+01,-2.240902166685543317e+00,-4.426162056782311782e-01
1.942387535388109043e+01,-3.880083464018901473e+00,-5.411241745090222821e-01
1.956915730688898236e+01,-5.501786364196991741e+00,-6.155117426736439468e-01
1.968422868678376503e+01,-7.066967393791200536e+00,-6.682866743340509785e-01
1.974495806564946321e+01,-8.549882698776073653e+00,-7.016804319850272753e-01
1.972705682049328146e+01,-9.932560901734143854e+00,-7.167696652035648874e-01
1.961040120811333765e+01,-1.119848100965679016e+01,-7.141715685326371910e-01
1.938133017794885049e+01,-1.233197516856229647e+01,-6.952389128319497180e-01
1.903289792477891140e+01,-1.332189569328506273e+01,-6.631513974184738425e-01
1.856442559750814780e+01,-1.416472646672820446e+01,-6.226858500774090643e-01
1.798174640837979510e+01,-1.486422898258080139e+01,-5.781861295851842275e-01
1.729751002183976638e+01,-1.542768766545007786e+01,-5.317192331876635647e-01
1.652966552525447597e+01,-1.586136938593163315e+01,-4.837133819153571213e-01
1.569850318255294574e+01,-1.616887242257559265e+01,-4.351528417107646818e-01
1.482553026968535903e+01,-1.635355315098250983e+01,-3.881205867183046276e-01
1.393548978265379645e+01,-1.642187499566175646e+01,-3.437981609168833108e-01
1.305725792344780700e+01,-1.638382492121738920e+01,-3.007469414019470211e-01
1.221874388995014549e+01,-1.625099283163532249e+01,-2.557906482100746892e-01
1.143846861870523313e+01,-1.603647057777643781e+01,-2.057133458877036247e-01
1.072265046872078464e+01,-1.575767414831945246e+01,-1.466900049860303534e-01
1.007143538722110598e+01,-1.543728888269382438e+01,-7.228126377621657550e-02
9.486894540654544628e+00,-1.509814280388148333e+01,2.606054520744305325e-02
8.973545592904086377e+00,-1.475567223986263876e+01,1.550515640186961308e-01
8.532583538902738240e+00,-1.441555690506982046e+01,3.161212466364776708e-01
8.159536746336071289e+00,-1.407754946777667193e+01,5.055669583675648227e-01
7.849643831726592857e+00,-1.373947615531570143e+01,7.166056722980596039e-01
7.603388365947648886e+00,-1.339861502027819817e+01,9.405218369961525493e-01
7.423451742336605541e+00,-1.305390137428919139e+01,1.167588176670120159e+00
7.306095199163253007e+00,-1.270932498707889735e+01,1.389572616400727600e+00
7.238002511674722861e+00,-1.237263391077783581e+01,1.602267692044634373e+00
7.202387511565654599e+00,-1.204813466775159192e+01,1.804779854761920266e+00
7.186545589151770663e+00,-1.173227500193274508e+01,1.995974326965687995e+00
7.183319117691765676e+00,-1.141818849414430304e+01,2.172319948536630019e+00
7.188138077482974175e+00,-1.110290700533047215e+01,2.329640375294888432e+00
7.196547504847438326e+00,-1.078824128551369022e+01,2.466363122690386600e+00
7.203031251656887513e+00,-1.047649944124860077e+01,2.584409069797050762e+00
7.200974428834826746e+00,-1.016777424986160661e+01,2.687178383040803364e+00
7.185950807957474318e+00,-9.859814042448288518e+00,2.777142423640438285e+00
7.161236531532110483e+00,-9.547409954760581741e+00,2.854857493629764154e+00
7.138638709128785287e+00,-9.222195156159544993e+00,2.919165915642313980e+00
7.131340740359481067e+00,-8.875803088046751554e+00,2.968104755800143657e+00
7.145463488650304562e+00,-8.504450086963405653e+00,3.000283055804088495e+00
7.178068952279347492e+00,-8.110192302186597146e+00,3.015272460219903028e+00
7.220562632673787284e+00,-7.698403104455936230e+00,3.011580332506341495e+00
7.262490823682909102e+00,-7.274927295149940853e+00,2.984378812298793537e+00
7.295144710857125681e+00,-6.844596886201653518e+00,2.927402202305625867e+00
7.315714852207388041e+00,-6.410341031156457703e+00,2.838787579028251074e+00
7.328358670509737216e+00,-5.973044155027579016e+00,2.724282982109055062e+00
7.339266095982565297e+00,-5.532997249154758101e+00,2.593112456776291985e+00
7.350499073490656343e+00,-5.091664208939144842e+00,2.450519556816757483e+00
7.359676313378681556e+00,-4.651319397471747941e+00,2.294971194717887464e+00
7.364961711627814545e+00,-4.212654122822123703e+00,2.122426974980884395e+00
7.368756460283120369e+00,-3.773080309061671134e+00,1.932764982951126642e+00
7.376773271148272748e+00,-3.327204903051306228e+00,1.732339177031165800e+00
7.394873541161083530e+00,-2.867995012066637539e+00,1.530792494225523548e+00
7.426666325536234403e+00,-2.387270155768888902e+00,1.334750116779513274e+00
7.472584958422289425e+00,-1.877009267352291788e+00,1.143334630083412851e+00
7.529690702066104357e+00,-1.333336884794950050e+00,9.497046051426537572e-01
7.590916131612334361e+00,-7.610745271677266111e-01,7.483465269202127512e-01
7.644016884377212939e+00,-1.737267845821177659e-01,5.419594295835022946e-01
7.673438314669266624e+00,4.130332749543996762e-01,3.410073905539545702e-01
7.665832434843310672e+00,9.899519723207238497e-01,1.569161066577312580e-01
7.612382655870496784e+00,1.558578911117908250e+00,-1.945784637788494425e-03
7.503038133254146480e+00,2.129551829756115566e+00,-1.269273180547203506e-01
7.322354451407830034e+00,2.717534862147485963e+00,-2.072177861338342364e-01
7.059466447332240158e+00,3.335904695578634005e+00,-2.389552735076322099e-01
6.722964538135034473e+00,3.992607157673544016e+00,-2.369844656376074166e-01
6.337299162380016782e+00,4.688542826849972478e+00,-2.310455408812555900e-01
5.920390642483175370e+00,5.420016989748626557e+00,-2.463568897931311674e-01
5.470971761183385240e+00,6.183995932912511151e+00,-2.905959680750413998e-01
4.980707558988051176e+00,6.981125528791814361e+00,-3.606583201712365572e-01
4.449112153602774455e+00,7.812563437393443166e+00,-4.555997505499564393e-01
3.877793537216955411e+00,8.673275819606534043e+00,-5.779043209244022483e-01
3.255290412119760113e+00,9.548912602264808314e+00,-7.268077023300789641e-01
2.557415562181097890e+00,1.041955374428568604e+01,-8.977719912065678098e-01
1.762490829192442154e+00,1.126610043066090228e+01,-1.087658940599063095e+00
8.610727702462739330e-01,1.207329663446492951e+01,-1.294159841649099585e+00
-1.473794963469110542e-01,1.282852036657951444e+01,-1.508905462818259657e+00
-1.261138272272699368e+00,1.351991717349773481e+01,-1.716022707076020337e+00
-2.479470529133109835e+00,1.413635104859055325e+01,-1.900981765071071861e+00
-3.804192596564903273e+00,1.466838479126915828e+01,-2.060164762194144128e+00
-5.239018061166178519e+00,1.510845981734221510e+01,-2.200967031033423726e+00
-6.784680124726216732e+00,1.544940664205414471e+01,-2.333872233355738235e+00
-8.435050357751272543e+00,1.568175773128638539e+01,-2.465035757342123546e+00
-1.018149144939473061e+01,1.579172903181293819e+01,-2.594099444340469685e+00
-1.202139992505069088e+01,1.576198096064653598e+01,-2.715439433165281358e+00
-1.395859966944801123e+01,1.557496956183981140e+01,-2.819703697782976803e+00
-1.599265118997439217e+01,1.521609977559828231e+01,-2.895053465132302328e+00
-1.810938574314135963e+01,1.467459342492167274e+01,-2.928903861156018085e+00
-2.028441441369155385e+01,1.394284688878279788e+01,-2.910231655866567291e+00
-2.249538293251918120e+01,1.301600403064033351e+01,-2.832099621999442540e+00
-2.472931932593895610e+01,1.189237488368341467e+01,-2.693990531762794571e+00
-2.698036464818247282e+01,1.057487577728315742e+01,-2.502367955623599372e+00
-2.924544898095015810e+01,9.073284492567452730e+00,-2.267704571868936370e+00
-3.152317870365295249e+01,7.405295038764407423e+00,-1.999539076661116299e+00
-3.381143942828623494e+01,5.594332396123623319e+00,-1.703827874351762528e+00
-3.610036987823472288e+01,3.666336043561496449e+00,-1.383893548089487613e+00
-3.836682013169889416e+01,1.650292582828158272e+00,-1.042037236446482940e+00
-4.057608415504176946e+01,-4.178128832960092964e-01,-6.804281526355537846e-01
-4.268625908670275493e+01,-2.494153545745357636e+00,-3.032649560518602128e-01
-4.464813071903272856e+01,-4.532513820074234978e+00,8.037828833455662458e-02
-4.640281949601087774e+01,-6.490238427483865813e+00,4.575363938013470855e-01
-4.788378704849274925e+01,-8.327858721263353914e+00,8.165730214085981098e-01
-4.902217939816935655e+01,-1.000390760014058955e+01,1.150193085856718200e+00
-4.974879503753633969e+01,-1.147173401940957405e+01,1.452662018847361569e+00
-4.999154656741385594e+01,-1.268166308087046446e+01,1.716348878111201293e+00
-4.967425233639465887e+01,-1.358680257383695178e+01,1.932526479652765694e+00
-4.872059226770031160e+01,-1.414951865974636824e+01,2.093287263404061349e+00
-4.706075310098811570e+01,-1.434572752909295623e+01,2.190446762982342310e+00
-4.463643442737753730e+01,-1.416510591595743840e+01,2.214746346067415494e+00
-4.140254229015982190e+01,-1.360908751125267280e+01,2.160070220985562894e+00
-3.732676317237280728e+01,-1.269086068199618111e+01,2.029430371571632197e+00
-3.238966538691711605e+01,-1.143717360798188842e+01,1.835830848305811003e+00
-2.658760942781613323e+01,-9.886754575430884984e+00,1.597837912490837509e+00
-1.993834426998963849e+01,-8.084309854468093803e+00,1.335776233401184454e+00
-1.248707397518144191e+01,-6.077120039973404886e+00,1.071729284142647343e+00
-4.311685304442258726e+00,-3.919406499958838275e+00,8.304774536847797650e-01
4.472139943827446729e+00,-1.679136282515605760e+00,6.361574237558759171e-01
1.370618436396075168e+01,5.617548937969507605e-01,5.015488891808167482e-01
2.318876977287387220e+01,2.714733532978852448e+00,4.134691922441646739e-01
3.268057929594947808e+01,4.693118660037023382e+00,3.261898689005393592e-01
4.191356469938844498e+01,6.417011715059694588e+00,1.744648302089146785e-01
5.059312795563819520e+01,7.816078393456678874e+00,-9.746011292749434674e-02
5.838653473944632566e+01,8.833865769150117231e+00,-5.105023410082593083e-01
6.490072294417004173e+01,9.435702318558011115e+00,-1.045381517711524433e+00
6.965906768879648325e+01,9.618695856263723698e+00,-1.653858128171509234e+00
7.208308744995224515e+01,9.417790139181549947e+00,-2.270803152474784259e+00
7.147898896135984614e+01,8.900203688398720558e+00,-2.818254191179481172e+00
6.702910437253132159e+01,8.146830603865394593e+00,-3.205482988021464585e+00
5.779081865815216190e+01,7.229848352390680688e+00,-3.331416631534786177e+00
4.270279331448966786e+01,6.199301982476556283e+00,-3.089213023271601077e+00
2.059463103977865472e+01,5.082523624589575739e+00,-2.369514980134768134e+00
-9.798865744194973360e+00,3.888606307949487029e+00,-1.062395564408041837e+00
-4.980840407940889492e+01,2.609433351228613418e+00,9.389689947632283706e-01
-1.007570328266616286e+02,1.219100879189631392e+00,3.730944516309869563e+00
-1.638236454789487766e+02,-3.199263843206394120e-01,7.389651554539841349e+00
-2.399643831784714223e+02,-2.043899584760165755e+00,1.196747914010927438e+01
-3.300086792769907333e+02,-3.977771933785598790e+00,1.750188814892507239e+01
-4.345543733852030641e+02,-6.129525921083535778e+00,2.401236901301118110e+01
-5.532892241683606471e+02,-8.482443205732323577e+00,3.146282031161601012e+01
-6.845689834905575708e+02,-1.099510697778096890e+01,3.973944883490897695e+01
-8.260824382913589261e+02,-1.362030468702434582e+01,4.869252832753792859e+01
-9.750571401683793056e+02,-1.631350608079234732e+01,5.814603982010974192e+01
-1.126461731831311909e+03,-1.900070370543833675e+01,6.778353054203459749e+01
-1.271856395830364136e+03,-2.155149645463493258e+01,7.707685267479516256e+01
-1.401545388593202233e+03,-2.380959496469115777e+01,8.541965692949217726e+01
-1.505757837509963110e+03,-2.561268103025902576e+01,9.219862392264180073e+01
-1.570587561147119914e+03,-2.672592219457497364e+01,9.654056854454829306e+01
-1.575513260916214222e+03,-2.680101430152128472e+01,9.716117240012323464e+01
-1.499326818056175853e+03,-2.547706494359189122e+01,9.273660627471484474e+01
-1.323500155321813509e+03,-2.243699602062106280e+01,8.211450980493830798e+01
-1.022024484186368795e+03,-1.723213149323747828e+01,6.368391412128046625e+01
-5.589212645212380721e+02,-9.240162973003306135e+00,3.521859485097291298e+01
-1.411076788445754460e+02,-2.232616605158666001e+00,9.091767798859494931e+00
0.000000000000000000e+00,0.000000000000000000e+00,0.000000000000000000e+00
0.000000000000000000e+00,0.000000000000000000e+00,0.000000000000000000e+00
0.000000000000000000e+00,0.000000000000000000e+00,0.000000000000000000e+00
