7.879758367542487818e+00,3.508486037695765170e+00,-1.908422329436958265e+01
7.577029390377542306e+00,3.506635828292794965e+00,-1.978740854653340264e+01
7.507929487735730767e+00,3.500961818732972297e+00,-2.096184063231292072e+01
7.680773726868194373e+00,3.439396283565626433e+00,-2.261047957710073675e+01
7.990296816989305384e+00,3.211532054847082485e+00,-2.463246787671686633e+01
8.292400262376840914e+00,2.704695901108833400e+00,-2.690614004104196866e+01
8.485420909691731239e+00,1.858478153068462868e+00,-2.934697409596869022e+01
8.513990724836384416e+00,6.580509501614206780e-01,-3.188434408850506685e+01
8.352860401047701444e+00,-9.010549327369914430e-01,-3.447765792077104408e+01
7.992456632166843988e+00,-2.811061853129897870e+00,-3.714238401068902817e+01
7.411318966173496392e+00,-5.004806975382716239e+00,-3.990468123339891804e+01
6.568358948426944011e+00,-7.333045132305878511e+00,-4.276767557973721523e+01
5.428914932255546333e+00,-9.625961527746120794e+00,-4.575594668018622713e+01
3.971662913310147314e+00,-1.178046116837860247e+01,-4.892544292761095903e+01
2.161639357906752767e+00,-1.375248808210114859e+01,-5.227663369237558300e+01
-4.923070631224213400e-02,-1.546157914844688541e+01,-5.571095739468378838e+01
-2.674181343776160791e+00,-1.675667925330324692e+01,-5.912567239565666455e+01
-5.659980012968512497e+00,-1.750162396599519710e+01,-6.251505959828051573e+01
-8.912401854104588850e+00,-1.765118854794944525e+01,-6.593097224907270970e+01
-1.234567955515265503e+01,-1.722103479510667157e+01,-6.936844849437963489e+01
-1.591787228766352413e+01,-1.623799663492038192e+01,-7.273762856411991606e+01
-1.964314975620878911e+01,-1.475837581267543897e+01,-7.593750700238913964e+01
-2.356309003481465680e+01,-1.287906424985177800e+01,-7.890217283274009219e+01
-2.766203482301190419e+01,-1.066365391027720300e+01,-8.155432362743728447e+01
-3.177979156430702190e+01,-8.078751619542932971e+00,-8.375149552265054353e+01
-3.561931838490090740e+01,-5.059220083181414473e+00,-8.530666193220581306e+01
-3.886218919048620535e+01,-1.628398750420556595e+00,-8.603440927492376034e+01
-4.127582797242050816e+01,2.089845451067584570e+00,-8.574657215095000140e+01
-4.270767513813853355e+01,5.965426223184022270e+00,-8.422712237557149706e+01
-4.300998660214429492e+01,9.907423219031141315e+00,-8.125695788708452483e+01
-4.202164579668956179e+01,1.379609994482376933e+01,-7.667196140328060494e+01
-3.964186176522961347e+01,1.741414519002048067e+01,-7.038454124996151506e+01
-3.590179990617681227e+01,2.048158007901100675e+01,-6.236381700972674480e+01
-3.095271082510031491e+01,2.274030896366737409e+01,-5.263023541099682490e+01
-2.501638647316495323e+01,2.398697104480715936e+01,-4.128304335796721602e+01
-1.839695491706463315e+01,2.407824118026485749e+01,-2.852514358150796880e+01
-1.154843787193808780e+01,2.299136362909757025e+01,-1.466761331319039563e+01
-5.081601006264402365e+00,2.088484300162095053e+01,-1.302561348086150872e-01
3.514390599544947591e-01,1.801327521894939565e+01,1.457669292604037814e+01
4.210934781501141089e+00,1.452606423646215461e+01,2.894700922508821250e+01
6.151997720383040047e+00,1.038413589128873582e+01,4.264882657481141592e+01
6.032619894794510884e+00,5.512843150980206275e+00,5.565273509595991186e+01
3.902041812215272909e+00,1.825347394408538548e-02,6.819624519015822273e+01
-2.239648207411626402e-02,-5.744825080192494937e+00,8.061611309109690637e+01
-5.409216629016122546e+00,-1.123642274158998511e+01,9.319279315190408397e+01
-1.187452441570564510e+01,-1.579383792005250520e+01,1.060747041093692076e+02
-1.900733965135805548e+01,-1.868479154294492872e+01,1.192242643101529040e+02
-2.635917898929893610e+01,-1.923932026408044393e+01,1.323551419881251547e+02
-3.344519818084830831e+01,-1.704657388235504811e+01,1.449377573992915416e+02
-3.979428042292148859e+01,-1.207922162765583884e+01,1.563236183690231655e+02
-4.502421339502697606e+01,-4.668448244722728013e+00,1.659013300244635900e+02
-4.886903040334231463e+01,4.579925595199041410e+00,1.731702178680240536e+02
-5.113535641536651610e+01,1.480801229686330700e+01,1.777436539003596181e+02
-5.168045402089870777e+01,2.491407909005390309e+01,1.793722419927181591e+02
-5.049456781095424418e+01,3.370454818641733397e+01,1.780002340796835369e+02
-4.778411977932312027e+01,4.018917065479114115e+01,1.737803376291575432e+02
-4.387336708140092156e+01,4.379287990384893448e+01,1.670136668771919233e+02
-3.896926324149350052e+01,4.432224188132942544e+01,1.580775294597271454e+02
-3.306565350609628950e+01,4.180808616645344955e+01,1.474061447283538087e+02
-2.611504161853210704e+01,3.643717487464679294e+01,1.355057391988424342e+02
-1.825814559290517280e+01,2.859437699127024146e+01,1.229408972617018065e+02
-9.862791927997903940e+00,1.889101975718417847e+01,1.102722361002161477e+02
-1.388298800493914520e+00,8.114554806331675252e+00,9.798515759925403756e+01
6.766162660168895115e+00,-2.885206445462640268e+00,8.645543008775383953e+01
1.436018696944427653e+01,-1.334592604497673030e+01,7.595640925021115208e+01
2.133419576174975063e+01,-2.270410274188512290e+01,6.667467947314109722e+01
2.769571813858597764e+01,-3.056913365864161136e+01,5.870496557033870033e+01
3.332451704938665671e+01,-3.660438230794710535e+01,5.203576051659712931e+01
3.792191253230447501e+01,-4.050559759625869560e+01,4.656171933347672365e+01
4.120751993823916592e+01,-4.214516436055896520e+01,4.213118661937091503e+01
4.314598276195152948e+01,-4.170951669281512153e+01,3.859737347410536756e+01
4.395145481685727162e+01,-3.966246328890577644e+01,3.584580102703338156e+01
4.391824944002897269e+01,-3.657980525311537434e+01,3.379607986179935608e+01
4.329064922648259994e+01,-3.298343318796198531e+01,3.237619871328742960e+01
4.223578931032294292e+01,-2.922367307113775325e+01,3.147470097585744853e+01
4.085491797440351291e+01,-2.544610332408413811e+01,3.092322678663841273e+01
3.922223552390430257e+01,-2.170620051841901343e+01,3.056334503038384653e+01
3.744772410900171167e+01,-1.815880282289703018e+01,3.034061522262196675e+01
3.566831576393318670e+01,-1.508203409277911611e+01,3.028708258169385559e+01
3.392740266477166244e+01,-1.263781967127362549e+01,3.037173179560144121e+01
3.209101823243849338e+01,-1.063312063717015832e+01,3.039210865533605599e+01
2.993811642369666970e+01,-8.615909346465343788e+00,3.005943841681392925e+01
2.732913993242998885e+01,-6.249636422998738894e+00,2.919492316832106127e+01
2.427248571009767986e+01,-3.556742079038540894e+00,2.782848188560053870e+01
2.088252777692314055e+01,-7.901681859511955341e-01,2.613257447430106239e+01
1.733532308542386957e+01,1.846584802391198821e+00,2.430643305461619263e+01
1.383281794832206124e+01,4.280882261335016814e+00,2.251414071496196101e+01
1.052957659118666101e+01,6.441430922614662435e+00,2.086333270173081900e+01
7.473993641147191447e+00,8.188570721717152168e+00,1.939074772487474618e+01
4.644578709953705697e+00,9.418960434711941332e+00,1.807577077930888620e+01
2.028717391321477326e+00,1.016219943144861482e+01,1.688972335089204790e+01
-3.701166819221501925e-01,1.051556013460169225e+01,1.582471538456573334e+01
-2.585692722855359449e+00,1.052557159625716565e+01,1.486462533022985077e+01
-4.692721433235613304e+00,1.018262638189487213e+01,1.395205875566927034e+01
-6.726579747728256287e+00,9.492926330971087623e+00,1.302017510504169806e+01
-8.598627439444172182e+00,8.493113099697673363e+00,1.206186295616533677e+01
-1.009907100952224113e+01,7.213703832988914932e+00,1.114224749515129176e+01
-1.101916847319687065e+01,5.696993951672183698e+00,1.032456962430341463e+01
-1.132527620978319582e+01,4.055361378654676052e+00,9.591992605200116984e+00
-1.121298228379954409e+01,2.440854047925540726e+00,8.864641410989371195e+00
-1.092665563223267355e+01,9.121962480629338677e-01,8.106028388209729485e+00
-1.050264637939749512e+01,-6.342970909774315880e-01,7.402538390764234144e+00
-9.746844689088073110e+00,-2.354008343245996393e+00,6.915963680943049141e+00
-8.490473826157273862e+00,-4.279502852258344703e+00,6.747794926943839755e+00
-6.801455619728635327e+00,-6.281298652062373478e+00,6.857593313353405051e+00
-4.900843678033561801e+00,-8.183449558811664915e+00,7.116650276613744275e+00
-2.936152937529890039e+00,-9.873450034488996607e+00,7.426364357134883853e+00
-9.005465888233697980e-01,-1.129912448183850593e+01,7.775813934031948982e+00
1.270518412817134291e+00,-1.241036171730260484e+01,8.204265773361774094e+00
3.589714286664246856e+00,-1.313944766783636986e+01,8.735379673840304449e+00
5.975324581560137460e+00,-1.342453265245985250e+01,9.348049489350840346e+00
8.259712372335203057e+00,-1.323325006232624013e+01,9.987434392574057185e+00
1.026516819221885335e+01,-1.256878573057136528e+01,1.058840616207206153e+01
1.193001095493494290e+01,-1.145502626416786107e+01,1.109187802867155348e+01
1.334913964042567791e+01,-9.902887483838906491e+00,1.144705354574968581e+01
1.464791726351344181e+01,-7.893369861224679873e+00,1.160407288664959680e+01
1.583463040089336715e+01,-5.407695149408835888e+00,1.151566378254003098e+01
1.682304012548869565e+01,-2.456621591875740584e+00,1.116028126566459555e+01
1.757969615744501013e+01,9.535507334909264499e-01,1.056538462361555908e+01
1.818191703248941238e+01,4.856571518539481325e+00,9.794151185396948733e+00
1.871399313193404623e+01,9.237573263915548338e+00,8.899261322414719899e+00
1.915154492870878400e+01,1.386238763753199166e+01,7.896415058250071617e+00
1.937659812995693187e+01,1.825348345966802199e+01,6.791193468238887476e+00
1.928411549037429751e+01,2.192290339684131339e+01,5.622252075190781184e+00
1.885349695365007250e+01,2.465659099250187225e+01,4.462070897545888926e+00
1.814315070767132809e+01,2.656291104670987480e+01,3.376770265949957661e+00
1.725911525458290185e+01,2.787264337986081131e+01,2.397755678763413556e+00
1.633002957286888446e+01,2.874003864221733906e+01,1.527486856993798270e+00
1.546897755323923640e+01,2.922512105255162496e+01,7.495448403565418971e-01
1.472552011807488448e+01,2.938534844925021261e+01,2.384569841225037123e-02
1.407626893390739831e+01,2.931364201255317425e+01,-7.128137378929366719e-01
1.346466238015573325e+01,2.908970304957257724e+01,-1.530127383128210283e+00
1.283326328492536561e+01,2.873546911783134661e+01,-2.492689780861301330e+00
1.212266641341249596e+01,2.823373098815601168e+01,-3.660184519423070437e+00
1.129206830161269970e+01,2.757279900248814641e+01,-5.078806865727525377e+00
1.038572254221098312e+01,2.676044259369714240e+01,-6.769973389276096043e+00
9.556533164826474191e+00,2.580323994399294918e+01,-8.752599421761475540e+00
8.969043762652338714e+00,2.468184443808311102e+01,-1.109127786034371788e+01
8.663259456722137486e+00,2.334011206241750358e+01,-1.391223514505264092e+01
8.535030228626393267e+00,2.169067058568059281e+01,-1.737244696844495451e+01
8.453188521345822437e+00,1.964404421573956228e+01,-2.162872400659527727e+01
8.369582235633510336e+00,1.716430922222995648e+01,-2.681296067767267033e+01
8.296560278497189245e+00,1.432155152251205443e+01,-3.296697427981629147e+01
8.185198582588336436e+00,1.128482858611460316e+01,-3.996977659111253445e+01
7.842217731095534994e+00,8.232453894399137440e+00,-4.758122597556275224e+01
6.976369611845000485e+00,5.240032618926282026e+00,-5.561480637851671815e+01
5.332572734016038929e+00,2.249194064691495409e+00,-6.405608992850808647e+01
2.789499175461318536e+00,-8.482740898962726206e-01,-7.298102490697364431e+01
-6.553680519883475775e-01,-4.091561823005973153e+00,-8.238104746579115556e+01
-4.963098758177975078e+00,-7.406183341672300635e+00,-9.210622328581305851e+01
-1.008201966784721826e+01,-1.065657946956406477e+01,-1.019558144220601861e+02
-1.589014449454237798e+01,-1.372941621776856280e+01,-1.117623999509753645e+02
-2.212917563660254672e+01,-1.657567847275585038e+01,-1.213693077036792829e+02
-2.842763447560679779e+01,-1.919201778212899967e+01,-1.305605854297126314e+02
-3.441706723716332306e+01,-2.157220079212676112e+01,-1.390400376065628336e+02
-3.984416519113375443e+01,-2.368056292964228859e+01,-1.464722456486602766e+02
-4.457467451484192367e+01,-2.547351214421876264e+01,-1.525364953675600646e+02
-4.848081439079610533e+01,-2.693485455876492551e+01,-1.569568404949718570e+02
-5.131966039514995970e+01,-2.807015421434108404e+01,-1.595071851265993814e+02
-5.272980313895249083e+01,-2.886440893321368506e+01,-1.600074979197976575e+02
-5.235934428015250575e+01,-2.926099352889612604e+01,-1.583264796827818657e+02
-5.000698237528200707e+01,-2.918033998623696235e+01,-1.543979995517838972e+02
-4.567095265480333666e+01,-2.853053273517242872e+01,-1.482482680037986142e+02
-3.953718973882075716e+01,-2.718516993075213861e+01,-1.400180649352224691e+02
-3.199546869595560139e+01,-2.497788548043956425e+01,-1.299530100456460673e+02
-2.367114627508030367e+01,-2.175385182650200733e+01,-1.183404140315763016e+02
-1.539011748865549123e+01,-1.743018629069647929e+01,-1.054056603641661525e+02
-8.096024505973380414e+00,-1.199781912169899378e+01,-9.122640652945261763e+01
-2.822175418485506349e+00,-5.497378041122380488e+00,-7.573926768224868056e+01
-6.734586276527010362e-01,1.929542209190826307e+00,-5.887494900177449608e+01
-2.597351819060827793e+00,9.911278917365484276e+00,-4.077447194527485408e+01
-8.888157194152700669e+00,1.779557505726491229e+01,-2.196234656196258683e+01
-1.877630646020353211e+01,2.481123149217023638e+01,-3.352345974714188159e+00
-3.055898258225694164e+01,3.034622791729492874e+01,1.394132139215748900e+01
-4.228710646904755777e+01,3.409559645693877883e+01,2.889711503195408682e+01
-5.249443359944110910e+01,3.597809389366446453e+01,4.085392355189441105e+01
-6.044612770239962884e+01,3.597847581490524504e+01,4.966235389379134091e+01
-6.588854687842646740e+01,3.410322311561669295e+01,5.567505550470652054e+01
-6.869159165998303251e+01,3.044052510702172398e+01,5.957650812522823003e+01
-6.867662177544306701e+01,2.519470140230779975e+01,6.212760285120535286e+01
-6.560517159643052310e+01,1.865408655533653359e+01,6.395321312264050562e+01
-5.924655887278755273e+01,1.116382791598945445e+01,6.544723490710872227e+01
-4.957153150523595997e+01,3.147808176571365024e+00,6.676273116575978861e+01
-3.703844000347582011e+01,-4.866678509493393534e+00,6.783132158825968361e+01
-2.271714353185640789e+01,-1.228543497336856838e+01,6.841432606403544980e+01
-8.065605722226386831e+00,-1.855044649966704284e+01,6.820560997640735934e+01
5.492890316761056546e+00,-2.326028728230349785e+01,6.695964931208237658e+01
1.692281706073914549e+01,-2.625193310065337116e+01,6.459594827968405184e+01
2.576454123835505428e+01,-2.761579530067457000e+01,6.124824439516210361e+01
3.215433409498775319e+01,-2.764561024027040048e+01,5.723118515919620108e+01
3.662393720249139761e+01,-2.674217348380741655e+01,5.291458918251983334e+01
3.974132245752597470e+01,-2.530254755378047449e+01,4.857261840421852384e+01
4.186054274175278778e+01,-2.363380219037883734e+01,4.432387161260885478e+01
4.314580618824440705e+01,-2.191598404699954372e+01,4.019151260051140895e+01
4.370192952457170321e+01,-2.020913223289233329e+01,3.618552754525308757e+01
4.359188182836386005e+01,-1.848579461179493677e+01,3.232126568830974378e+01
4.279634081503198217e+01,-1.667691273013040032e+01,2.860564352937493382e+01
4.127497141979284834e+01,-1.471767337426567046e+01,2.505266835608607678e+01
3.907875126373416919e+01,-1.257507960758733923e+01,2.170605861279395654e+01
3.635189778049480935e+01,-1.025754219267872180e+01,1.861471435433674060e+01
3.324531823721734725e+01,-7.826925098032699424e+00,1.578616643139806186e+01
2.990127264723334832e+01,-5.411926264411094145e+00,1.319115898151690303e+01
2.652363717645434349e+01,-3.187804005095156157e+00,1.081926561465980896e+01
2.338195033873167006e+01,-1.308946675383593217e+00,8.706729098443249271e+00
2.069715875809714944e+01,1.599286587546690230e-01,6.900907469577742148e+00
1.855794121360845139e+01,1.257603210735259269e+00,5.422875913959604333e+00
1.698494478521976347e+01,2.082762199250086432e+00,4.285768150434179802e+00
1.603028977648189368e+01,2.734057518920052221e+00,3.525048787953417584e+00
1.572834112799300499e+01,3.267009186355079642e+00,3.162163642608844860e+00
1.593562017144441612e+01,3.679153848385976922e+00,3.124696733969246853e+00
1.629624331888387445e+01,3.927576056495520440e+00,3.235176586650249764e+00
1.643294635293452544e+01,3.970293583211887523e+00,3.308339178195438990e+00
1.616918848796971631e+01,3.801257847251469979e+00,3.255612419419126269e+00
1.555295668753084826e+01,3.452116184018398037e+00,3.089677413499514191e+00
1.471127870494072276e+01,2.968415352669845575e+00,2.853383358525281910e+00
1.373565739121497487e+01,2.389915673926252371e+00,2.571673474909305313e+00
1.268320855679965220e+01,1.748215664220797994e+00,2.258714876076653777e+00
1.160925974486022128e+01,1.070041621666546261e+00,1.934033571029013743e+00
1.056022338425794160e+01,3.761704892737242623e-01,1.617574189530363693e+00
9.557047730076913439e+00,-3.171976217695239852e-01,1.321665529247008974e+00
8.608976677619642359e+00,-9.877174842471659888e-01,1.054513142268349801e+00
7.738033601434307407e+00,-1.597313646059569825e+00,8.236096204152629774e-01
6.980810715482212103e+00,-2.099448118362099436e+00,6.317432227004891043e-01
6.369241422596538804e+00,-2.459746343597165374e+00,4.749609955364760827e-01
5.913789006147339045e+00,-2.669165807846280991e+00,3.471337969620451047e-01
5.604673478716510004e+00,-2.739446592141294268e+00,2.438058295729045033e-01
5.424867370534341759e+00,-2.693361760178636821e+00,1.607723495775863209e-01
5.350347855730192670e+00,-2.563497198130277877e+00,9.053383693390024134e-02
5.328608695695554509e+00,-2.394385408605288479e+00,2.007850563874799543e-02
5.272411183041376681e+00,-2.235842164205965155e+00,-6.732788695718722183e-02
5.109563666455374076e+00,-2.129386269041672275e+00,-1.831264323849925157e-01
4.855453307131121221e+00,-2.100050558209681117e+00,-3.208198395772327016e-01
4.620168090433254271e+00,-2.158508861313217508e+00,-4.536544796056723450e-01
4.526081957884661833e+00,-2.307681219680631113e+00,-5.520804552944374999e-01
4.620546502473823480e+00,-2.546674283654589477e+00,-6.084255726349538929e-01
4.868331305846864687e+00,-2.868405015844811778e+00,-6.430992618284350204e-01
5.203720118708659470e+00,-3.251931010687318935e+00,-6.855379198017554909e-01
5.564810511859574760e+00,-3.658289988796817216e+00,-7.544194043418162021e-01
5.886411225247936585e+00,-4.040536609508228238e+00,-8.605645565925571505e-01
6.092498316101698563e+00,-4.363610349863916049e+00,-1.019963928874253245e+00
6.116892875017370557e+00,-4.612305772114220659e+00,-1.248836066854139171e+00
5.932643111817466952e+00,-4.774772612877125511e+00,-1.546492236643229878e+00
5.557636227243555993e+00,-4.821400012427765169e+00,-1.900202892171254154e+00
5.026839541213659501e+00,-4.712589535563552090e+00,-2.314434761902484095e+00
4.349115170057221036e+00,-4.438227872906257865e+00,-2.820318268901422787e+00
3.485021115707573003e+00,-4.049487419830177792e+00,-3.440395792332849201e+00
2.374402017452733826e+00,-3.644163729427523979e+00,-4.147371265602908252e+00
9.973138534429297763e-01,-3.314076596504783367e+00,-4.868133766206115709e+00
-5.891738699496329446e-01,-3.102155944657550179e+00,-5.527864647194038916e+00
-2.273942871774059515e+00,-3.002593454568327935e+00,-6.086621015296514337e+00
-3.945705892845049689e+00,-2.990219208425223485e+00,-6.542162978148731156e+00
-5.523219756109304157e+00,-3.042237767046312769e+00,-6.912097935326932507e+00
-6.944830894111100328e+00,-3.138376679292190108e+00,-7.214697614005135762e+00
-8.144012923988633190e+00,-3.257374590028841332e+00,-7.455112564527094143e+00
-9.042732821484694483e+00,-3.385582195998654065e+00,-7.621920133127789931e+00
-9.571889879838634485e+00,-3.527104565913885104e+00,-7.698366818775175702e+00
-9.698262420358327418e+00,-3.699776344367843972e+00,-7.676569384168939969e+00
-9.420698713299820781e+00,-3.925025580246221502e+00,-7.552907623079391009e+00
-8.728929280217226250e+00,-4.227306068392960192e+00,-7.307278254611218493e+00
-7.582634824004258256e+00,-4.632047998908233488e+00,-6.902616963689323093e+00
-5.970305299410827438e+00,-5.141037264240758020e+00,-6.326594809222676474e+00
-4.005498217500346847e+00,-5.703384670079064023e+00,-5.637940899073453416e+00
-1.940390444667441816e+00,-6.227386288110325907e+00,-4.957982882288824555e+00
-5.503153379159685804e-02,-6.631805421026031766e+00,-4.407948741019731997e+00
1.474740043190217342e+00,-6.874585558710313293e+00,-4.056760826349480986e+00
2.614816994736934852e+00,-6.924268393645387931e+00,-3.921007036595347106e+00
3.422074372002492648e+00,-6.723696515536158991e+00,-3.988329097539932810e+00
3.986817322345570069e+00,-6.208625122453437228e+00,-4.225114475326934738e+00
4.403189718983241185e+00,-5.363508585223414116e+00,-4.579232336796423830e+00
4.747332620685759785e+00,-4.243690875332828405e+00,-5.002168215637497362e+00
5.058902582143345761e+00,-2.941012713365359410e+00,-5.471734969575453356e+00
5.344188214524852931e+00,-1.539621303656696361e+00,-5.981343244228536804e+00
5.595189072581107759e+00,-1.029753688645440590e-01,-6.508772981478744057e+00
5.799513915755871274e+00,1.323167271399106060e+00,-7.010050556728813831e+00
5.940397527218662432e+00,2.723902200794592332e+00,-7.447984003600892855e+00
6.007122465091127239e+00,4.137428847051194403e+00,-7.816654314251675117e+00
6.015027058254714731e+00,5.649684539892191104e+00,-8.134024214817197063e+00
6.010572877057287933e+00,7.347864699180211900e+00,-8.421034594902204518e+00
6.052034021778274209e+00,9.262267768952403557e+00,-8.695445715966842570e+00
6.184938583587170413e+00,1.133629180656280333e+01,-8.975741193961166431e+00
6.431807751339913004e+00,1.344014073441732116e+01,-9.274496682660936742e+00
6.794552609845652569e+00,1.541817409215669343e+01,-9.587021178412795663e+00
7.258038800044313454e+00,1.714618143894180236e+01,-9.900580260945185174e+00
7.792016586154820068e+00,1.856635526201484865e+01,-1.022166640608927501e+01
8.356331825653123602e+00,1.967508270216243105e+01,-1.058449979424691456e+01
8.910053496302754894e+00,2.047550556010695999e+01,-1.102379856586853535e+01
9.419418564087894907e+00,2.094262003137993489e+01,-1.154594152926394734e+01
9.862369691743909428e+00,2.103470338359992553e+01,-1.213677699090265349e+01
1.023111524837438857e+01,2.073212772065924980e+01,-1.279185348660458743e+01
1.053041156989310423e+01,2.005898795955290836e+01,-1.352377128392575578e+01
1.076889566322979874e+01,1.907136901889526825e+01,-1.433726298098095775e+01
1.095161515214696912e+01,1.783328939301652483e+01,-1.521013813467202347e+01
1.108498802813464579e+01,1.640350331853741039e+01,-1.610785071245025435e+01
1.118668844523296180e+01,1.483504271417988285e+01,-1.701011799821582215e+01
1.127972812875024289e+01,1.317629874210504148e+01,-1.791373527203130323e+01
1.137105105561192353e+01,1.146552640811162860e+01,-1.881464108745390718e+01
1.144222369074499568e+01,9.721908306727890192e+00,-1.970316394264627391e+01
1.146685254052861502e+01,7.946490714377679510e+00,-2.058282208430107829e+01
1.143275309449100341e+01,6.141900068509802857e+00,-2.148331111490082534e+01
1.134309508927412402e+01,4.337331059103949116e+00,-2.244429711205477673e+01
1.120224925006163552e+01,2.590637198735257218e+00,-2.348710375484643720e+01
1.100760823034369018e+01,9.588777710303418855e-01,-2.460475727641049204e+01
1.075193090637457338e+01,-5.360547531314763248e-01,-2.577535092559310925e+01
1.042724151475872141e+01,-1.913804975125299235e+00,-2.698360321125705497e+01
1.002795071644877467e+01,-3.211563584542503680e+00,-2.823766270721303684e+01
9.555703841479745719e+00,-4.455970166660949694e+00,-2.957076171152132815e+01
9.021666903919966174e+00,-5.653738623462156276e+00,-3.102266216338824734e+01
8.440649704504131989e+00,-6.801186843549813510e+00,-3.261902339263755835e+01
7.820969401134069798e+00,-7.898889315016143442e+00,-3.437572561978656438e+01
7.157750304685105647e+00,-8.958524004584013767e+00,-3.631890862010693866e+01
6.429274288828634276e+00,-9.993885211085725473e+00,-3.848270795317372261e+01
5.591956465222180483e+00,-1.099614982482527381e+01,-4.088380494719141467e+01
4.580052865114381255e+00,-1.191169332072415088e+01,-4.351673901161807123e+01
3.324259427531417455e+00,-1.265290187655107523e+01,-4.638009063910757135e+01
1.786072157298778995e+00,-1.314624575552753427e+01,-4.948326392983855015e+01
-2.145405455995508248e-02,-1.337203079173788112e+01,-5.280833888512605512e+01
-2.044478942172389679e+00,-1.334949937271624876e+01,-5.627725354328527629e+01
-4.204411763809911662e+00,-1.309143707879426977e+01,-5.977273860176590148e+01
-6.392236772099901820e+00,-1.259602126004104505e+01,-6.318650415497390327e+01
-8.476780357468582494e+00,-1.187850528960550101e+01,-6.644556682355319310e+01
-1.037861547107541327e+01,-1.096478178123200209e+01,-6.951773905111647878e+01
-1.216348860571376811e+01,-9.817902189305360849e+00,-7.241509557376994621e+01
-1.403288000152158510e+01,-8.290537737678937091e+00,-7.517568067056252801e+01
-1.618502978477369680e+01,-6.193192191094742505e+00,-7.780281405972972664e+01
-1.867862839183902324e+01,-3.422893036030494329e+00,-8.020069565971112979e+01
-2.142141590873269763e+01,-2.041212921018997761e-02,-8.216715539232146170e+01
-2.424229671202918723e+01,3.877396963545020725e+00,-8.344704176337732804e+01
-2.693196600291532761e+01,8.104836415500393798e+00,-8.379480432561949499e+01
-2.923595852407591877e+01,1.248291027676759946e+01,-8.300519112208436923e+01
-3.087104468498001708e+01,1.679495113656784611e+01,-8.091019850140206415e+01
-3.158862036307111509e+01,2.076711831652902873e+01,-7.736441738618697173e+01
-3.124162138739669814e+01,2.408953986294355332e+01,-7.225174455519480432e+01
-2.983443345573324379e+01,2.649975316410315429e+01,-6.553635136160522734e+01
-2.756870926621743934e+01,2.789911059765131895e+01,-5.733472467915445492e+01
-2.485236479824401812e+01,2.840300414901551918e+01,-4.794735977391635373e+01
-2.219761324314952589e+01,2.824793080298365311e+01,-3.781688207147099945e+01
-2.001281485895518486e+01,2.760923424429211082e+01,-2.743934140748898187e+01
-1.842850141019724930e+01,2.647617893665644573e+01,-1.726522110194474990e+01
-1.731023094709473753e+01,2.468214423584985440e+01,-7.597323279885602965e+00
-1.644951279117843157e+01,2.206155168352723450e+01,1.499266709168445288e+00
-1.575556558776191984e+01,1.860796518177869530e+01,1.022367872078620010e+01
-1.528794470590439758e+01,1.449508145134163861e+01,1.896942546316147116e+01
-1.515146753277276481e+01,9.928887442624079185e+00,2.819751457298069397e+01
-1.540394765030348267e+01,4.975645969384534517e+00,3.832275209030289176e+01
-1.606732650498172532e+01,-4.358843275926060357e-01,4.964388874296030707e+01
-1.719134161640747394e+01,-6.321498383983725766e+00,6.230981988720451881e+01
-1.887608310772719022e+01,-1.246035717619333028e+01,7.631565741945375692e+01
-2.122946546599220241e+01,-1.840284011504318329e+01,9.152305985670231792e+01
-2.429984382865406545e+01,-2.362051814143330475e+01,1.076808723627528224e+02
-2.802493952024200752e+01,-2.763042984108905742e+01,1.244256835978017364e+02
-3.221385546400423294e+01,-3.002736980690856328e+01,1.412757806169589117e+02
-3.656070054573548589e+01,-3.049567381687186796e+01,1.576460993467209732e+02
-4.067504751562687915e+01,-2.886981536726779751e+01,1.728873228373541053e+02
-4.411677051001956329e+01,-2.522099348447081013e+01,1.863324513341621014e+02
-4.644650701454246899e+01,-1.990160488866481714e+01,1.973438384137281787e+02
-4.731044010427724089e+01,-1.351290323066555565e+01,2.053636993483445963e+02
-4.653644832409345611e+01,-6.811949197275534829e+00,2.099621061318781301e+02
-4.417215586411246164e+01,-5.943964988399053073e-01,2.108717643535077571e+02
-4.042278127741172256e+01,4.419500644504683606e+00,2.080121166117296525e+02
-3.553884030724169207e+01,7.684466261219950134e+00,2.015114237481385544e+02
-2.974989709365567236e+01,8.907988893191747692e+00,1.917179125947731109e+02
-2.327641840062794998e+01,8.090239211660437135e+00,1.791762256863588902e+02
-1.636218807116238594e+01,5.508862804764488530e+00,1.645619236731797059e+02
-9.269769917969949091e+00,1.648551684433791076e+00,1.485985345508800606e+02
-2.247370708056584121e+00,-2.906540107620888769e+00,1.319896872243711243e+02
4.499282361017598042e+00,-7.591370836452647985e+00,1.153767002912213258e+02
1.082091966173517328e+01,-1.194956687050943422e+01,9.931149596974252347e+01
1.661884768480357266e+01,-1.564706085803014446e+01,8.423800802610914218e+01
2.180585134027357341e+01,-1.841568866345409106e+01,7.048682471613878420e+01
2.626239866080568319e+01,-2.001965809863035162e+01,5.828485550732351328e+01
2.985326685372710998e+01,-2.032272727118834510e+01,4.776935745403915945e+01
3.250080093174497620e+01,-1.938334057710143554e+01,3.899352841075346987e+01
3.421532230846697331e+01,-1.742345858183517038e+01,3.192281806145333789e+01
3.503373657774202599e+01,-1.466905320404464597e+01,2.643489307801884891e+01
3.496324954416676434e+01,-1.125645800688356779e+01,2.234004906847588501e+01
3.403093681937571802e+01,-7.329161018030135644e+00,1.942517766902391685e+01
3.237570266508604533e+01,-3.182196493145333704e+00,1.749755733775493027e+01
3.024257899308395636e+01,7.670706402528176815e-01,1.639408882944701773e+01
2.787364094550761351e+01,4.170117943412609662e+00,1.595312361390050881e+01
2.542589862705389692e+01,6.879608865813535701e+00,1.598999151571089783e+01
2.298899696330812503e+01,8.900891943750901092e+00,1.631190326064855256e+01
2.063748542375443051e+01,1.027465938977583271e+01,1.675463215183632215e+01
1.843864302143991551e+01,1.103977895413037480e+01,1.719833403032655639e+01
1.643018938289122488e+01,1.126343310872858439e+01,1.755680592117769834e+01
1.462295864325371220e+01,1.103754091327147790e+01,1.776865679477772630e+01
1.303121127361167453e+01,1.043221070934162853e+01,1.779818859404760190e+01
1.168702233852801875e+01,9.484844446522513906e+00,1.762803703454340720e+01
1.061991235327931449e+01,8.242031773998329314e+00,1.724983762029328460e+01
9.833282181871805250e+00,6.778089788203527810e+00,1.668331882190825510e+01
9.310896970140769113e+00,5.155499947150464557e+00,1.601159782701513379e+01
9.034373226056358064e+00,3.403404675692342174e+00,1.536761058842150796e+01
8.962700333720940549e+00,1.580162908872051464e+00,1.484851275390495040e+01
8.979518427075504405e+00,-1.470965943748833715e-01,1.443712471565578959e+01
8.889113474176735252e+00,-1.526158940900841587e+00,1.402208593580680329e+01
8.506243403830959338e+00,-2.344912728681819214e+00,1.349364500889049800e+01
7.753910031701093608e+00,-2.526822485127687479e+00,1.280148318324081380e+01
6.652363402687622163e+00,-2.113805718448180659e+00,1.192324426924007419e+01
5.233440307710401918e+00,-1.205648193130279155e+00,1.082090051060982105e+01
3.533347678655895496e+00,4.240388234494768538e-02,9.473865457514296651e+00
1.697274798778258820e+00,1.386847875665943253e+00,7.956512831906702665e+00
2.909531359140959603e-02,2.532143984458219421e+00,6.447616217847551567e+00
-1.143655698830592371e+00,3.249580171619219193e+00,5.135166647114441929e+00
-1.670470070246077299e+00,3.468182628884632024e+00,4.108024448977509735e+00
-1.620347843606539939e+00,3.254435842686492553e+00,3.337673672061880481e+00
-1.134134793621899284e+00,2.728236965303282080e+00,2.747240292226527103e+00
-2.731033257289627869e-01,2.009310058693179801e+00,2.284026715869158508e+00
9.848398812373092559e-01,1.214532487833094754e+00,1.936904788637771935e+00
2.649155756499732561e+00,4.636658993483643854e-01,1.710037706329536888e+00
4.658998095272736784e+00,-1.311827867034570660e-01,1.594182285715639580e+00
6.909705964233303632e+00,-4.829879758705246107e-01,1.558371438695349553e+00
9.296190090138377826e+00,-5.456137460174814713e-01,1.558197515256498633e+00
1.171215257267594900e+01,-3.253652049945598979e-01,1.547474910034107864e+00
1.403126159921235150e+01,1.225459929251382224e-01,1.486708821435023253e+00
1.613304090413665293e+01,7.183367661780848401e-01,1.350636426769868947e+00
1.796947535764945414e+01,1.388150271470167674e+00,1.134804783767195957e+00
1.958932943356366252e+01,2.083163268568271942e+00,8.523997146693496063e-01
2.106759559827019146e+01,2.783827382769277214e+00,5.167476986868813071e-01
2.240562413270584585e+01,3.489535940052795659e+00,1.225211374498602485e-01
2.351299533436984390e+01,4.195374633247677565e+00,-3.566609378558460719e-01
2.428041703932466433e+01,4.875390993669303619e+00,-9.551101483083356269e-01
2.464324752598128043e+01,5.496686185547083880e+00,-1.702502964522256690e+00
2.457048984370378975e+01,6.052385455247482504e+00,-2.619464617441957799e+00
2.402527292995988262e+01,6.569573938553568304e+00,-3.714430432397408222e+00
2.296223784379450805e+01,7.075426521050498074e+00,-4.976086359761566769e+00
2.136042476429541281e+01,7.557029792607311336e+00,-6.364740065957308346e+00
1.926265333931477031e+01,7.956313592962976244e+00,-7.809276678951481365e+00
1.680549667477712106e+01,8.202075940961695011e+00,-9.217437467128153372e+00
1.420412955352969675e+01,8.250989163111343672e+00,-1.050518912197828669e+01
1.166177481592197651e+01,8.109821098784996352e+00,-1.163361253879435786e+01
9.275335281210738358e+00,7.826346836776275850e+00,-1.262074966689930022e+01
7.062557777810373416e+00,7.456506053291122704e+00,-1.350799274249649962e+01
5.093045368538984263e+00,7.031355804240734919e+00,-1.430726128807684283e+01
3.547164746599551055e+00,6.544818429583010300e+00,-1.498183605178202527e+01
2.619217304375631716e+00,5.967005702248428634e+00,-1.548154037080333545e+01
2.398403978086971478e+00,5.275461047803453596e+00,-1.579749601382092017e+01
2.866204785822690226e+00,4.486888070176342502e+00,-1.598707416808915305e+01
3.959421186861244557e+00,3.663842305235708974e+00,-1.615714716385823024e+01
5.583305861139852944e+00,2.886602583165021052e+00,-1.643407473626958648e+01
7.582581100686013542e+00,2.217235007118500967e+00,-1.694779457464012751e+01
9.741165941658746164e+00,1.689442152642273154e+00,-1.782773970803916797e+01
1.180135554171797274e+01,1.317907356176695188e+00,-1.919679846853554750e+01
1.345819951248220470e+01,1.095925373980322082e+00,-2.116850772894047594e+01
1.436118212192229926e+01,9.778866677500274163e-01,-2.386168588328407836e+01
1.417783586680488739e+01,8.732620007995793854e-01,-2.741983521977284610e+01
1.268400939217396584e+01,6.667106871425021453e-01,-3.200063797375349850e+01
9.803661582154798992e+00,2.536675864025506044e-01,-3.773046670924156132e+01
5.599963003456386978e+00,-4.280629634553223539e-01,-4.466577643266447240e+01
2.697079156698811708e-01,-1.390794280915019776e+00,-5.279447910851153836e+01
-5.875614775668491774e+00,-2.617237078564238484e+00,-6.205462603918027753e+01
-1.250227884135557410e+01,-4.075396292909005957e+00,-7.233059257251861141e+01
-1.937848391186422958e+01,-5.700425647697460185e+00,-8.343251561139999239e+01
-2.639095212576595273e+01,-7.387584252719036293e+00,-9.509403945203084163e+01
-3.342117261836572339e+01,-9.056973977461723280e+00,-1.069893047408181133e+02
-4.024150882243462490e+01,-1.073583336811155142e+01,-1.187372457311461176e+02
-4.656280681283489997e+01,-1.252753732610500847e+01,-1.298893055629906428e+02
-5.212098443213729126e+01,-1.446834414344792208e+01,-1.399361512119684789e+02
-5.661362514551096581e+01,-1.644475853364672346e+01,-1.483531768826958626e+02
-5.955141533026574052e+01,-1.827322670649786929e+01,-1.546620220341233392e+02
-6.028621127670730573e+01,-1.981598806796993273e+01,-1.584783106397631514e+02
-5.827121350474349981e+01,-2.097269916651243093e+01,-1.595401051721261467e+02
-5.329722352506792049e+01,-2.159653903649245876e+01,-1.577272081738899772e+02
-4.550986621021959877e+01,-2.150193411839189395e+01,-1.530773149415472005e+02
-3.530706854291771180e+01,-2.057913572978020511e+01,-1.457884205025762299e+02
-2.326394631572340188e+01,-1.885769428768535860e+01,-1.361843927174365092e+02
-1.006427425823625477e+01,-1.643587546920813125e+01,-1.246445976714665989e+02
3.568461101300268279e+00,-1.338908950608767512e+01,-1.115473128468408390e+02
1.681712677298810021e+01,-9.779163890295283323e+00,-9.726810875499187148e+01
2.860779320647945667e+01,-5.706141031082556658e+00,-8.218980211254751111e+01
3.759617912339146528e+01,-1.275657453480183445e+00,-6.664931015817325033e+01
4.242399268990838124e+01,3.486461746559210262e+00,-5.085267550345657384e+01
4.201710486865205496e+01,8.615036343250059403e+00,-3.488702541805532320e+01
3.575361633909007253e+01,1.404706715760021218e+01,-1.887193077097695237e+01
2.366639576045107418e+01,1.948434391600198978e+01,-3.119854201598037946e+00
6.758492842822927393e+00,2.442579154478808690e+01,1.184073692112068699e+01
-1.293157178250144312e+01,2.833812348254571489e+01,2.537580740198670526e+01
-3.284778402807541653e+01,3.082630699795999263e+01,3.689167506269001962e+01
-5.074069120498521812e+01,3.170798688708320512e+01,4.596630824611826682e+01
-6.519555588981893379e+01,3.098350020728902621e+01,5.246051090607566181e+01
-7.563257755869983612e+01,2.875387067745101888e+01,5.656698570800008952e+01
-8.200249756065396411e+01,2.516390290521453821e+01,5.874847124158505807e+01
-8.444020835462538344e+01,2.041380804816381556e+01,5.959378547227326806e+01
-8.301991871641511977e+01,1.480527838354528214e+01,5.967149241897529066e+01
-7.774269618700408557e+01,8.753223393197893998e+00,5.942210946126604654e+01
-6.878708080889936127e+01,2.743021943693879638e+00,5.908692481433363497e+01
-5.680297963248428061e+01,-2.730651401840433756e+00,5.868155961841561208e+01
-4.296149926572909550e+01,-7.217957839993871083e+00,5.803092690749782179e+01
-2.871287979519767575e+01,-1.037704210935287286e+01,5.685784123619108499e+01
-1.542651781769172992e+01,-1.205855116715473940e+01,5.490007663850162345e+01
-4.078480581408272521e+00,-1.237578544075840092e+01,5.202807190422755212e+01
4.926640600877707499e+00,-1.170027640471304409e+01,4.831913652669614834e+01
1.174027661049468207e+01,-1.056057051090437859e+01,4.404095077233487388e+01
1.687243647879239461e+01,-9.487365337448693481e+00,3.955137950135418379e+01
2.093307440433733646e+01,-8.877880340783406155e+00,3.518425639290921936e+01
2.443045512321915069e+01,-8.925609552554579551e+00,3.118008615576128761e+01
2.765031306442653403e+01,-9.615716198865245090e+00,2.766349759623281912e+01
3.061949553558718051e+01,-1.076553044892643030e+01,2.465268195877351332e+01
3.318875999337858929e+01,-1.209389561389270185e+01,2.210244916887413780e+01
3.519729597209193628e+01,-1.330370012448349115e+01,1.996308758222137669e+01
3.657622925999949359e+01,-1.415287692850960966e+01,1.820401864183887497e+01
3.731707993367870557e+01,-1.449218730594462023e+01,1.678422093212575206e+01
3.740975197411334818e+01,-1.426985175327927635e+01,1.562284933450253632e+01
3.686931278047134697e+01,-1.352006876165889437e+01,1.462256342241740548e+01
3.580420017800178556e+01,-1.234665362233692498e+01,1.372020342294475981e+01
3.440433449225768925e+01,-1.089854974352047634e+01,1.290176642199130619e+01
3.284947664805741141e+01,-9.333880361243240387e+00,1.217109221365261185e+01
3.124378367920034094e+01,-7.781997422782493068e+00,1.151756123191340286e+01
2.962325345963666479e+01,-6.319392221627765593e+00,1.091334004949690240e+01
2.798599798114571868e+01,-4.967922227415643377e+00,1.032613371101794186e+01
2.630546189458969053e+01,-3.712685924642769919e+00,9.725782216616648768e+00
2.454582882562815627e+01,-2.530895894409708191e+00,9.085361099729565737e+00
2.269530665543084424e+01,-1.420100722087707323e+00,8.386043907263573516e+00
2.078923414133096514e+01,-4.117052394491983458e-01,7.623896009176229782e+00
1.889508295045283859e+01,4.397939570251384045e-01,6.810422244313304674e+00
1.707448365014715819e+01,1.085952644255973265e+00,5.965738915269247045e+00
1.535828374730490786e+01,1.510927224241993105e+00,5.111004544812510986e+00
1.374750123553294756e+01,1.736688530483551540e+00,4.265599144550989763e+00
1.222538650692714945e+01,1.806582383117688373e+00,3.448379118089088813e+00
1.076688039765925353e+01,1.762536805456598410e+00,2.679131268972115176e+00
9.347613653947696832e+00,1.631790925816357207e+00,1.977778220423868749e+00
7.955767597784159761e+00,1.429083201810930737e+00,1.361254953337515117e+00
6.598327328989143759e+00,1.168312887648059073e+00,8.394654540633906814e-01
5.294009999188007853e+00,8.706787016002414115e-01,4.132137337088018225e-01
4.061434002389845865e+00,5.622619565499135108e-01,7.674363814682561014e-02
2.916394388330003640e+00,2.691332689388044042e-01,-1.767459179319127993e-01
1.876235324950617622e+00,1.976684436743036954e-02,-3.519148236205998925e-01
9.577356931276893581e-01,-1.540247502858575757e-01,-4.526425145152723206e-01
1.668755220418788321e-01,-2.328561238887173479e-01,-4.846357493614429357e-01
-5.047056863752968914e-01,-2.309790192378202434e-01,-4.567627111063246037e-01
-1.067613103321006784e+00,-1.920155652021152126e-01,-3.828159716314234462e-01
-1.519079647918607723e+00,-1.565910676219341158e-01,-2.838065562408862985e-01
-1.842381622857593104e+00,-1.382746441103421819e-01,-1.860712891786464596e-01
-2.022349126146348652e+00,-1.319674349887216269e-01,-1.131827467929391456e-01
-2.059690042543959265e+00,-1.355835600726475187e-01,-7.828701647595998070e-02
-1.970405584941931965e+00,-1.590057103888209422e-01,-8.457140940131904761e-02
-1.774979949392349932e+00,-2.207336824569992584e-01,-1.319462299139817496e-01
-1.491047081134517116e+00,-3.376066501963932431e-01,-2.209527994163365261e-01
-1.134905406358565960e+00,-5.027290983051213580e-01,-3.497341761079922340e-01
-7.266573688754003335e-01,-6.668369246748108159e-01,-5.089009737120009369e-01
-2.939167158137509506e-01,-7.608519081766934589e-01,-6.806014782691327536e-01
1.262280625409752666e-01,-7.584167733909664699e-01,-8.425965185415870140e-01
4.889566681918732782e-01,-7.140254953426183882e-01,-9.742237901895571817e-01
7.523518480407477282e-01,-7.264793158983837706e-01,-1.061931869118301508e+00
8.942813800635408539e-01,-8.620023230943685277e-01,-1.103449542411494289e+00
9.199869429483769068e-01,-1.110828993740658355e+00,-1.108738967530154662e+00
8.497947391276535756e-01,-1.402140689005485497e+00,-1.095166467841411473e+00
7.005322671913984944e-01,-1.646700919455611700e+00,-1.077608541112168972e+00
4.839844255165776654e-01,-1.776390605813614965e+00,-1.060362983280478621e+00
2.222675459449967861e-01,-1.769882946590185746e+00,-1.038924994117269796e+00
-4.275413755079945227e-02,-1.655182465134891867e+00,-1.010052507602933414e+00
-2.563761072078922232e-01,-1.484464765097187611e+00,-9.774388274316563319e-01
-3.627538875793638318e-01,-1.301035202225387488e+00,-9.455958369888314285e-01
-3.172829814216602262e-01,-1.128276019408171127e+00,-9.132327516810436752e-01
-1.082158280763705349e-01,-9.831502852691075267e-01,-8.807632712710898870e-01
2.247362136142322109e-01,-8.870427619055195612e-01,-8.638940996856053767e-01
6.064108991355242617e-01,-8.552206875975978395e-01,-8.901614612349714184e-01
9.742273027287750020e-01,-8.789674657439197070e-01,-9.762763212600430451e-01
1.310310176500031787e+00,-9.260669938546891578e-01,-1.112291964832293090e+00
1.630177866096494954e+00,-9.625914066489729137e-01,-1.269884680893741624e+00
1.956235937815825388e+00,-9.738621085663020649e-01,-1.421129786232644410e+00
2.304996959869706430e+00,-9.660667384120051882e-01,-1.549697667173617566e+00
2.675088668015924043e+00,-9.537997087656193695e-01,-1.657576747517966353e+00
3.027126326766332198e+00,-9.509505390905378386e-01,-1.773293773237223592e+00
3.288677186196916846e+00,-9.715547471635970211e-01,-1.948238076004836339e+00
3.404156188044746845e+00,-1.032861259279456378e+00,-2.229348636042836951e+00
3.382091978195677306e+00,-1.152933590340263104e+00,-2.627531321595602432e+00
3.281283488097140655e+00,-1.343889608682453884e+00,-3.114071075587332427e+00
3.153043069248783414e+00,-1.606184929482560975e+00,-3.647093213162412528e+00
3.010452072584312244e+00,-1.927655932257947402e+00,-4.197194147375664208e+00
2.852706775144050688e+00,-2.287868714903552814e+00,-4.748940556352577502e+00
2.701728157709389677e+00,-2.665197131530472330e+00,-5.287330451896784744e+00
2.604261795746395602e+00,-3.042820391651677614e+00,-5.790978342520316957e+00
2.604268918631194474e+00,-3.412036657425723707e+00,-6.237475633992908719e+00
2.721197093572510717e+00,-3.772686492017741866e+00,-6.610661531116656775e+00
2.951493729020628010e+00,-4.128490063870798643e+00,-6.904025428392897901e+00
3.280653906815462761e+00,-4.477040057285766039e+00,-7.124809721514745675e+00
3.688752055659889617e+00,-4.802492275810673839e+00,-7.299952133823531142e+00
4.150015047385621436e+00,-5.079166897987213325e+00,-7.474319158941902685e+00
4.637840289149393058e+00,-5.279541578697648951e+00,-7.693905116685289869e+00
5.135916494807708510e+00,-5.372576900532965993e+00,-7.982429394930470323e+00
5.641006860374715437e+00,-5.315307305651689518e+00,-8.329071699052603250e+00
6.149458376030551676e+00,-5.057280916718609021e+00,-8.697152107788985731e+00
6.642492930978852961e+00,-4.561980173214855050e+00,-9.048841686206520407e+00
7.090504650449912738e+00,-3.821139691073535349e+00,-9.371889005521721216e+00
7.471686825399153520e+00,-2.842852971463585732e+00,-9.692050796169048965e+00
7.780337035489359288e+00,-1.629840416992903052e+00,-1.005953986767594799e+01
8.017048944208731598e+00,-1.787139349030963942e-01,-1.051359315209252010e+01
8.182096055236359078e+00,1.497191019308835580e+00,-1.105012201759792312e+01
8.288444877777921604e+00,3.350005751638745810e+00,-1.162151294472934993e+01
8.378256512414605339e+00,5.306367944115680579e+00,-1.217203920101980152e+01
8.516746629508586963e+00,7.293512912806775716e+00,-1.267796037558374067e+01
8.764683058645106328e+00,9.257306134132520015e+00,-1.315659434515638004e+01
9.154612555198982093e+00,1.116103449270657499e+01,-1.364214580418060407e+01
9.686519290956107753e+00,1.297355933592420740e+01,-1.415992477612169509e+01
1.033679595478331770e+01,1.465933100406006240e+01,-1.472463800453713745e+01
1.106845499802865262e+01,1.617521249769477265e+01,-1.535308205520898817e+01
1.183728451211427668e+01,1.747423049666893391e+01,-1.606450539126026200e+01
1.259383183030450226e+01,1.851465060417558917e+01,-1.686353811253392720e+01
1.328391474349020918e+01,1.926808684643547309e+01,-1.772818049146753694e+01
1.385309787210547938e+01,1.971896361407312526e+01,-1.862080278344739881e+01
1.425741339922853967e+01,1.985763115032796122e+01,-1.951155725218365333e+01
1.447241518732500332e+01,1.967875132658602055e+01,-2.039019693706017833e+01
1.448925722280969808e+01,1.918814842117694752e+01,-2.125903647335382018e+01
1.430111427093997278e+01,1.840588237746511524e+01,-2.212129567261312602e+01
1.389941376026261288e+01,1.735689986521381911e+01,-2.297929254182928815e+01
1.328779977875250573e+01,1.606036407106034503e+01,-2.384205557803825570e+01
1.249253026421543922e+01,1.453379444762521899e+01,-2.473271375341702338e+01
1.155065758480113836e+01,1.280842600279729560e+01,-2.568769573294583353e+01
1.049597966377011637e+01,1.093502633928985901e+01,-2.674618105663977019e+01
9.367321915274450461e+00,8.968795303252502293e+00,-2.793757371515581411e+01
8.211136664187334233e+00,6.945823806859446670e+00,-2.928058324176998539e+01
7.036651193564068762e+00,4.872509721762157575e+00,-3.079567599425980617e+01
5.763030508094368898e+00,2.734573857072486458e+00,-3.251082083856879734e+01
4.250696411076937409e+00,5.141335685518222398e-01,-3.444312799366775124e+01
2.412997071470668331e+00,-1.797021028090050931e+00,-3.657321580219156942e+01
2.809047026610889120e-01,-4.187882636614664200e+00,-3.884769360280055395e+01
-2.057174931324812217e+00,-6.619776263137449490e+00,-4.121445723822329654e+01
-4.554599091071575678e+00,-9.025001447393609766e+00,-4.365590397173342296e+01
-7.223025260472936360e+00,-1.131908356042982078e+01,-4.619193771442808583e+01
-1.007570322109048178e+01,-1.342155469460589146e+01,-4.886181053280202491e+01
-1.309440154131128331e+01,-1.527378344920328956e+01,-5.170674928826277039e+01
-1.625246266164425180e+01,-1.684512794630400379e+01,-5.475900364311609536e+01
-1.954195546156538299e+01,-1.812030809863671266e+01,-5.803363202650415076e+01
-2.296551108045830603e+01,-1.906999068024000721e+01,-6.152338804801648564e+01
-2.650702467398957651e+01,-1.963149551553159711e+01,-6.519497037166365772e+01
-3.011070215745592549e+01,-1.973116461658480958e+01,-6.898279200311523596e+01
-3.368509023843439110e+01,-1.933438783509410186e+01,-7.278806300314472821e+01
-3.712618152790323478e+01,-1.847016896541009245e+01,-7.649354373053064649e+01
-4.032313947273228649e+01,-1.721273293920367919e+01,-7.997947284041732985e+01
-4.312107583066853067e+01,-1.565819484870899458e+01,-8.311460403614309200e+01
-4.528951012324647962e+01,-1.391210735408503396e+01,-8.573392822161966365e+01
-4.657234417566794349e+01,-1.205300364760410936e+01,-8.764790308252860029e+01
-4.679191363308856211e+01,-1.007683239458751956e+01,-8.868871967251065769e+01
-4.588429584533376726e+01,-7.902036449615168046e+00,-8.873592432912342076e+01
-4.382247097542364145e+01,-5.467287399791476155e+00,-8.768160259816036728e+01
-4.053082109229598728e+01,-2.830922391278245520e+00,-8.537742547504456070e+01
-3.589082236702485318e+01,-1.824574530784772719e-01,-8.162914928284381233e+01
-2.982142878467175251e+01,2.209806038349648727e+00,-7.623998717460150942e+01
-2.237522755038683187e+01,4.064013201075145076e+00,-6.905776301028012654e+01
-1.381461011463231969e+01,5.169072738528523558e+00,-6.000720274532609011e+01
-4.618549479288813764e+00,5.463266957244144351e+00,-4.912082780838415630e+01
4.607936841491988567e+00,5.021379399409858557e+00,-3.657240146435167816e+01
1.323943629168990910e+01,3.964366710987898390e+00,-2.270255790015944797e+01
2.065587471740633063e+01,2.429635330517854186e+00,-8.021357351885871623e+00
2.625262480091139494e+01,6.220423356796483949e-01,6.846817902157553704e+00
2.954948541505448745e+01,-1.209393622524876255e+00,2.130545738200915196e+01
3.032290349040715682e+01,-2.898348388031715572e+00,3.496722621978349821e+01
2.859797690060530329e+01,-4.398726659986609278e+00,4.776077826677082783e+01
2.454970446088771041e+01,-5.669200474191764982e+00,5.990645333255892524e+01
1.850279667820278107e+01,-6.618880836773497478e+00,7.181235617903762147e+01
1.100985080378014125e+01,-7.218472927308663856e+00,8.395211124587825680e+01
2.793767808370728467e+00,-7.552050600822575177e+00,9.672468512324456924e+01
-5.477881613383872583e+00,-7.649592470746754636e+00,1.103014483235281489e+02
-1.335826423773140981e+01,-7.315085687998847952e+00,1.245264037850072043e+02
-2.058040782319267947e+01,-6.199943783617750448e+00,1.389293885883354562e+02
-2.692474030235467453e+01,-4.022414641217489262e+00,1.528314450863368847e+02
-3.215089333059102472e+01,-6.934868275935396342e-01,1.654735817737005164e+02
-3.600468233506553872e+01,3.670799661619425169e+00,1.761223197044740232e+02
-3.826044311731292424e+01,8.744875469195408257e+00,1.841402000098802034e+02
-3.879993371238791866e+01,1.401639304440185185e+01,1.890257664380727363e+02
-3.769122872339177377e+01,1.890050701875347983e+01,1.904408827314997552e+02
-3.517412849755704229e+01,2.287475203255881340e+01,1.882456217403619974e+02
-3.154156849168445476e+01,2.552993649172435298e+01,1.825353160734529752e+02
-2.703459154754958860e+01,2.656497633540935510e+01,1.736516280233873033e+02
-2.183794885818219811e+01,2.580233167846194675e+01,1.621544674610643142e+02
-1.612995507376632176e+01,2.321403182363449247e+01,1.487652400421491450e+02
-1.011200814692410077e+01,1.892422699156234600e+01,1.342882413385766256e+02
-4.012696213198529982e+00,1.320587368092590808e+01,1.195175939620502703e+02
1.933531090204520853e+00,6.459048017348428594e+00,1.051671040787929314e+02
7.567276262839050638e+00,-8.899902429777449830e-01,9.185540045405728904e+01
1.290174714934780731e+01,-8.515548785648526575e+00,8.009894864306978945e+01
1.808679821702468971e+01,-1.615442209860685807e+01,7.022543420760682409e+01
2.318926115228386564e+01,-2.336157228802577279e+01,6.223537761986354866e+01
2.798960139746563414e+01,-2.934552933635782068e+01,5.578614349881132028e+01
3.203773620131548938e+01,-3.318587117448354462e+01,5.040311101489687218e+01
3.492968030773315746e+01,-3.430761432967919689e+01,4.575704975444709532e+01
3.651519056141653863e+01,-3.274451600737435797e+01,4.173111423602670556e+01
3.686348185701204727e+01,-2.896564599913623894e+01,3.824956918855406229e+01
3.613350552321765718e+01,-2.357745388954677779e+01,3.515991685113972665e+01
3.457237928431735696e+01,-1.729444714534882621e+01,3.238161790740934265e+01
3.260512910654940555e+01,-1.106935679937271999e+01,3.011405375411359842e+01
3.077825230058481765e+01,-5.948313003354648743e+00,2.873879701472909787e+01
2.949639853608312023e+01,-2.598132634588479206e+00,2.844418179967680160e+01
2.880112874788125410e+01,-9.834446819540542117e-01,2.900249693355405256e+01
2.842615707311828288e+01,-5.432609747140326739e-01,2.994261522883651949e+01
2.804345457605702308e+01,-6.335859227997286958e-01,3.086488842383352349e+01
2.743752243742800800e+01,-8.016584025848705330e-01,3.155550134526432160e+01
2.649470617009563611e+01,-7.801266434243114833e-01,3.189861412752063785e+01
2.509307587290024699e+01,-3.559972199501770795e-01,3.177494290774074059e+01
2.301727703515512502e+01,7.408826187680073172e-01,3.101932063542744800e+01
1.999499328522852437e+01,2.805937229168264935e+00,2.944925273904823371e+01
1.589198929394415138e+01,5.911863080797401970e+00,2.701823966432992208e+01
1.092919609905404954e+01,9.644540170415101699e+00,2.400919490039470361e+01
5.669894874531045126e+00,1.318487658451971001e+01,2.100865203942365866e+01
7.354611163763347115e-01,1.574536762523649180e+01,1.859752339310878355e+01
-3.475309547256344000e+00,1.693669378164280914e+01,1.705593816344914515e+01
-6.844516241841214210e+00,1.679904247768478598e+01,1.633212758373572271e+01
-9.478299315635485556e+00,1.568592094298327666e+01,1.616163342596163943e+01
-1.168384158383395288e+01,1.417764654738406449e+01,1.615378238665256916e+01
-1.387756188463600182e+01,1.288533119630132973e+01,1.590397158917258125e+01
-1.632574672036604113e+01,1.210280125496717218e+01,1.519784791947586911e+01
-1.893495951217888162e+01,1.164225457832478305e+01,1.412079665274887752e+01
-2.135442328234497822e+01,1.108944883734601206e+01,1.290635101847037447e+01
-2.327139519511061039e+01,1.018560389080742468e+01,1.169818720294024672e+01
-2.456041248874458560e+01,8.914722324558688626e+00,1.050363499250810406e+01
-2.520639845159038117e+01,7.328214248840193790e+00,9.318418200972411469e+00
-2.520841111939200374e+01,5.445104355817211861e+00,8.194420065943086584e+00
-2.458414549314964503e+01,3.331309774723112405e+00,7.181116747140369405e+00
-2.338986917267098420e+01,1.158308429024745845e+00,6.268109057740067769e+00
-2.169666003131191800e+01,-8.815883365110770420e-01,5.402899156023854843e+00
-1.958904347038072657e+01,-2.686092667618114493e+00,4.530036912330626109e+00
-1.720970610295686498e+01,-4.240543973561943680e+00,3.614728330710503368e+00
-1.475634412358347447e+01,-5.528902006867016716e+00,2.677483044728168338e+00
-1.238131959894095324e+01,-6.479979304947871555e+00,1.827530246626451804e+00
-1.009951579378106601e+01,-7.004325792550607943e+00,1.228812556705305425e+00
-7.825618752060358396e+00,-7.056236622949396242e+00,9.965222367782188284e-01
-5.496845373879333252e+00,-6.622583871701853475e+00,1.125333449822196741e+00
-3.123711779735360849e+00,-5.648586349474687296e+00,1.525903334847855675e+00
-7.176111132451090668e-01,-4.033731692677755554e+00,2.113211841743733999e+00
1.776487752168298462e+00,-1.764628016097124830e+00,2.835273909353785982e+00
4.422889539776897472e+00,9.633495066077356617e-01,3.629905212836747719e+00
7.187817864048472671e+00,3.821276833129804817e+00,4.402403596219306436e+00
9.952903937343892338e+00,6.546756706081763078e+00,5.077811026010037310e+00
1.266457468583957890e+01,9.014353519538641279e+00,5.665272335464655029e+00
1.543205431253801230e+01,1.112647046150959618e+01,6.248940032510397202e+00
1.842192343404610355e+01,1.275943176819178682e+01,6.908375889097406741e+00
2.163697089641821591e+01,1.389351322074755402e+01,7.641843180930773194e+00
2.481259530683160719e+01,1.472013769676166994e+01,8.350055879459672425e+00
2.754244162545774444e+01,1.550976159555250611e+01,8.885541853570000370e+00
2.950557668684022872e+01,1.637189870198316655e+01,9.128961795382517508e+00
3.057920154097136489e+01,1.720097557173839675e+01,9.027548823601216910e+00
3.076655068704584295e+01,1.784241677444370211e+01,8.558115702875657149e+00
3.007504816592636487e+01,1.823985379145182151e+01,7.666754258298746016e+00
2.851299389740218260e+01,1.840661977598504251e+01,6.283736066060230385e+00
2.619921449514761491e+01,1.831852651818934774e+01,4.419545569698790644e+00
2.341326238751621958e+01,1.788622183465511384e+01,2.220478754198040861e+00
2.047589660565952485e+01,1.701989198647323320e+01,-1.083104317189054061e-01
1.757678243662589068e+01,1.569519140195195739e+01,-2.438977672898623439e+00
1.475553326530855003e+01,1.397182767500020262e+01,-4.771029548530503206e+00
1.205235128631445463e+01,1.198122567101989056e+01,-7.168094266436718875e+00
9.622366018940908816e+00,9.889452767950034584e+00,-9.685256193398528168e+00
7.664535718291276112e+00,7.826828537980900613e+00,-1.236236742773848540e+01
6.275436738005002013e+00,5.827756228329727506e+00,-1.524726221887631006e+01
5.432491757970192126e+00,3.854370375748005895e+00,-1.838885643010112858e+01
5.114370003534141063e+00,1.890196829757517571e+00,-2.180946430751888698e+01
5.373238038500138813e+00,-4.752520816153626981e-03,-2.550418009982227119e+01
6.253658393311734010e+00,-1.728373676143357685e+00,-2.947634799267139982e+01
7.666227638996014448e+00,-3.187342842146334565e+00,-3.377178627954408796e+01
9.363448682954262026e+00,-4.305846062998985424e+00,-3.847923203811087234e+01
1.100968384138586309e+01,-5.041843373158227948e+00,-4.370397621160608281e+01
1.223420651597501418e+01,-5.447468992802306786e+00,-4.954853575097470753e+01
1.263416059373138012e+01,-5.696546621648557185e+00,-5.611845284155924674e+01
1.180759390941719111e+01,-6.013495210367103105e+00,-6.352699165422789918e+01
9.473156387670821132e+00,-6.576387534152949854e+00,-7.185906537928951821e+01
5.610352676816964923e+00,-7.495068942392368427e+00,-8.110540279331658553e+01
5.023914678192520356e-01,-8.838469702789041094e+00,-9.112919953660438921e+01
-5.355498860377849724e+00,-1.062817973423875628e+01,-1.016976703204986734e+02
-1.141805451200587029e+01,-1.281302365994825720e+01,-1.125363194391210442e+02
-1.723935578858441886e+01,-1.529916870069651758e+01,-1.233504980774783917e+02
-2.254734367435187181e+01,-1.801854329168475743e+01,-1.338131704793455299e+02
-2.718713592316150951e+01,-2.093473375016071358e+01,-1.435496169811920311e+02
-3.094309045620150300e+01,-2.396180675597717169e+01,-1.521337431925653334e+02
-3.339943189170051596e+01,-2.690147860210456088e+01,-1.591033667466140855e+02
-3.402888514570297218e+01,-2.949389512831828597e+01,-1.640072492392130528e+02
-3.246785533172194249e+01,-3.153475909392510701e+01,-1.664677486173721093e+02
-2.870654891450022816e+01,-3.292874073942740409e+01,-1.662107053876458167e+02
-2.303477981133173103e+01,-3.363245834778604859e+01,-1.630514516772350930e+02
-1.589567482078093441e+01,-3.357077632986167970e+01,-1.568890049462873151e+02
-7.864020455657447783e+00,-3.261631278676211565e+01,-1.477383151572224733e+02
2.707159885680043843e-01,-3.061795351665919895e+01,-1.357485115381210790e+02
7.486768623663605737e+00,-2.741418143541443087e+01,-1.211534245421009928e+02
1.263234615099827707e+01,-2.283636316530068555e+01,-1.041979002651561075e+02
1.458367546678107907e+01,-1.677263002467849162e+01,-8.513798304412016194e+01
1.246182988482301113e+01,-9.306354801284266287e+00,-6.434500712285910140e+01
5.956697297160478577e+00,-8.275915081605078605e-01,-4.243994319947503868e+01
-4.371478964741992712e+00,8.003343771956870967e+00,-2.035147668091816797e+01
-1.712125738121551066e+01,1.644582630579367333e+01,7.645350608599610354e-01
-3.053812946286517871e+01,2.390026485448254334e+01,1.973007619043305283e+01
-4.314998792471745048e+01,3.002303426911059248e+01,3.559160311129758725e+01
-5.407327847345619887e+01,3.469045211757661917e+01,4.780704111294835457e+01
-6.287172454956063916e+01,3.787394310292606292e+01,5.631781931878271763e+01
-6.928679038388285960e+01,3.953026464540040052e+01,6.150877881850562545e+01
-7.313335194872495038e+01,3.957556165328607989e+01,6.407897400561242307e+01
-7.430320834797339558e+01,3.794092591778049695e+01,6.485474532795802816e+01
-7.271111913621929546e+01,3.465837211013491981e+01,6.460317981585023972e+01
-6.825522497919541820e+01,2.992752944864141540e+01,6.390184378028467194e+01
-6.097340972681893589e+01,2.413839051806425928e+01,6.306319804667945306e+01
-5.132414262406569350e+01,1.783724095227740136e+01,6.208860655059102385e+01
-4.028396018522177968e+01,1.162954474398126692e+01,6.069170535048306903e+01
-2.910236045923146619e+01,6.043618620631307614e+00,5.846061425759241104e+01
-1.888542084766120510e+01,1.415897610788274807e+00,5.511563180540411366e+01
-1.027903911892262734e+01,-2.146685633140199556e+00,5.069607582188069017e+01
-3.366651011154520035e+00,-4.724555092350340324e+00,4.556272193743282628e+01
2.243358590017385801e+00,-6.508409137567727321e+00,4.026235002602533797e+01
7.176535165867003130e+00,-7.730101661259874746e+00,3.535309655892667280e+01
1.194265845174162699e+01,-8.609908995321591263e+00,3.122449541070177759e+01
1.662902598744768667e+01,-9.313757431649369423e+00,2.794902056288064074e+01
2.086963001337169743e+01,-9.931413269518001741e+00,2.528134045984733191e+01
2.415205600279215403e+01,-1.048896443982908622e+01,2.285852565460797337e+01
2.616709339649130328e+01,-1.097506191207396498e+01,2.043102235298608349e+01
2.683368123171719688e+01,-1.134832915204109227e+01,1.789569874350883083e+01
2.605621140393712309e+01,-1.153592369949424601e+01,1.515768725506673142e+01
2.362277400531887750e+01,-1.145738631091336579e+01,1.205922926567369302e+01
1.937031995156960207e+01,-1.106414805471791318e+01,8.457326911881745346e+00
1.329888925449019688e+01,-1.035577617029391106e+01,4.285435618548227410e+00
5.528015541451869019e+00,-9.378373519343236708e+00,-4.612825525117602576e-01
-3.458918889817474973e+00,-8.234951600240119518e+00,-5.591637573376983639e+00
-4.083421777072270942e+00,-3.824990173410159233e+00,-4.093540934571021417e+00
3.760854697665294566e-05,1.436848791822042778e-05,-7.363312526376120104e-05
3.760854697665294566e-05,1.436848791822042778e-05,-7.363312526376120104e-05
3.760854697665294566e-05,1.436848791822042778e-05,-7.363312526376120104e-05
