# InvDyn,Takahashi,Zelik,Frigo,GRF
2.685514299187502854e-02,-9.427442340849138585e-12,-9.427442340849138585e-12,-9.427442340849138585e-12,-6.101229961106478208e-11
3.009938600700916289e-02,-6.468717623454091694e-12,-6.468717623454091694e-12,-6.468717623454092502e-12,-4.250950292431101695e-11
2.925654061550084575e-02,-3.957467786793144312e-12,-3.957467786793144312e-12,-3.957467786793144312e-12,-2.656746608968766800e-11
2.676881540094932718e-02,-2.055624839001921739e-12,-2.055624839001921739e-12,-2.055624839001922143e-12,-1.417671248340266333e-11
2.400675572060853927e-02,-7.595505269626718260e-13,-7.595505269626718260e-13,-7.595505269626717250e-13,-5.418537715510918390e-12
2.166647568906546889e-02,2.203211951975829187e-14,2.203211951975829187e-14,2.203211951975828556e-14,1.530124222540031665e-13
2.009420778048309417e-02,4.143591862906142331e-13,4.143591862906142331e-13,4.143591862906143340e-13,3.219743850490597643e-12
1.937616962120764993e-02,5.403960204443221907e-13,5.403960204443221907e-13,5.403960204443221907e-13,4.477104910504768454e-12
1.932584940585716990e-02,5.103086601484700216e-13,5.103086601484700216e-13,5.103086601484699206e-13,4.579145590623777516e-12
1.943351348831364941e-02,4.044248873894814723e-13,4.044248873894814723e-13,4.044248873894813713e-13,4.014898285663947431e-12
1.884867106967626563e-02,2.800312428771431852e-13,2.800312428771431852e-13,2.800312428771432357e-13,3.164995295625030893e-12
1.650815842204840858e-02,1.698312840507867796e-13,1.698312840507867796e-13,1.698312840507867796e-13,2.274508044903603178e-12
1.156857192665742932e-02,8.700432965492550543e-14,8.700432965492550543e-14,8.700432965492551805e-14,1.465173154131408607e-12
4.164528451462613627e-03,3.590449847676404981e-14,3.590449847676404981e-14,3.590449847676405612e-14,8.364665166100063878e-13
-4.119465774050594560e-03,9.275506461103989310e-15,9.275506461103989310e-15,9.275506461103989310e-15,3.598552833588465308e-13
-1.069765558825019371e-02,4.987456564007195298e-16,4.987456564007195298e-16,4.987456564007195298e-16,5.944950395267766315e-14
-1.309631480326066758e-02,8.320668005182280844e-16,8.320668005182280844e-16,8.320668005182279858e-16,-1.160632979603012999e-13
-1.009175569436234453e-02,4.517905956708819471e-15,4.517905956708819471e-15,4.517905956708818682e-15,-2.101697868728987525e-13
-2.394829967856725115e-03,6.898781523179933194e-15,6.898781523179933194e-15,6.898781523179934772e-15,-2.075410923003437798e-13
7.215917295959071998e-03,8.939459226908449829e-15,8.939459226908449829e-15,8.939459226908448251e-15,-2.137882826467673760e-13
1.429003015934017518e-02,7.215010064564324405e-15,7.215010064564324405e-15,7.215010064564324405e-15,-1.532384276523511363e-13
1.454871112469286257e-02,6.014646897701599903e-15,6.014646897701599903e-15,6.014646897701599903e-15,-1.220156489579590539e-13
7.481396671094075676e-03,4.402223181882477899e-15,4.402223181882477899e-15,4.402223181882477110e-15,-8.959678291745412171e-14
-2.059733875363035319e-03,1.312060911233860989e-15,1.312060911233860989e-15,1.312060911233860989e-15,-2.729573473807118050e-14
-8.095564831440592996e-03,2.396647456297185191e-15,2.396647456297185191e-15,2.396647456297184796e-15,-5.109248893510187731e-14
-8.613343782200487408e-03,-1.037833190040561415e-15,-1.037833190040561415e-15,-1.037833190040561612e-15,2.204757456981865449e-14
-4.898870508468212460e-03,7.607253816080616784e-16,7.607253816080616784e-16,7.607253816080616784e-16,-1.560364639447054979e-14
1.304484698963563963e-03,-4.862412031813794639e-16,-4.862412031813794639e-16,-4.862412031813793653e-16,9.481586782983783641e-15
8.139300644399426535e-03,-1.805072977117268177e-15,-1.805072977117268177e-15,-1.805072977117267782e-15,3.425158693844270086e-14
1.349600618682011109e-02,2.028539137423879046e-15,2.028539137423879046e-15,2.028539137423878651e-15,-3.786948601342610801e-14
1.609244480002026620e-02,-3.765701303085094777e-15,-3.765701303085094777e-15,-3.765701303085094777e-15,7.106338155536791523e-14
1.618319493382001928e-02,2.776777931971719285e-15,2.776777931971719285e-15,2.776777931971719285e-15,-5.453109598039770312e-14
1.486638299593921221e-02,-2.003942641514393927e-15,-2.003942641514393927e-15,-2.003942641514393927e-15,4.186866861735341491e-14
1.299757592803493442e-02,-3.697497774725931811e-16,-3.697497774725931811e-16,-3.697497774725931811e-16,8.517691517759644781e-15
1.086571893535438066e-02,2.363916778983549322e-15,2.363916778983549322e-15,2.363916778983549322e-15,-5.913185477280631443e-14
8.540697083212131502e-03,-4.035674225988327925e-15,-4.035674225988327925e-15,-4.035674225988328714e-15,1.118598555509849324e-13
6.156503193493744266e-03,4.523235528848459238e-15,4.523235528848459238e-15,4.523235528848459238e-15,-1.397771728899159970e-13
3.881209542160572561e-03,-3.728091955052075709e-15,-3.728091955052075709e-15,-3.728091955052076498e-15,1.286082962321538613e-13
1.839320212183599658e-03,1.852719599652509070e-15,1.852719599652509070e-15,1.852719599652508676e-15,-7.127141838554832604e-14
1.174718909692358765e-04,7.213469364415371400e-16,7.213469364415371400e-16,7.213469364415373372e-16,-3.004803877374034304e-14
-1.214015644829516101e-03,-3.256431712253553968e-15,-3.256431712253553968e-15,-3.256431712253553968e-15,1.502630034561269270e-13
-2.106477476383267732e-03,5.149843080787093380e-15,5.149843080787093380e-15,5.149843080787092591e-15,-2.578506187930452095e-13
-2.551104255211810237e-03,-5.760458101694850375e-15,-5.760458101694850375e-15,-5.760458101694850375e-15,3.088955850679665213e-13
-2.578530465052198892e-03,4.777543194350032395e-15,4.777543194350032395e-15,4.777543194350032395e-15,-2.709050477298010659e-13
-2.234260709506971036e-03,-2.147660902756789322e-15,-2.147660902756789322e-15,-2.147660902756789716e-15,1.279022470400559797e-13
-1.564766385001256773e-03,-1.717308059057479292e-15,-1.717308059057479292e-15,-1.717308059057479687e-15,1.026886357090500317e-13
-6.344679236728912068e-04,5.946863232031712811e-15,5.946863232031712811e-15,5.946863232031712811e-15,-3.690824827830592041e-13
4.513779047171020010e-04,-9.297347654420569761e-15,-9.297347654420569761e-15,-9.297347654420569761e-15,5.914372444879242464e-13
1.548230835482059019e-03,1.044006194701452980e-14,1.044006194701452980e-14,1.044006194701452980e-14,-6.794008194944370867e-13
2.499160465425271944e-03,-8.446047281886033647e-15,-8.446047281886033647e-15,-8.446047281886036802e-15,5.623494524434450889e-13
3.170593421774439355e-03,3.177742735003040016e-15,3.177742735003040016e-15,3.177742735003040804e-15,-2.163484193902568561e-13
3.482913998502499674e-03,4.409071976583393832e-15,4.409071976583393832e-15,4.409071976583394621e-15,-3.100528920567937301e-13
3.426991648618284841e-03,-1.234289861862516504e-14,-1.234289861862516504e-14,-1.234289861862516504e-14,8.922278196935754653e-13
3.066243153104075171e-03,1.807094888427957211e-14,1.807094888427957211e-14,1.807094888427957211e-14,-1.349095174431784291e-12
2.516536908088523421e-03,-1.914580046980153476e-14,-1.914580046980153476e-14,-1.914580046980153791e-14,1.483074949117017503e-12
1.893601981197489759e-03,1.428593724578349041e-14,1.428593724578349041e-14,1.428593724578349041e-14,-1.153637488921729283e-12
1.270855968990147657e-03,-3.816173708590573742e-15,-3.816173708590573742e-15,-3.816173708590572953e-15,3.233845276294035713e-13
6.923781399300172300e-04,-9.872767481386227551e-15,-9.872767481386227551e-15,-9.872767481386229129e-15,8.672042785048177964e-13
1.970162080874878863e-04,2.334668399678019186e-14,2.334668399678019186e-14,2.334668399678019186e-14,-2.134948257599562041e-12
-1.917213317756954344e-04,-3.241149805421616272e-14,-3.241149805421616272e-14,-3.241149805421616903e-14,3.054248344773126583e-12
-4.777366244095351258e-04,3.358099367394365444e-14,3.358099367394365444e-14,3.358099367394366075e-14,-3.218368850331204945e-12
-6.787674494073480747e-04,-2.422740922072511849e-14,-2.422740922072511849e-14,-2.422740922072512165e-14,2.327304425905228535e-12
-8.146650427281904592e-04,3.748706889585888943e-15,3.748706889585888943e-15,3.748706889585889732e-15,-3.624996577189662641e-13
-9.079090362121043168e-04,2.527425172029429612e-14,2.527425172029429612e-14,2.527425172029429612e-14,-2.317225520037367128e-12
-9.719976226032570879e-04,-5.677167458178368920e-14,-5.677167458178368920e-14,-5.677167458178368920e-14,5.060513082127549948e-12
-1.002743613564026142e-03,7.944830868407830995e-14,7.944830868407830995e-14,7.944830868407830995e-14,-6.860999007550314977e-12
-1.001529871664424585e-03,-8.308150790538984573e-14,-8.308150790538984573e-14,-8.308150790538983311e-14,6.952113092277817548e-12
-9.946870530721928661e-04,5.645648717978042981e-14,5.645648717978042981e-14,5.645648717978042981e-14,-4.574060306439755934e-12
-1.017556431582392193e-03,-5.343209178698662168e-16,-5.343209178698662168e-16,-5.343209178698663155e-16,4.597716398960985888e-14
-1.093335992160104474e-03,-8.066060786267124217e-14,-8.066060786267124217e-14,-8.066060786267126742e-14,6.059536424457863285e-12
-1.223640449955877910e-03,1.640138250679459773e-13,1.640138250679459773e-13,1.640138250679459520e-13,-1.180933879975065872e-11
-1.382547957471746882e-03,-2.238449003645387935e-13,-2.238449003645387935e-13,-2.238449003645387431e-13,1.539933754588842798e-11
-1.521689052361451444e-03,2.258895423985353353e-13,2.258895423985353353e-13,2.258895423985353353e-13,-1.482820461504028217e-11
-1.596576966563048507e-03,-1.402078941206410191e-13,-1.402078941206410191e-13,-1.402078941206410191e-13,8.790772720510182048e-12
-1.592973816221183656e-03,-2.663475590602835639e-14,-2.663475590602835639e-14,-2.663475590602835639e-14,1.573120021045250784e-12
-1.520725799123600090e-03,2.712300569404795536e-13,2.712300569404795536e-13,2.712300569404795536e-13,-1.559184400525926545e-11
-1.392155807760050859e-03,-4.862249414457100313e-13,-4.862249414457100313e-13,-4.862249414457101323e-13,2.700011226938741622e-11
-1.218625439019896048e-03,6.475410782259673314e-13,6.475410782259673314e-13,6.475410782259673314e-13,-3.494648345561871833e-11
-1.015476920474831521e-03,-5.767753555271290005e-13,-5.767753555271290005e-13,-5.767753555271290005e-13,3.043607556526371015e-11
-8.043638155470428722e-04,3.384277172858499752e-13,3.384277172858499752e-13,3.384277172858499752e-13,-1.756347153154167564e-11
-6.166467100093253042e-04,1.718934571354567979e-13,1.718934571354567979e-13,1.718934571354567727e-13,-8.805298444893463462e-12
-4.873199126091729656e-04,-7.403948523639806221e-13,-7.403948523639806221e-13,-7.403948523639808240e-13,3.747912780440106938e-11
-4.287480096411903072e-04,1.256294404635486031e-12,1.256294404635486031e-12,1.256294404635486233e-12,-6.297428609396021718e-11
-4.183170674837713649e-04,-1.570475601230340560e-12,-1.570475601230340560e-12,-1.570475601230340964e-12,7.772037273134987652e-11
-4.224784629034107554e-04,1.256528732051286359e-12,1.256528732051286359e-12,1.256528732051286157e-12,-6.133608929146926637e-11
-4.294147900133983738e-04,-7.620895327808821721e-13,-7.620895327808821721e-13,-7.620895327808823741e-13,3.682052713004311499e-11
-4.753504672028169417e-04,-7.914862058806680208e-13,-7.914862058806680208e-13,-7.914862058806678188e-13,3.739473745211800161e-11
-6.594784067677039556e-04,1.717261390634938476e-12,1.717261390634938476e-12,1.717261390634938476e-12,-7.825620721947286986e-11
-1.098311110194418079e-03,-3.639797778325322031e-12,-3.639797778325322031e-12,-3.639797778325322839e-12,1.628363991372602560e-10
-1.810069564692392543e-03,3.432753169678774690e-12,3.432753169678774690e-12,3.432753169678774286e-12,-1.476190793573249072e-10
-2.669737337945362818e-03,-3.656111922805518672e-12,-3.656111922805518672e-12,-3.656111922805518672e-12,1.522847093976942350e-10
-3.511619506928946848e-03,9.988832808423848990e-13,9.988832808423848990e-13,9.988832808423851009e-13,-4.035325831067567567e-11
-4.229258126980872494e-03,2.248776335573909078e-12,2.248776335573909078e-12,2.248776335573909078e-12,-8.656992636916901483e-11
-4.787093315209967580e-03,-5.202198642200836935e-12,-5.202198642200836935e-12,-5.202198642200837743e-12,1.892030755107557760e-10
-5.199204755843980959e-03,1.146609692709226453e-11,1.146609692709226453e-11,1.146609692709226614e-11,-4.053801848088153964e-10
-5.503814131944143213e-03,-6.978938931844339909e-12,-6.978938931844339909e-12,-6.978938931844339101e-12,2.340882760202220614e-10
-5.748863171783710410e-03,1.449330625746492902e-11,1.449330625746492902e-11,1.449330625746493064e-11,-4.733452746259009168e-10
-5.980263625852856070e-03,6.333799387210874104e-12,6.333799387210874104e-12,6.333799387210874912e-12,-1.996541916959039725e-10
-6.222435131061950474e-03,3.917651447476757437e-12,3.917651447476757437e-12,3.917651447476757437e-12,-1.193170564392059328e-10
-6.494773524883919874e-03,3.136193063263966666e-11,3.136193063263966666e-11,3.136193063263965373e-11,-9.155460680517045652e-10
-6.851194156655196314e-03,-1.352775891146407814e-11,-1.352775891146407814e-11,-1.352775891146407653e-11,3.802884345166364863e-10
-7.364608620336388078e-03,3.832066613134255509e-11,3.832066613134255509e-11,3.832066613134255509e-11,-1.039797106774909869e-09
-8.071348292708972402e-03,-2.185580234420390140e-11,-2.185580234420390140e-11,-2.185580234420390140e-11,5.730472546803309598e-10
-8.949124929906605852e-03,-1.672104275223052885e-11,-1.672104275223052885e-11,-1.672104275223053208e-11,4.297186304148756813e-10
-9.924217298444242344e-03,-2.650232096820952437e-11,-2.650232096820952437e-11,-2.650232096820952114e-11,6.682146604903569974e-10
-1.087982652768628919e-02,-1.503213054861648081e-10,-1.503213054861648081e-10,-1.503213054861647564e-10,3.572413468226080180e-09
-1.169812301026985912e-02,-8.363456062716868478e-11,-8.363456062716868478e-11,-8.363456062716868478e-11,1.987238533779500014e-09
-1.235422254924345084e-02,-3.092096661647470411e-10,-3.092096661647470411e-10,-3.092096661647471445e-10,6.922367851299310169e-09
-1.298336474103668585e-02,-2.591108741284425614e-10,-2.591108741284425614e-10,-2.591108741284424580e-10,5.686471670499338231e-09
-1.384555452045192411e-02,-3.738754853393510049e-10,-3.738754853393510049e-10,-3.738754853393509532e-10,7.899392075926196401e-09
-1.524775752078195469e-02,-4.738361658242841023e-10,-4.738361658242841023e-10,-4.738361658242839989e-10,9.613881472718669734e-09
-1.749075584949124490e-02,-1.880813623974771213e-10,-1.880813623974771213e-10,-1.880813623974771213e-10,3.481204371374851272e-09
-2.080438327329395959e-02,-3.257079586506115982e-10,-3.257079586506115982e-10,-3.257079586506115982e-10,5.592102755929088564e-09
-2.524058328167328238e-02,4.869987152389333299e-10,4.869987152389333299e-10,4.869987152389332265e-10,-1.052558209624033033e-08
-3.047835340957849928e-02,9.108294622904448360e-10,9.108294622904448360e-10,9.108294622904444225e-10,-1.895338855591240742e-08
-3.556315479900701293e-02,2.106082218892750295e-09,2.106082218892750295e-09,2.106082218892751123e-09,-4.096445458475478146e-08
-3.907919889305091349e-02,3.868021201891769937e-09,3.868021201891769937e-09,3.868021201891769937e-09,-7.217716413162223412e-08
-4.029370883471266457e-02,5.116082689526310232e-09,5.116082689526310232e-09,5.116082689526310232e-09,-9.349456335368982444e-08
-4.026972585738614052e-02,7.887035548245661093e-09,7.887035548245661093e-09,7.887035548245662747e-09,-1.420914676803318322e-07
-4.086999635558542093e-02,8.507944488602127457e-09,8.507944488602127457e-09,8.507944488602127457e-09,-1.540384282440290375e-07
-4.210849045144988284e-02,9.557124144671509141e-09,9.557124144671509141e-09,9.557124144671507487e-09,-1.767757186040563883e-07
-4.139640088037220556e-02,8.062661781705837522e-09,8.062661781705837522e-09,8.062661781705835867e-09,-1.533771423924257817e-07
-3.605863121907779134e-02,3.686536157737786990e-09,3.686536157737786990e-09,3.686536157737786990e-09,-6.589698293425998851e-08
-2.588556993472886092e-02,-1.925283797279536726e-09,-1.925283797279536726e-09,-1.925283797279536726e-09,6.432577128360715099e-08
-1.297328059219460435e-02,-1.253663744611120169e-08,-1.253663744611120169e-08,-1.253663744611120004e-08,3.599329763507490544e-07
-2.896018745459203088e-05,-2.260489155004136955e-08,-2.260489155004136955e-08,-2.260489155004136624e-08,7.151688273159555160e-07
1.077478324818493920e-02,-3.487097595227667549e-08,-3.487097595227667549e-08,-3.487097595227667549e-08,1.264680489352994621e-06
1.807923681504568919e-02,-4.464386917109786331e-08,-4.464386917109786331e-08,-4.464386917109785670e-08,1.911588746702630860e-06
2.134694347146721960e-02,-4.982705671900770716e-08,-4.982705671900770716e-08,-4.982705671900768731e-08,2.588212162141326515e-06
2.090194145410168708e-02,-5.034529949119225331e-08,-5.034529949119225331e-08,-5.034529949119226655e-08,3.290736710582416964e-06
1.791985655639937933e-02,-4.370628647793059105e-08,-4.370628647793059105e-08,-4.370628647793059767e-08,3.587426908932658598e-06
1.404780478784299451e-02,-3.587521991625269374e-08,-3.587521991625269374e-08,-3.587521991625269374e-08,3.454730693285145587e-06
1.069664677442333164e-02,-3.307550716032824536e-08,-3.307550716032824536e-08,-3.307550716032823213e-08,2.207808250298437579e-06
8.612607148485249692e-03,-4.805559333765913252e-08,-4.805559333765913252e-08,-4.805559333765913252e-08,-5.143723178754089284e-07
7.996279826790899867e-03,-9.492623618753232186e-08,-9.492623618753232186e-08,-9.492623618753232186e-08,-5.221746390427230134e-06
8.838963419495266677e-03,-1.928043553309352972e-07,-1.928043553309352972e-07,-1.928043553309353237e-07,-1.272368022749763715e-05
1.103953738751833023e-02,-3.479752816507407423e-07,-3.479752816507407423e-07,-3.479752816507407423e-07,-2.279660314129488673e-05
1.424388041117051126e-02,-5.713267837779566675e-07,-5.713267837779566675e-07,-5.713267837779566675e-07,-3.591076488904912552e-05
1.778551612951959071e-02,-8.364676938397485377e-07,-8.364676938397485377e-07,-8.364676938397485377e-07,-5.055135616923863112e-05
2.088369239080722570e-02,-1.096665179208231636e-06,-1.096665179208231636e-06,-1.096665179208231636e-06,-6.484750001961212505e-05
2.303783076402897423e-02,-1.258030862831791648e-06,-1.258030862831791648e-06,-1.258030862831791436e-06,-7.519626726517725061e-05
2.430893527233863802e-02,-1.137029604785601569e-06,-1.137029604785601569e-06,-1.137029604785601569e-06,-7.502466876580031170e-05
2.505382874399087259e-02,-5.214730786083783095e-07,-5.214730786083783095e-07,-5.214730786083786271e-07,-5.740788481870102934e-05
2.551382134531683665e-02,9.454555808536182092e-07,9.454555808536182092e-07,9.454555808536179974e-07,-1.067535602168710881e-05
2.575813249630234600e-02,3.600378998214912715e-06,3.600378998214912715e-06,3.600378998214913562e-06,7.568073571714421007e-05
2.576012952935159694e-02,7.806078095635792620e-06,7.806078095635792620e-06,7.806078095635790926e-06,2.135205715782172674e-04
2.542869565301289492e-02,1.380046053124940326e-05,1.380046053124940326e-05,1.380046053124939649e-05,4.115025386773351647e-04
2.464191845577362941e-02,2.142654283579648310e-05,2.142654283579648310e-05,2.142654283579647971e-05,6.679828395356258216e-04
2.330799060885070315e-02,3.012196515486966587e-05,3.012196515486966587e-05,3.012196515486966926e-05,9.714602440603046802e-04
2.145451336030538766e-02,3.826759470256466415e-05,3.826759470256466415e-05,3.826759470256466415e-05,1.282124237081690805e-03
1.928951536371156100e-02,4.325557769640361129e-05,4.325557769640361129e-05,4.325557769640361806e-05,1.533831626203556280e-03
1.713176121306432889e-02,4.094577391532283362e-05,4.094577391532283362e-05,4.094577391532282684e-05,1.616451531318101147e-03
1.523324471996424789e-02,2.565417860727923368e-05,2.565417860727923368e-05,2.565417860727924385e-05,1.371699920611065123e-03
1.366230270109446143e-02,-9.285270557926104834e-06,-9.285270557926104834e-06,-9.285270557926106528e-06,5.998742233575383260e-04
1.235582100346776027e-02,-7.131675248465265207e-05,-7.131675248465265207e-05,-7.131675248465265207e-05,-9.453096586761813858e-04
1.125892500545509767e-02,-1.662121635460375800e-04,-1.662121635460375800e-04,-1.662121635460375257e-04,-3.504280276615920949e-03
1.039264413759226346e-02,-2.965821549384626003e-04,-2.965821549384626003e-04,-2.965821549384626003e-04,-7.281615563240558323e-03
9.823608495238615040e-03,-4.580002916511882456e-04,-4.580002916511882456e-04,-4.580002916511882456e-04,-1.234199941959260305e-02
9.637067692453883325e-03,-6.351067102673468639e-04,-6.351067102673468639e-04,-6.351067102673468639e-04,-1.848830178504259555e-02
9.951213751408605895e-03,-7.979670159932370204e-04,-7.979670159932370204e-04,-7.979670159932369120e-04,-2.511804648634522949e-02
1.090039575541240126e-02,-8.964462406468557028e-04,-8.964462406468557028e-04,-8.964462406468554859e-04,-3.099421965742062482e-02
1.253689463687005477e-02,-8.597619542510708587e-04,-8.597619542510708587e-04,-8.597619542510710755e-04,-3.410156829116382099e-02
1.474756657677950625e-02,-5.957522361850115010e-04,-5.957522361850115010e-04,-5.957522361850115010e-04,-3.143581942658141282e-02
1.734009912688855640e-02,1.444466771895466665e-06,1.444466771895466665e-06,1.444466771895537604e-06,-1.898554325297915207e-02
2.025767761635255057e-02,1.037534887230564303e-03,1.037534887230564303e-03,1.037534887230564303e-03,8.114749386325299102e-03
2.366173137231976711e-02,2.595288660484462110e-03,2.595288660484462110e-03,2.595288660484462110e-03,5.514584403744623303e-02
2.773617135861442332e-02,4.693683479565130372e-03,4.693683479565130372e-03,4.693683479565131239e-03,1.267442939047987438e-01
3.238221298993498865e-02,7.240849654321541116e-03,7.240849654321541116e-03,7.240849654321540249e-03,2.254110816364641168e-01
3.707100550581711451e-02,9.968449345054265429e-03,9.968449345054265429e-03,9.968449345054263694e-03,3.490243612977563248e-01
4.091578850671168804e-02,1.237438570469030427e-02,1.237438570469030427e-02,1.237438570469030948e-02,4.877267572128026196e-01
4.279733249868777900e-02,1.369163023995912006e-02,1.369163023995912006e-02,1.369163023995912006e-02,6.200709753759888754e-01
4.148360571820834675e-02,1.291543346364424326e-02,1.291543346364424326e-02,1.291543346364424326e-02,7.087285198140311770e-01
3.586648062344521132e-02,8.941526578377802237e-03,8.941526578377802237e-03,8.941526578377800502e-03,6.970048249459784850e-01
2.528621373856591512e-02,8.146630818411991579e-04,8.146630818411991579e-04,8.146630818412004590e-04,5.065985480636011618e-01
9.811106398995180639e-03,-1.188687115509187188e-02,-1.188687115509187188e-02,-1.188687115509187188e-02,3.950294700703593093e-02
-9.570827307775505235e-03,-2.858504069152859733e-02,-2.858504069152859733e-02,-2.858504069152859040e-02,-8.142958162116088472e-01
-3.071236345062532472e-02,-4.720498836592010306e-02,-4.720498836592010306e-02,-4.720498836592010306e-02,-2.159920118236981157e+00
-5.001027055957032313e-02,-6.377426847812139865e-02,-6.377426847812139865e-02,-6.377426847812139865e-02,-4.067699516507114588e+00
-6.232417122451576474e-02,-7.246345380827341753e-02,-7.246345380827341753e-02,-7.246345380827343141e-02,-6.528697825992770376e+00
-6.157732548103836412e-02,-6.658010758619040126e-02,-6.658010758619040126e-02,-6.658010758619038738e-02,-9.392165316351777093e+00
-4.281659233483765120e-02,-4.113826071440013915e-02,-4.113826071440013915e-02,-4.113826071440011833e-02,-1.228789311769187087e+01
-6.170028632265781542e-03,2.895626051627947246e-03,2.895626051627947246e-03,2.895626051627943776e-03,-1.453924299219467287e+01
3.819487150151875537e-02,5.378633913520202564e-02,5.378633913520202564e-02,5.378633913520201870e-02,-1.507942284837105262e+01
6.692077063526352676e-02,8.639596120327638906e-02,8.639596120327638906e-02,8.639596120327640294e-02,-1.239436089104364314e+01
4.632788137712812865e-02,6.565074089688201220e-02,6.565074089688201220e-02,6.565074089688202608e-02,-4.532056268242923736e+00
-5.531118172945879291e-02,-4.084138792173944155e-02,-4.084138792173944155e-02,-4.084138792173944155e-02,1.076778179172143979e+01
-2.477640056248060774e-01,-2.425468672266105907e-01,-2.425468672266105907e-01,-2.425468672266105352e-01,3.576991040211522233e+01
-5.012768187085238081e-01,-5.078536443205972084e-01,-5.078536443205972084e-01,-5.078536443205972084e-01,7.219943335244776961e+01
-7.482061393147053652e-01,-7.650888725293365500e-01,-7.650888725293365500e-01,-7.650888725293365500e-01,1.203977951824541464e+02
-9.142572385687049996e-01,-9.347007593266536407e-01,-9.347007593266536407e-01,-9.347007593266539738e-01,1.783400716124648113e+02
-9.626535414077482811e-01,-9.773826254122571777e-01,-9.773826254122571777e-01,-9.773826254122569557e-01,2.414956499409652508e+02
-9.095720040612950141e-01,-9.134118380781971469e-01,-9.134118380781971469e-01,-9.134118380781968138e-01,3.045316339034000066e+02
-7.927140077849031963e-01,-7.881721790028821673e-01,-7.881721790028821673e-01,-7.881721790028821673e-01,3.635586716591424192e+02
-6.295205607404218417e-01,-6.227827141887023465e-01,-6.227827141887023465e-01,-6.227827141887023465e-01,4.167254309621057473e+02
-4.120611987521757280e-01,-4.076117869661957660e-01,-4.076117869661957660e-01,-4.076117869661957105e-01,4.635103026506246238e+02
-1.396009880290623451e-01,-1.394371523479067676e-01,-1.394371523479067676e-01,-1.394371523479067398e-01,5.040783758346625518e+02
1.541470806963752271e-01,1.491196695360884894e-01,1.491196695360884894e-01,1.491196695360884894e-01,5.387545603404231542e+02
4.121884169194438008e-01,4.020682506367515008e-01,4.020682506367515008e-01,4.020682506367513898e-01,5.676847020949364833e+02
5.885595305371482677e-01,5.749186624937138168e-01,5.749186624937138168e-01,5.749186624937138168e-01,5.911485047205966339e+02
6.696866743636940011e-01,6.549284253149968427e-01,6.549284253149968427e-01,6.549284253149968427e-01,6.100814288290765717e+02
6.705261262618473772e-01,6.566431380150902219e-01,6.566431380150902219e-01,6.566431380150902219e-01,6.259385057146677127e+02
6.175235713256591596e-01,6.055535352186413034e-01,6.055535352186413034e-01,6.055535352186413034e-01,6.400228546885772403e+02
5.336541228984794660e-01,5.239525109848311990e-01,5.239525109848311990e-01,5.239525109848310880e-01,6.531102431446963692e+02
4.330234994853257025e-01,4.256679998944007393e-01,4.256679998944007393e-01,4.256679998944006837e-01,6.655792826354246472e+02
3.235474098652005304e-01,3.184925904478280168e-01,3.184925904478280168e-01,3.184925904478279612e-01,6.775848393703194006e+02
2.117889054976176966e-01,2.088929547838216938e-01,2.088929547838216938e-01,2.088929547838216383e-01,6.890575150268208517e+02
1.059611448761181435e-01,1.050428566526992874e-01,1.050428566526992874e-01,1.050428566526993568e-01,6.996948287889129006e+02
1.615207310079061487e-02,1.702693554239387633e-02,1.702693554239387633e-02,1.702693554239381041e-02,7.090319093986380494e+02
-4.829104094835540151e-02,-4.584629494937831479e-02,-4.584629494937831479e-02,-4.584629494937839805e-02,7.165310004174560845e+02
-8.239655794110534170e-02,-7.868687818739739104e-02,-7.868687818739739104e-02,-7.868687818739740492e-02,7.216604055635314126e+02
-8.721054882252234075e-02,-8.262278763105591894e-02,-8.262278763105591894e-02,-8.262278763105597446e-02,7.239763873842390467e+02
-6.896056361612173946e-02,-6.393991536167782652e-02,-6.393991536167782652e-02,-6.393991536167782652e-02,7.232052018095661197e+02
-3.744538427103252104e-02,-3.247885209776253668e-02,-3.247885209776253668e-02,-3.247885209776255055e-02,7.193008548543419920e+02
-4.295555517966558913e-03,1.104765243668327416e-04,1.104765243668327416e-04,1.104765243667430916e-04,7.124622764190022508e+02
1.990858479706079931e-02,2.329341814806820676e-02,2.329341814806820676e-02,2.329341814806821023e-02,7.031098159279567881e+02
2.909499720328133712e-02,3.113557282140715435e-02,3.113557282140715435e-02,3.113557282140717863e-02,6.918204667870422782e+02
2.247953994229729552e-02,2.305744969510506448e-02,2.305744969510506448e-02,2.305744969510502979e-02,6.792357421206488652e+02
2.203987070274745358e-03,1.426406043066071831e-03,1.426406043066071831e-03,1.426406043066060338e-03,6.659845458966605065e+02
-2.823717750694376000e-02,-3.007222989884217323e-02,-3.007222989884217323e-02,-3.007222989884216630e-02,6.526472439383634310e+02
-6.375104883279668344e-02,-6.624259640254419323e-02,-6.624259640254419323e-02,-6.624259640254420711e-02,6.397346440927333333e+02
-9.891569814057833698e-02,-1.016454181693138836e-01,-1.016454181693138836e-01,-1.016454181693138975e-01,6.276566011438198984e+02
-1.304525354966314943e-01,-1.330272430509882031e-01,-1.330272430509882031e-01,-1.330272430509882309e-01,6.167007881644118470e+02
-1.568885230588114021e-01,-1.589745573432197745e-01,-1.589745573432197745e-01,-1.589745573432197745e-01,6.070412453615243749e+02
-1.765800813471322950e-01,-1.779577654909254014e-01,-1.779577654909254014e-01,-1.779577654909253737e-01,5.987598492526230984e+02
-1.884897987505174954e-01,-1.890923452104797398e-01,-1.890923452104797398e-01,-1.890923452104797675e-01,5.918591655568999386e+02
-1.940497914100106636e-01,-1.939487527206106010e-01,-1.939487527206106010e-01,-1.939487527206106010e-01,5.862693019020683778e+02
-1.960590674130200106e-01,-1.954153195491470651e-01,-1.954153195491470651e-01,-1.954153195491470096e-01,5.818677932989411374e+02
-1.966018399872817568e-01,-1.956230830817543842e-01,-1.956230830817543842e-01,-1.956230830817543842e-01,5.785218347760827555e+02
-1.971270863833396170e-01,-1.960350147368890572e-01,-1.960350147368890572e-01,-1.960350147368890572e-01,5.761254028871330775e+02
-1.987460098649236340e-01,-1.977345283710020551e-01,-1.977345283710020551e-01,-1.977345283710020551e-01,5.746038445250991344e+02
-2.016581418702254325e-01,-2.008542852511094878e-01,-2.008542852511094878e-01,-2.008542852511094323e-01,5.739029445211953089e+02
-2.058280904133812372e-01,-2.052851091001046124e-01,-2.052851091001046124e-01,-2.052851091001046124e-01,5.739796358406686068e+02
-2.122886977202481096e-01,-2.120052464093491740e-01,-2.120052464093491740e-01,-2.120052464093491740e-01,5.747982838308034843e+02
-2.231992282061899258e-01,-2.231340138428448971e-01,-2.231340138428448971e-01,-2.231340138428448416e-01,5.763358480540248365e+02
-2.411258975501059110e-01,-2.412074740805256468e-01,-2.412074740805256468e-01,-2.412074740805256468e-01,5.785806244084674290e+02
-2.678034236069122831e-01,-2.679561876872468273e-01,-2.679561876872468273e-01,-2.679561876872467718e-01,5.815259664346536965e+02
-3.024647992525499318e-01,-3.026472355799119662e-01,-3.026472355799119662e-01,-3.026472355799119662e-01,5.851750755807139512e+02
-3.416510912577864212e-01,-3.418772435290832190e-01,-3.418772435290832190e-01,-3.418772435290832745e-01,5.895435455677263690e+02
-3.815156724388259479e-01,-3.818356628270980768e-01,-3.818356628270980768e-01,-3.818356628270980213e-01,5.946448620855534273e+02
-4.201579271564443996e-01,-4.206033913421907133e-01,-4.206033913421907133e-01,-4.206033913421907133e-01,6.004686514428977944e+02
-4.573271726605481202e-01,-4.578619909996181070e-01,-4.578619909996181070e-01,-4.578619909996182180e-01,6.069710127196553913e+02
-4.916960021462820629e-01,-4.922186738033358377e-01,-4.922186738033358377e-01,-4.922186738033357267e-01,6.140762473781594508e+02
-5.184296505050182136e-01,-5.188314285702149142e-01,-5.188314285702149142e-01,-5.188314285702149142e-01,6.216772845197596098e+02
-5.306439776668115949e-01,-5.308695705560654288e-01,-5.308695705560654288e-01,-5.308695705560653177e-01,6.296520538226867529e+02
-5.239175420874665479e-01,-5.239740518119024859e-01,-5.239740518119024859e-01,-5.239740518119024859e-01,6.378986824915450597e+02
-4.985855482268544137e-01,-4.985094647474547780e-01,-4.985094647474547780e-01,-4.985094647474548890e-01,6.463464997767403020e+02
-4.585178163355658754e-01,-4.583427261449125045e-01,-4.583427261449125045e-01,-4.583427261449122825e-01,6.549307021560216526e+02
-4.093395490722197549e-01,-4.090771886393106960e-01,-4.090771886393106960e-01,-4.090771886393105849e-01,6.635688261602897455e+02
-3.571931404371410101e-01,-3.568153919028145826e-01,-3.568153919028145826e-01,-3.568153919028146936e-01,6.721665218650574616e+02
-3.076109194125971613e-01,-3.070308701641654703e-01,-3.070308701641654703e-01,-3.070308701641654148e-01,6.806391856903404687e+02
-2.646971373468913757e-01,-2.637712333467495118e-01,-2.637712333467495118e-01,-2.637712333467495673e-01,6.889209424195112206e+02
-2.307570599549833845e-01,-2.293140696137787315e-01,-2.293140696137787315e-01,-2.293140696137787315e-01,6.969626022391147444e+02
-2.062687536259844023e-01,-2.041512660642489652e-01,-2.041512660642489652e-01,-2.041512660642490484e-01,7.047351221934909518e+02
-1.902961488083963482e-01,-1.874315572421491882e-01,-1.874315572421491882e-01,-1.874315572421492160e-01,7.122303941430349141e+02
-1.811499593836080613e-01,-1.776279273708017692e-01,-1.776279273708017692e-01,-1.776279273708017692e-01,7.194574256386285924e+02
-1.767816715391276328e-01,-1.728421348194270346e-01,-1.728421348194270346e-01,-1.728421348194270069e-01,7.264453061769145279e+02
-1.747823656121216818e-01,-1.707115193845153700e-01,-1.707115193845153700e-01,-1.707115193845153145e-01,7.332341132803239816e+02
-1.721863192011777732e-01,-1.682136789140732391e-01,-1.682136789140732391e-01,-1.682136789140731836e-01,7.398424792482375096e+02
-1.655584154829095878e-01,-1.617900225087233190e-01,-1.617900225087233190e-01,-1.617900225087234301e-01,7.462381940953374624e+02
-1.517592755419019668e-01,-1.481493074936111598e-01,-1.481493074936111598e-01,-1.481493074936113263e-01,7.523267447300607955e+02
-1.287372991842778980e-01,-1.251171293339701784e-01,-1.251171293339701784e-01,-1.251171293339704838e-01,7.579603012042563250e+02
-9.553472840648323527e-02,-9.169135392902057202e-02,-9.169135392902057202e-02,-9.169135392902062753e-02,7.629664256094732764e+02
-5.174673903678642106e-02,-4.750686047297604520e-02,-4.750686047297604520e-02,-4.750686047297578152e-02,7.671741858532227525e+02
2.965949802102215219e-03,7.690216599653627687e-03,7.690216599653627687e-03,7.690216599653331916e-03,7.704179281333841800e+02
6.892578516157743529e-02,7.414115028652584760e-02,7.414115028652584760e-02,7.414115028652593087e-02,7.725273149137001383e+02
1.461069739090201380e-01,1.517710869032037058e-01,1.517710869032037058e-01,1.517710869032034837e-01,7.733245061916704799e+02
2.341278042456834685e-01,2.401884117730231916e-01,2.401884117730231916e-01,2.401884117730228307e-01,7.726245318986487973e+02
3.328846532154801086e-01,3.393205049198764756e-01,3.393205049198764756e-01,3.393205049198763645e-01,7.702179007606189316e+02
4.430268375355327914e-01,4.498903643149991249e-01,4.498903643149991249e-01,4.498903643149992360e-01,7.658455882360823352e+02
5.656949608866083112e-01,5.731462801149037611e-01,5.731462801149037611e-01,5.731462801149037611e-01,7.591891388085057315e+02
7.021889730335513224e-01,7.104908753053298387e-01,7.104908753053298387e-01,7.104908753053298387e-01,7.498605241274725586e+02
8.542592325250228935e-01,8.637146882569604056e-01,8.637146882569604056e-01,8.637146882569598505e-01,7.373723624464082604e+02
1.024516810710471404e+00,1.035352681651487083e+00,1.035352681651487083e+00,1.035352681651487305e+00,7.211222364629697950e+02
1.215803526553916658e+00,1.228014120628590611e+00,1.228014120628590611e+00,1.228014120628590611e+00,7.004241661305856042e+02
1.429166689327699080e+00,1.442395737945587619e+00,1.442395737945587619e+00,1.442395737945587397e+00,6.745766896383562425e+02
1.661071090590977350e+00,1.674673739921223703e+00,1.674673739921223703e+00,1.674673739921223259e+00,6.429642928096923242e+02
1.900675980790801134e+00,1.913990335615044724e+00,1.913990335615044724e+00,1.913990335615044724e+00,6.051851528283730204e+02
2.128729548219534529e+00,2.141418907473891409e+00,2.141418907473891409e+00,2.141418907473890521e+00,5.611842370625503236e+02
2.319778275693133551e+00,2.332187872348632229e+00,2.332187872348632229e+00,2.332187872348632673e+00,5.113684344130168711e+02
2.447328170966396321e+00,2.460905757917770664e+00,2.460905757917770664e+00,2.460905757917770220e+00,4.566583670879947476e+02
2.490068269596538819e+00,2.507574745469216104e+00,2.507574745469216104e+00,2.507574745469215660e+00,3.984684186277139020e+02
2.437473770875683510e+00,2.462385844391036471e+00,2.462385844391036471e+00,2.462385844391036471e+00,3.386420838094344958e+02
2.293170494357990474e+00,2.328076632082451525e+00,2.328076632082451525e+00,2.328076632082451081e+00,2.793323639610179043e+02
2.073829228968381067e+00,2.118707659098376439e+00,2.118707659098376439e+00,2.118707659098376439e+00,2.227971046014372121e+02
1.802356185840523484e+00,1.854543006869892041e+00,1.854543006869892041e+00,1.854543006869892041e+00,1.710967215178542915e+02
1.499448188700903462e+00,1.555778424639358226e+00,1.555778424639358226e+00,1.555778424639358004e+00,1.257737360134217255e+02
1.180866924859399036e+00,1.239437064804646438e+00,1.239437064804646438e+00,1.239437064804646438e+00,8.767930736283294380e+01
8.611539662038526499e-01,9.206226186563917224e-01,9.206226186563917224e-01,9.206226186563917224e-01,5.700566146283440361e+01
5.572458127738494360e-01,6.154614555981849922e-01,6.154614555981849922e-01,6.154614555981851032e-01,3.343202037128905602e+01
2.885724174445306600e-01,3.427389677588799088e-01,3.427389677588799088e-01,3.427389677588798533e-01,1.629186297235380465e+01
7.444593405881327897e-02,1.219202949934223013e-01,1.219202949934223013e-01,1.219202949934223013e-01,4.707789027676483329e+00
-7.174511902253974394e-02,-3.343291163975391916e-02,-3.343291163975391916e-02,-3.343291163975392610e-02,-2.335111984038800159e+00
-1.488675836186002244e-01,-1.222035602308851471e-01,-1.222035602308851471e-01,-1.222035602308851471e-01,-5.926791747841869018e+00
-1.687680757612779747e-01,-1.555807586523118846e-01,-1.555807586523118846e-01,-1.555807586523119124e-01,-7.122453809896755139e+00
-1.507944967578213336e-01,-1.510100709105464123e-01,-1.510100709105464123e-01,-1.510100709105463845e-01,-6.829397142183771585e+00
-1.147193730829064451e-01,-1.258066289062653442e-01,-1.258066289062653442e-01,-1.258066289062653165e-01,-5.750662126206971259e+00
-7.576558800612880062e-02,-9.345146179632306260e-02,-9.345146179632306260e-02,-9.345146179632306260e-02,-4.381570232494157224e+00
-4.285695518921615182e-02,-6.256823714164075345e-02,-6.256823714164075345e-02,-6.256823714164076733e-02,-3.035613867245245956e+00
-1.930343502558830998e-02,-3.750662507682834407e-02,-3.750662507682834407e-02,-3.750662507682834407e-02,-1.883281160031606172e+00
-4.597385909021276494e-03,-1.952595881739910624e-02,-1.952595881739910624e-02,-1.952595881739910624e-02,-9.928253295151998614e-01
3.625063397805758370e-03,-8.020917808467838486e-03,-8.020917808467838486e-03,-8.020917808467840221e-03,-3.668370821708807350e-01
8.048413605402844964e-03,-1.540656379577496011e-03,-1.540656379577496011e-03,-1.540656379577496011e-03,2.876875051659986970e-02
1.079010050348184861e-02,1.505202780671253092e-03,1.505202780671253092e-03,1.505202780671252658e-03,2.437796411252648732e-01
1.310964055713024524e-02,2.469768533531037282e-03,2.469768533531037282e-03,2.469768533531037282e-03,3.300009667329779073e-01
1.546799393997805479e-02,2.344216931943100043e-03,2.344216931943100043e-03,2.344216931943100043e-03,3.333930372979188594e-01
1.776477291483756840e-02,1.777002202356582844e-03,1.777002202356582844e-03,1.777002202356582844e-03,2.904953540933599143e-01
1.970851612289581389e-02,1.145518954619217976e-03,1.145518954619217976e-03,1.145518954619217976e-03,2.277548157369262971e-01
2.109309988854477305e-02,6.337479500017463661e-04,6.337479500017463661e-04,6.337479500017466913e-04,1.624560494542590938e-01
2.178691911056639813e-02,3.011183994602164909e-04,3.011183994602164909e-04,3.011183994602163283e-04,1.045124811402473042e-01
2.168942102143129463e-02,1.360639977584581449e-04,1.360639977584581449e-04,1.360639977584581449e-04,5.842062161644718393e-02
2.087308847836219158e-02,9.439630222433070784e-05,9.439630222433070784e-05,9.439630222433070784e-05,2.507235107451556005e-02
1.964499531842113164e-02,1.239473367307590643e-04,1.239473367307590643e-04,1.239473367307590372e-04,3.256696760583720034e-03
1.841103025288952713e-02,1.793007122167922913e-04,1.793007122167922913e-04,1.793007122167922913e-04,-9.251887162365463393e-03
1.751621901402801440e-02,2.284390668125692433e-04,2.284390668125692433e-04,2.284390668125691349e-04,-1.492953431794853507e-02
1.710533015772773904e-02,2.540038515021850467e-04,2.540038515021850467e-04,2.540038515021849925e-04,-1.606581919909086734e-02
1.699729789907889962e-02,2.512912431220271255e-04,2.512912431220271255e-04,2.512912431220270713e-04,-1.453769477059957578e-02
1.683584820351215552e-02,2.241501616297226812e-04,2.241501616297226812e-04,2.241501616297227354e-04,-1.173915261163366135e-02
1.647993392435092436e-02,1.809074525061234000e-04,1.809074525061234000e-04,1.809074525061234271e-04,-8.615176239303344932e-03
1.608763700325041221e-02,1.307109619500130269e-04,1.307109619500130269e-04,1.307109619500130540e-04,-5.729325295455276953e-03
1.582950558685200168e-02,8.146036943809409911e-05,8.146036943809409911e-05,8.146036943809405846e-05,-3.363504208947308040e-03
1.575168690044135081e-02,3.871300302368804383e-05,3.871300302368804383e-05,3.871300302368805061e-05,-1.602990687561263667e-03
1.584326432782543273e-02,5.483601367171465604e-06,5.483601367171465604e-06,5.483601367171463910e-06,-4.133806906146586979e-04
1.604930179994606965e-02,-1.728480674222535331e-05,-1.728480674222535331e-05,-1.728480674222534653e-05,2.999169895766696375e-04
1.625524428706539085e-02,-3.031160237970316088e-05,-3.031160237970316088e-05,-3.031160237970315411e-05,6.546367752830505385e-04
1.632683245139026490e-02,-3.523738579733484228e-05,-3.523738579733484228e-05,-3.523738579733484905e-05,7.627569405594052760e-04
1.617076453365347624e-02,-3.422608518400824463e-05,-3.422608518400824463e-05,-3.422608518400824463e-05,7.202214140918203507e-04
1.575989131503286247e-02,-2.949589651651670578e-05,-2.949589651651670578e-05,-2.949589651651670578e-05,6.000340259616909625e-04
1.516630621216884071e-02,-2.298152333376696286e-05,-2.298152333376696286e-05,-2.298152333376696625e-05,4.528105845785227379e-04
1.465486723848512425e-02,-1.621007813615410782e-05,-1.621007813615410782e-05,-1.621007813615410782e-05,3.107277292895685222e-04
1.469302725224322370e-02,-1.012406608599745825e-05,-1.012406608599745825e-05,-1.012406608599745656e-05,1.902381557861685963e-04
1.572524300193341162e-02,-5.225372548354715299e-06,-5.225372548354715299e-06,-5.225372548354714452e-06,9.812154258940524094e-05
1.788626113828239300e-02,-1.637836357395936949e-06,-1.637836357395936949e-06,-1.637836357395936737e-06,3.395636957314911370e-05
2.089664615748185877e-02,7.232616671642539735e-07,7.232616671642539735e-07,7.232616671642539735e-07,-6.140351783371007007e-06
2.415306145462880680e-02,2.038600542685056436e-06,2.038600542685056436e-06,2.038600542685056436e-06,-2.742789971698434952e-05
2.695251452084356653e-02,2.563825030730169373e-06,2.563825030730169373e-06,2.563825030730169373e-06,-3.560328685578881508e-05
2.875903167129173835e-02,2.530171878091104945e-06,2.530171878091104945e-06,2.530171878091105369e-06,-3.527911229936286187e-05
2.938920482278026269e-02,2.171139408228806119e-06,2.171139408228806119e-06,2.171139408228806119e-06,-3.040005452482015183e-05
2.904501878650875626e-02,1.666193570017741740e-06,1.666193570017741740e-06,1.666193570017741528e-06,-2.361211489736288817e-05
2.812374501730735901e-02,1.146011181438367210e-06,1.146011181438367210e-06,1.146011181438367210e-06,-1.666608576199745149e-05
2.689557133521613963e-02,6.987063638578721928e-07,6.987063638578721928e-07,6.987063638578725104e-07,-1.061927467603050775e-05
2.539872142603575092e-02,3.550561591395058442e-07,3.550561591395058442e-07,3.550561591395058971e-07,-5.811267038197727796e-06
2.367655567874680372e-02,1.268068690679816002e-07,1.268068690679816002e-07,1.268068690679815737e-07,-2.399355999540752614e-06
2.196749291929790682e-02,-4.983552639554709646e-09,-4.983552639554709646e-09,-4.983552639554710473e-09,-1.743462578177200461e-07
2.042550309066075084e-02,-6.363604174376462728e-08,-6.363604174376462728e-08,-6.363604174376462728e-08,1.079267066386297581e-06
1.866875052378371216e-02,-7.427721655964799581e-08,-7.427721655964799581e-08,-7.427721655964800905e-08,1.617624922161571074e-06
1.581288480268632640e-02,-6.105961861544186691e-08,-6.105961861544186691e-08,-6.105961861544186691e-08,1.714364950218006339e-06
1.101105261878198606e-02,-3.850144735743293707e-08,-3.850144735743293707e-08,-3.850144735743293045e-08,1.521333876047086783e-06
4.105881444104301538e-03,-1.800430579300893928e-08,-1.800430579300893928e-08,-1.800430579300894259e-08,1.222475490043883265e-06
-3.922274626611471811e-03,-3.685870613826383078e-09,-3.685870613826383078e-09,-3.685870613826382665e-09,8.870657593987466194e-07
-1.099909047450082708e-02,3.572747320450053820e-09,3.572747320450053820e-09,3.572747320450052993e-09,5.818802291271686067e-07
-1.463958161154657253e-02,5.312954505858776068e-09,5.312954505858776068e-09,5.312954505858776068e-09,3.401393217250632195e-07
-1.297730662846047212e-02,3.719870208348372402e-09,3.719870208348372402e-09,3.719870208348372402e-09,1.532038608046587956e-07
-5.634916284134689098e-03,1.263420323728898298e-09,1.263420323728898298e-09,1.263420323728898712e-09,3.648030240518424881e-08
5.713678751061736054e-03,-1.082365610935483931e-09,-1.082365610935483931e-09,-1.082365610935483725e-09,-3.818943741325301085e-08
1.714704796378039436e-02,-2.401921327485698340e-09,-2.401921327485698340e-09,-2.401921327485699167e-09,-7.213451489362537193e-08
2.343028765397772023e-02,-2.763578023104203650e-09,-2.763578023104203650e-09,-2.763578023104203237e-09,-8.062451509184662457e-08
2.108240001799267446e-02,-2.598840783638052679e-09,-2.598840783638052679e-09,-2.598840783638052679e-09,-7.711463765698488560e-08
1.202411593295583600e-02,-1.978413613578422775e-09,-1.978413613578422775e-09,-1.978413613578422775e-09,-6.134203605902836872e-08
2.707831502460224856e-03,-1.478235239988164439e-09,-1.478235239988164439e-09,-1.478235239988164646e-09,-4.759781011959090043e-08
-1.931331863929063811e-03,-9.695359946266110740e-10,-9.695359946266110740e-10,-9.695359946266110740e-10,-3.141999613289625152e-08
-1.874914249600180246e-03,-6.118221546679946696e-10,-6.118221546679946696e-10,-6.118221546679945662e-10,-1.906717200289131703e-08
4.673740288405430193e-04,-3.504397252585273356e-10,-3.504397252585273356e-10,-3.504397252585273356e-10,-1.011225368537546791e-08
3.172932502325496572e-03,-9.799621033988759011e-11,-9.799621033988759011e-11,-9.799621033988759011e-11,-2.513778311333986417e-09
5.322659850525135114e-03,1.103865316387729028e-11,1.103865316387729028e-11,1.103865316387729352e-11,4.314868505122501591e-10
6.606620590015221256e-03,1.328519298252139979e-10,1.328519298252139979e-10,1.328519298252139979e-10,3.418819603421251547e-09
7.041046577783611343e-03,1.463685434526443722e-10,1.463685434526443722e-10,1.463685434526444239e-10,3.705342929374174970e-09
6.844387292085133377e-03,1.397937420348994653e-10,1.397937420348994653e-10,1.397937420348994395e-10,3.647201981779270988e-09
6.268641883440919521e-03,1.258090867312018949e-10,1.258090867312018949e-10,1.258090867312018949e-10,3.396680928910078811e-09
5.441998241136081563e-03,7.494772429906653164e-11,7.494772429906653164e-11,7.494772429906653164e-11,2.179266763735998567e-09
4.403504533816900331e-03,6.205836488391807058e-11,6.205836488391807058e-11,6.205836488391807058e-11,1.941331474701497824e-09
3.203180888480123591e-03,2.710879302418546719e-11,2.710879302418546719e-11,2.710879302418546719e-11,9.305898116636634609e-10
1.927583897954458477e-03,1.614034189222891174e-11,1.614034189222891174e-11,1.614034189222891174e-11,6.189666980451207149e-10
6.814382075125646710e-04,6.248365725109883672e-12,6.248365725109883672e-12,6.248365725109882864e-12,2.763487988947133164e-10
-4.337807777571872506e-04,-2.310119235301731797e-12,-2.310119235301731797e-12,-2.310119235301731797e-12,-1.042854635437608572e-10
-1.334199814755855987e-03,-3.778036471895810184e-13,-3.778036471895810184e-13,-3.778036471895810689e-13,-2.907480625930760754e-12
-1.962453166649562927e-03,-4.874988078599043166e-12,-4.874988078599043166e-12,-4.874988078599044781e-12,-2.765113046516200967e-10
-2.296362703248273126e-03,-1.982443073676119180e-12,-1.982443073676119180e-12,-1.982443073676119180e-12,-1.225058644569137510e-10
-2.347728736005040215e-03,-2.649367476058450099e-12,-2.649367476058450099e-12,-2.649367476058450503e-12,-1.716176272525592610e-10
-2.146906190796749134e-03,-2.030294106141470484e-12,-2.030294106141470484e-12,-2.030294106141470484e-12,-1.542545408903002003e-10
-1.731812027162436471e-03,-6.116612530454888360e-13,-6.116612530454888360e-13,-6.116612530454888360e-13,-4.095602147343563813e-11
-1.154133848621197948e-03,-1.399067927955360050e-12,-1.399067927955360050e-12,-1.399067927955360050e-12,-1.139037280191055673e-10
-4.914909054479940599e-04,1.236927545612111955e-13,1.236927545612111955e-13,1.236927545612111702e-13,9.690686475697032714e-12
1.536237952344906741e-04,-4.715615344330695929e-13,-4.715615344330695929e-13,-4.715615344330694919e-13,-3.873578577003639415e-11
6.712435248452328909e-04,7.812035357693517319e-15,7.812035357693517319e-15,7.812035357693517319e-15,-3.975150273855332118e-13
9.687797827301757210e-04,2.255918518883488894e-13,2.255918518883488894e-13,2.255918518883489399e-13,1.911418496115520232e-11
1.000331044246170233e-03,-1.822419467981438715e-13,-1.822419467981438715e-13,-1.822419467981439220e-13,-1.584249630895276023e-11
7.852602778630026533e-04,3.881048898699419519e-13,3.881048898699419519e-13,3.881048898699420024e-13,3.318536281687478406e-11
3.939258894639082278e-04,-1.234402658164046954e-13,-1.234402658164046954e-13,-1.234402658164047207e-13,-1.067747659406519187e-11
-8.490106060501642681e-05,1.892208972793547401e-13,1.892208972793547401e-13,1.892208972793547653e-13,1.583058982377276669e-11
-5.660781635225511010e-04,5.180749844776120300e-14,5.180749844776120300e-14,5.180749844776120300e-14,5.085058517856508721e-12
-9.766007235475283096e-04,-4.035005176202680757e-14,-4.035005176202680757e-14,-4.035005176202680757e-14,-4.273180090967551047e-12
-1.263509521715121741e-03,1.460045830396381758e-13,1.460045830396381758e-13,1.460045830396382011e-13,1.302951526388575380e-11
-1.408508973801341803e-03,-1.162749340732021027e-13,-1.162749340732021027e-13,-1.162749340732021027e-13,-9.981777385507161568e-12
-1.433027490650780767e-03,1.003761135832972048e-13,1.003761135832972048e-13,1.003761135832972048e-13,8.218037335221634467e-12
-1.374611664014353243e-03,-4.990002201449578286e-14,-4.990002201449578286e-14,-4.990002201449578917e-14,-3.711592813327205602e-12
-1.257310727307857801e-03,-8.873780031966035826e-15,-8.873780031966035826e-15,-8.873780031966038981e-15,-1.034858168414232776e-12
-1.093054878444182617e-03,3.952035008053000579e-14,3.952035008053000579e-14,3.952035008053000579e-14,3.368026313389115791e-12
-9.043194168796865866e-04,-7.015657186649180428e-14,-7.015657186649180428e-14,-7.015657186649179166e-14,-5.542424193269953247e-12
-7.310093907561167207e-04,5.899244412018864961e-14,5.899244412018864961e-14,5.899244412018863698e-14,4.516444354495615331e-12
-6.186412045983333535e-04,-4.843326004486535489e-14,-4.843326004486535489e-14,-4.843326004486536120e-14,-3.602777449884322209e-12
-6.108118792004724662e-04,1.592642043912057044e-14,1.592642043912057044e-14,1.592642043912057044e-14,1.152322674143549402e-12
-7.431380748374592131e-04,6.465737480150967155e-15,6.465737480150967155e-15,6.465737480150967155e-15,4.573087530196437102e-13
-1.018298052438311452e-03,-2.820216837861082856e-14,-2.820216837861082856e-14,-2.820216837861083487e-14,-1.923090911008818487e-12
-1.379992669329973849e-03,3.591956806339599451e-14,3.591956806339599451e-14,3.591956806339598189e-14,2.349863692380339314e-12
-1.730194231577115343e-03,-3.414191657281997012e-14,-3.414191657281997012e-14,-3.414191657281997012e-14,-2.135318820345609751e-12
-1.989089780903826720e-03,2.370022755741157638e-14,2.370022755741157638e-14,2.370022755741157954e-14,1.412662116379811266e-12
-2.137810958401558173e-03,-8.025973261058977076e-15,-8.025973261058977076e-15,-8.025973261058977076e-15,-4.490812695699852583e-13
-2.197578266150831787e-03,-5.892041390798824944e-15,-5.892041390798824944e-15,-5.892041390798826522e-15,-3.466187538560087277e-13
-2.184076818109178132e-03,1.667309035082825076e-14,1.667309035082825076e-14,1.667309035082825076e-14,9.244673946266243520e-13
-2.097588088932120405e-03,-1.978732214616214224e-14,-1.978732214616214224e-14,-1.978732214616213909e-14,-1.071285869396208409e-12
-1.940506447166559468e-03,1.769315840080287821e-14,1.769315840080287821e-14,1.769315840080288137e-14,9.451103292071758852e-13
-1.729034297166338364e-03,-1.073623772737875949e-14,-1.073623772737875949e-14,-1.073623772737875949e-14,-5.711117298663768137e-13
-1.491572051238752427e-03,2.887108509597364962e-15,2.887108509597364962e-15,2.887108509597366146e-15,1.553130943019193407e-13
-1.262427332776891323e-03,4.051917698795056184e-15,4.051917698795056184e-15,4.051917698795056184e-15,2.143756811509977013e-13
-1.084468207587153737e-03,-8.121743588008630550e-15,-8.121743588008630550e-15,-8.121743588008632128e-15,-4.359695714117950780e-13
-1.009593849621006614e-03,9.063556819240773326e-15,9.063556819240773326e-15,9.063556819240778060e-15,4.921527097358964447e-13
-1.072384279975282552e-03,-7.441807736454985841e-15,-7.441807736454985841e-15,-7.441807736454985841e-15,-4.078217853637382083e-13
-1.261798408493016712e-03,4.247700349581706419e-15,4.247700349581706419e-15,4.247700349581707208e-15,2.339786577764277372e-13
-1.538048959052537015e-03,-7.729128980622337313e-16,-7.729128980622337313e-16,-7.729128980622337313e-16,-4.272879168149116282e-14
-1.865772736431239691e-03,-2.166216314827127638e-15,-2.166216314827127638e-15,-2.166216314827127638e-15,-1.173385163132317727e-13
-2.218838966164661183e-03,3.890708842572315155e-15,3.890708842572315155e-15,3.890708842572315155e-15,2.068327401005844604e-13
-2.578524283159802904e-03,-4.317324988392679735e-15,-4.317324988392679735e-15,-4.317324988392681313e-15,-2.227462202911544833e-13
-2.936534699878320855e-03,3.542526199838357956e-15,3.542526199838357956e-15,3.542526199838358745e-15,1.755187200947492089e-13
-3.291425776107530406e-03,-2.002543056463794753e-15,-2.002543056463794753e-15,-2.002543056463795147e-15,-9.413395090869443735e-14
-3.645407584870999970e-03,1.808218605713823401e-16,1.808218605713823401e-16,1.808218605713823401e-16,6.952923390734817982e-15
-4.003169309337232910e-03,1.408215608568150044e-15,1.408215608568150044e-15,1.408215608568150044e-15,6.144886514876702641e-14
-4.368212766490366626e-03,-2.383771044987227838e-15,-2.383771044987227838e-15,-2.383771044987227444e-15,-9.755987300719954266e-14
-4.739773254160122712e-03,2.584792107059982415e-15,2.584792107059982415e-15,2.584792107059982809e-15,9.987106739224135583e-14
-5.107424582948888112e-03,-2.054704663389073838e-15,-2.054704663389073838e-15,-2.054704663389073838e-15,-7.515913495214170499e-14
-5.448485188922254016e-03,1.066989869497709614e-15,1.066989869497709614e-15,1.066989869497709614e-15,3.703112181302126724e-14
-5.739458820913801579e-03,6.903915082423106300e-17,6.903915082423106300e-17,6.903915082423107533e-17,2.335354343344359618e-15
-5.967528078377489116e-03,-9.865384717209660651e-16,-9.865384717209660651e-16,-9.865384717209662623e-16,-3.122975986660013303e-14
-6.127494297577395707e-03,1.509264575820822551e-15,1.509264575820822551e-15,1.509264575820822354e-15,4.576318958636455079e-14
-6.225699381001688869e-03,-1.520220280533546101e-15,-1.520220280533546101e-15,-1.520220280533546101e-15,-4.435240902662128842e-14
-6.296333576023865203e-03,1.132173278627754383e-15,1.132173278627754383e-15,1.132173278627754580e-15,3.198469897717235908e-14
-6.363957056221691312e-03,-5.135587289506240313e-16,-5.135587289506240313e-16,-5.135587289506240313e-16,-1.430320170271557544e-14
-6.343032554436625267e-03,-1.675793880024022789e-16,-1.675793880024022789e-16,-1.675793880024023036e-16,-3.891705831819832931e-15
-6.039714329956477785e-03,5.964719445206120402e-16,5.964719445206120402e-16,5.964719445206121388e-16,1.466372016330244621e-14
-5.333195118065335062e-03,-9.406645561531783216e-16,-9.406645561531783216e-16,-9.406645561531781244e-16,-2.280990307110267567e-14
-4.342364595581548956e-03,7.294786885574850164e-16,7.294786885574850164e-16,7.294786885574850164e-16,1.729012282000842631e-14
-3.435180071260729440e-03,-7.185088784063249753e-16,-7.185088784063249753e-16,-7.185088784063251725e-16,-1.659098867297355958e-14
-3.071073781539198060e-03,5.623280661108180525e-17,5.623280661108180525e-17,5.623280661108179293e-17,1.520465810499108349e-15
-3.496382425286371359e-03,-4.836090098970905450e-17,-4.836090098970905450e-17,-4.836090098970904217e-17,-1.203515837748144718e-15
-4.578377552727078310e-03,-5.463275749172323072e-16,-5.463275749172323072e-16,-5.463275749172322086e-16,-1.069049504079903935e-14
-6.041053722048011880e-03,4.744797408978252941e-16,4.744797408978252941e-16,4.744797408978252941e-16,8.881916284044784551e-15
-7.815433450068307378e-03,-3.081176123492219104e-16,-3.081176123492219104e-16,-3.081176123492218611e-16,-5.471457317971577161e-15
-1.014092863275288178e-02,9.078128904532111667e-16,9.078128904532111667e-16,9.078128904532109694e-16,1.531835180561553297e-14
-1.346371041637572062e-02,1.055739836277993423e-15,1.055739836277993423e-15,1.055739836277993225e-15,1.731270233610199238e-14
-1.824426272659530196e-02,1.931083929489751254e-15,1.931083929489751254e-15,1.931083929489752043e-15,2.988667151399312622e-14
-2.475245614653159842e-02,3.319671441840469191e-15,3.319671441840469191e-15,3.319671441840469979e-15,4.992727218227072393e-14
-3.287268340003594164e-02,3.953613915003696651e-15,3.953613915003696651e-15,3.953613915003695074e-15,5.709511749691770233e-14
-4.171601768668681959e-02,5.600343795793640525e-15,5.600343795793640525e-15,5.600343795793640525e-15,7.815368729305311631e-14
-4.926495320011015089e-02,5.709933104531510800e-15,5.709933104531510800e-15,5.709933104531511589e-15,7.719060085864125916e-14
-5.301603341671813630e-02,5.367853075286649259e-15,5.367853075286649259e-15,5.367853075286648470e-15,7.006529116675138128e-14
-5.176635914246452419e-02,2.779739588543665500e-15,2.779739588543665500e-15,2.779739588543665500e-15,3.545143105591620681e-14
-4.674879470534033798e-02,-3.111074530697741019e-15,-3.111074530697741019e-15,-3.111074530697741019e-15,-3.881694761994880236e-14
-4.064902689841751876e-02,-1.260540580632252434e-14,-1.260540580632252434e-14,-1.260540580632252434e-14,-1.553517681509913338e-13
-3.549128142242064660e-02,-2.737752078630800066e-14,-2.737752078630800066e-14,-2.737752078630799435e-14,-3.383478386663995673e-13
-3.122803625591460269e-02,-4.596534004062257372e-14,-4.596534004062257372e-14,-4.596534004062257372e-14,-5.781691453097536135e-13
-2.598994922554669421e-02,-6.747903438218844559e-14,-6.747903438218844559e-14,-6.747903438218844559e-14,-8.768390417346685264e-13
-1.785048957419638552e-02,-8.823348115718325334e-14,-8.823348115718325334e-14,-8.823348115718325334e-14,-1.202256852539129610e-12
-6.584533177969079630e-03,-1.033021329248713739e-13,-1.033021329248713739e-13,-1.033021329248714244e-13,-1.496767910364589526e-12
6.037458039857744596e-03,-1.069227008301395037e-13,-1.069227008301395037e-13,-1.069227008301395037e-13,-1.669793619432855130e-12
1.713682071135416707e-02,-9.225884594971151420e-14,-9.225884594971151420e-14,-9.225884594971152682e-14,-1.572636090874785035e-12
2.396946804563852840e-02,-5.418772175882832753e-14,-5.418772175882832753e-14,-5.418772175882834016e-14,-1.019188983008218072e-12
2.505506987610631175e-02,1.101652141895133873e-14,1.101652141895133873e-14,1.101652141895133715e-14,2.307867173722021428e-13
2.065268714600603656e-02,1.045892707744018339e-13,1.045892707744018339e-13,1.045892707744018086e-13,2.433550461949679859e-12
1.107592853335767451e-02,2.274738599101626782e-13,2.274738599101626782e-13,2.274738599101626782e-13,5.823200688788847217e-12
4.444500665723825558e-03,3.831817314171756845e-13,3.831817314171756845e-13,3.831817314171756340e-13,1.053833415721632484e-11
4.475860655094196679e-03,6.034522453678690510e-13,6.034522453678690510e-13,6.034522453678690510e-13,1.650069631618675737e-11
4.532021958140255297e-03,8.561091213054468413e-13,8.561091213054468413e-13,8.561091213054466393e-13,2.327401804182388702e-11
