# InvDyn,Takahashi,Zelik,Frigo,GRF
-4.285063551316458720e-04,5.956257434484237835e-18,5.956257434484237835e-18,5.956257434484238605e-18,-1.163087788061041166e-16
-5.429772831807036472e-04,4.367363545906962724e-18,4.367363545906962724e-18,4.367363545906963494e-18,-8.512312577597021062e-17
-7.620235839629491961e-04,2.917772527657528752e-18,2.917772527657528752e-18,2.917772527657528752e-18,-5.643730124529468265e-17
-1.074849622588082768e-03,1.725937165475039586e-18,1.725937165475039586e-18,1.725937165475039586e-18,-3.298109100241715982e-17
-1.467843443171794543e-03,8.282235208996405919e-19,8.282235208996405919e-19,8.282235208996405919e-19,-1.558814893783990870e-17
-1.902600831372967382e-03,2.081959312813449771e-19,2.081959312813449771e-19,2.081959312813449531e-19,-3.853479611743462576e-18
-2.312290841954848554e-03,-1.731168353179888783e-19,-1.731168353179888783e-19,-1.731168353179889023e-19,3.138091461550517146e-18
-2.630821029746832369e-03,-3.709563956964855746e-19,-3.709563956964855746e-19,-3.709563956964854783e-19,6.596912375283150076e-18
-2.831767431203525368e-03,-4.374093599273513243e-19,-4.374093599273513243e-19,-4.374093599273512280e-19,7.625092846563270531e-18
-2.936183287452676441e-03,-4.186256013762820401e-19,-4.186256013762820401e-19,-4.186256013762820401e-19,7.153518645746001872e-18
-2.992880632616113420e-03,-3.560106207062020574e-19,-3.560106207062020574e-19,-3.560106207062021537e-19,5.963860388834323211e-18
-3.058279576096073309e-03,-2.718662148874043513e-19,-2.718662148874043513e-19,-2.718662148874044476e-19,4.463690477147960289e-18
-3.200436401631501573e-03,-1.910749142649522085e-19,-1.910749142649522085e-19,-1.910749142649521604e-19,3.073365796677158142e-18
-3.508811345049199851e-03,-1.186384769856812836e-19,-1.186384769856812836e-19,-1.186384769856812595e-19,1.868342129864915557e-18
-4.035372575208763177e-03,-6.129769368956985536e-20,-6.129769368956985536e-20,-6.129769368956987943e-20,9.449926166077351504e-19
-4.707636628859458716e-03,-2.309693931859998007e-20,-2.309693931859998007e-20,-2.309693931859997706e-20,3.487302848272382347e-19
-5.370429444308399448e-03,6.916697344757049347e-21,6.916697344757049347e-21,6.916697344757050852e-21,-1.020437222142308601e-19
-5.937725517862042779e-03,1.704438020916012037e-20,1.704438020916012037e-20,1.704438020916012338e-20,-2.464643218741554609e-19
-6.452172238475064291e-03,2.651554832684803425e-20,2.651554832684803425e-20,2.651554832684803726e-20,-3.758326669851048135e-19
-6.991739334495486284e-03,2.550228904513734420e-20,2.550228904513734420e-20,2.550228904513734420e-20,-3.540361800620623663e-19
-7.568772202908280976e-03,1.991508571998973969e-20,1.991508571998973969e-20,1.991508571998973969e-20,-2.707790571223637131e-19
-8.112841422389865248e-03,2.185463818423276858e-20,2.185463818423276858e-20,2.185463818423276557e-20,-2.909646378935111288e-19
-8.488907558865544517e-03,7.116336647026812288e-21,7.116336647026812288e-21,7.116336647026812288e-21,-9.230342502797411860e-20
-8.555791725508665388e-03,1.349816662826015845e-20,1.349816662826015845e-20,1.349816662826016146e-20,-1.714294852217477499e-19
-8.281745419290491295e-03,1.618948256342339198e-21,1.618948256342339198e-21,1.618948256342338822e-21,-1.958014307465889244e-20
-7.767768687956636518e-03,7.109208393049730899e-22,7.109208393049730899e-22,7.109208393049730899e-22,-8.753745526362825505e-21
-7.117514307914315705e-03,6.770343512381236683e-21,6.770343512381236683e-21,6.770343512381236683e-21,-7.831984802405925563e-20
-6.363849410636486167e-03,-1.283188331751104377e-20,-1.283188331751104377e-20,-1.283188331751104377e-20,1.436980579797443293e-19
-5.615298573983715062e-03,1.321701936219869618e-20,1.321701936219869618e-20,1.321701936219869618e-20,-1.437893675418404734e-19
-5.263954103303480729e-03,-1.502258432425669993e-20,-1.502258432425669993e-20,-1.502258432425669391e-20,1.581039183561567381e-19
-5.998555787292875023e-03,5.047734873430446201e-21,5.047734873430446201e-21,5.047734873430446953e-21,-5.276554162400729217e-20
-8.632969628097833178e-03,4.096336847524870395e-21,4.096336847524870395e-21,4.096336847524871900e-21,-3.891438857541270993e-20
-1.385235507962966767e-02,-2.084589574391080557e-20,-2.084589574391080557e-20,-2.084589574391080256e-20,1.978491383605122091e-19
-2.181328276508955055e-02,3.216996259727551535e-20,3.216996259727551535e-20,3.216996259727551535e-20,-2.992226436456548731e-19
-3.171245572842109478e-02,-3.894981624519986655e-20,-3.894981624519986655e-20,-3.894981624519986655e-20,3.554513062698694453e-19
-4.178888662324141412e-02,3.234765622884108695e-20,3.234765622884108695e-20,3.234765622884107491e-20,-2.917895884631072583e-19
-5.002314902331494312e-02,-1.272551858325774012e-20,-1.272551858325774012e-20,-1.272551858325774012e-20,1.162590059923285056e-19
-5.516201852447875920e-02,-1.796654284646187529e-20,-1.796654284646187529e-20,-1.796654284646188131e-20,1.553369593919757934e-19
-5.713681986037615762e-02,5.136016361142879506e-20,5.136016361142879506e-20,5.136016361142879506e-20,-4.584646520291225686e-19
-5.624100241171860887e-02,-7.520988987820674032e-20,-7.520988987820674032e-20,-7.520988987820674032e-20,6.952562805373994532e-19
-5.193839508418539308e-02,7.922321292975439828e-20,7.922321292975439828e-20,7.922321292975438624e-20,-7.702747857377101768e-19
-4.287643836132592340e-02,-5.773822592209049434e-20,-5.773822592209049434e-20,-5.773822592209049434e-20,6.015548418005355599e-19
-2.814038505985061445e-02,1.527465749268180203e-20,1.527465749268180203e-20,1.527465749268179902e-20,-1.776289641165414896e-19
-8.367554883525862852e-03,3.614761187503861869e-20,3.614761187503861869e-20,3.614761187503862471e-20,-4.396770875534421430e-19
1.406734590127192187e-02,-7.931403110365825694e-20,-7.931403110365825694e-20,-7.931403110365825694e-20,1.095161933290743512e-18
3.552957772611223253e-02,9.898780327605245629e-20,9.898780327605245629e-20,9.898780327605248036e-20,-1.578486215051599802e-18
5.200607425071103462e-02,-8.759450449459861929e-20,-8.759450449459861929e-20,-8.759450449459864336e-20,1.669853562124943546e-18
6.044380717724643498e-02,5.025830610305943925e-20,5.025830610305943925e-20,5.025830610305945128e-20,-1.217920514715200527e-18
6.014570983634789231e-02,-4.743872956134884007e-21,-4.743872956134884007e-21,-4.743872956134882502e-21,2.099269971821779151e-19
5.321098792789867582e-02,-2.539872661075776420e-20,-2.539872661075776420e-20,-2.539872661075776420e-20,1.180440313016450399e-18
4.340105552117182880e-02,2.326293242698018491e-20,2.326293242698018491e-20,2.326293242698017889e-20,-2.594727754668738146e-18
3.414268957204411037e-02,9.847393495106687502e-21,9.847393495106687502e-21,9.847393495106693520e-21,3.556485029255992040e-18
2.714172678753962176e-02,-5.078584555123484870e-20,-5.078584555123484870e-20,-5.078584555123484870e-20,-3.596852439046843099e-18
2.239688281982581478e-02,6.189687787930795580e-20,6.189687787930795580e-20,6.189687787930795580e-20,2.418519991717762584e-18
1.912131532140377496e-02,-7.625400873514447623e-21,-7.625400873514447623e-21,-7.625400873514446118e-21,-4.937519096279852644e-20
1.655755897309785923e-02,-1.251161927895934409e-19,-1.251161927895934409e-19,-1.251161927895934409e-19,-3.066175703959304809e-18
1.426993640673456312e-02,3.105032766745925853e-19,3.105032766745925853e-19,3.105032766745925371e-19,6.091573941978944139e-18
1.208860446383671142e-02,-4.789890846673215971e-19,-4.789890846673215971e-19,-4.789890846673215971e-19,-7.963397099083523012e-18
9.950886570453168142e-03,5.306236762865058240e-19,5.306236762865058240e-19,5.306236762865057277e-19,7.685684570938222644e-18
7.856274684022560711e-03,-3.685024341179667904e-19,-3.685024341179667904e-19,-3.685024341179668867e-19,-4.691576002813370640e-18
5.914569847503356285e-03,-5.411501193483015393e-20,-5.411501193483015393e-20,-5.411501193483015393e-20,-8.305137784786792492e-19
4.270761587174598528e-03,6.882106770957750613e-19,6.882106770957750613e-19,6.882106770957749650e-19,7.768772439398707018e-18
2.957308952764450306e-03,-1.366837927001065799e-18,-1.366837927001065799e-18,-1.366837927001065992e-18,-1.418427751994958692e-17
1.900886616133394807e-03,1.826995193537120464e-18,1.826995193537120464e-18,1.826995193537120464e-18,1.771995305468801752e-17
1.071080450430448227e-03,-1.782132507484828460e-18,-1.782132507484828460e-18,-1.782132507484828075e-18,-1.627870072176672243e-17
5.395404528444625860e-04,1.031037192866924448e-18,1.031037192866924448e-18,1.031037192866924448e-18,8.821275898517986071e-18
3.732897049459292776e-04,4.282564167974244003e-19,4.282564167974244003e-19,4.282564167974244003e-19,3.952187425541115887e-18
5.486989572618735257e-04,-2.321616510208212627e-18,-2.321616510208212627e-18,-2.321616510208212627e-18,-1.930623329895117584e-17
9.789007646279863570e-04,4.103338937186944824e-18,4.103338937186944824e-18,4.103338937186944824e-18,3.277969026296576589e-17
1.570392624211721906e-03,-5.066977834502728322e-18,-5.066977834502728322e-18,-5.066977834502728322e-18,-3.918136078300492382e-17
2.246299866260831942e-03,4.553423907987192956e-18,4.553423907987192956e-18,4.553423907987192186e-18,3.414221185134952579e-17
2.942934195183975234e-03,-2.213587074712127423e-18,-2.213587074712127423e-18,-2.213587074712128194e-18,-1.586411189071235855e-17
3.600771966964188848e-03,-1.753842887990247180e-18,-1.753842887990247180e-18,-1.753842887990246795e-18,-1.347296866379230202e-17
4.164420888852373055e-03,6.489572843818412731e-18,6.489572843818412731e-18,6.489572843818412731e-18,4.723216886393250267e-17
4.605127268356436557e-03,-1.056573727376016215e-17,-1.056573727376016215e-17,-1.056573727376016215e-17,-7.521914339341241184e-17
4.959035677797939828e-03,1.231064587652436849e-17,1.231064587652436849e-17,1.231064587652436541e-17,8.607619380364846339e-17
5.319064094280843633e-03,-1.032336846198484311e-17,-1.032336846198484311e-17,-1.032336846198484311e-17,-7.081187138480648688e-17
5.736972427004030130e-03,4.058666463563400720e-18,4.058666463563400720e-18,4.058666463563399949e-18,2.660749770877310788e-17
6.160634808327208889e-03,5.699438013034152887e-18,5.699438013034152887e-18,5.699438013034154428e-18,4.031714001663732756e-17
6.513354148229857053e-03,-1.668054511748435313e-17,-1.668054511748435313e-17,-1.668054511748435005e-17,-1.140495743224970934e-16
6.798702989481372923e-03,2.544527794173719224e-17,2.544527794173719224e-17,2.544527794173719224e-17,1.714468957495375915e-16
7.113481302434692365e-03,-2.821628201314802421e-17,-2.821628201314802421e-17,-2.821628201314802421e-17,-1.878312351357072600e-16
7.569379628437939919e-03,2.209763305346632924e-17,2.209763305346632924e-17,2.209763305346633540e-17,1.449645728654498308e-16
8.193998228884384616e-03,-6.375303538406477515e-18,-6.375303538406477515e-18,-6.375303538406479056e-18,-3.927484507499282579e-17
8.915595166122503024e-03,-1.653169307068379059e-17,-1.653169307068379059e-17,-1.653169307068379059e-17,-1.124050575233513564e-16
9.621685832485637330e-03,4.090699041164334971e-17,4.090699041164334971e-17,4.090699041164334355e-17,2.723158745645566775e-16
1.021117931206671527e-02,-5.869017212686564047e-17,-5.869017212686564047e-17,-5.869017212686562815e-17,-3.882532643152006474e-16
1.061906924038480415e-02,6.163566637397700321e-17,6.163566637397700321e-17,6.163566637397700321e-17,4.069896109984502075e-16
1.083646899616958446e-02,-4.433314399862475385e-17,-4.433314399862475385e-17,-4.433314399862474769e-17,-2.921792848976438947e-16
1.093013585158701673e-02,7.183744818443686679e-18,7.183744818443686679e-18,7.183744818443683598e-18,4.199860786300080074e-17
1.103280055256564141e-02,4.197443485475331899e-17,4.197443485475331899e-17,4.197443485475331899e-17,2.995990300143649147e-16
1.129842292483826741e-02,-8.879066681625599347e-17,-8.879066681625599347e-17,-8.879066681625601812e-17,-6.438325390193744909e-16
1.181151604146121400e-02,1.163075950454477556e-16,1.163075950454477556e-16,1.163075950454477803e-16,8.736791441494704707e-16
1.243614101741927561e-02,-1.110422870841438714e-16,-1.110422870841438714e-16,-1.110422870841438960e-16,-8.752360963962430890e-16
1.274536356740930271e-02,6.923387161378975004e-17,6.923387161378975004e-17,6.923387161378976237e-17,5.776709431232693428e-16
1.221849042639580434e-02,-5.725886480225393098e-19,-5.725886480225393098e-19,-5.725886480225390209e-19,9.268388040301232331e-18
1.057058627761020032e-02,-7.311033152161965828e-17,-7.311033152161965828e-17,-7.311033152161965828e-17,-7.737767559265426878e-16
7.860450432624933870e-03,1.251813168012721520e-16,1.251813168012721520e-16,1.251813168012721520e-16,1.508836498524435005e-15
4.333668710782663351e-03,-1.356801637184725457e-16,-1.356801637184725457e-16,-1.356801637184725211e-16,-1.953760937513505938e-15
2.348270302545713700e-04,1.021815570862891769e-16,1.021815570862891769e-16,1.021815570862891769e-16,1.866905016056083108e-15
-4.151349146655169270e-03,-4.410393834954386794e-17,-4.410393834954386794e-17,-4.410393834954386178e-17,-1.114242925403749861e-15
-8.069050087658680148e-03,-3.976342112915317905e-18,-3.976342112915317905e-18,-3.976342112915317134e-18,-2.516082112801505466e-16
-9.985578242574802421e-03,1.000896190989783555e-17,1.000896190989783555e-17,1.000896190989783401e-17,1.951932127490486494e-15
-8.290258167618662008e-03,3.395565287445130024e-17,3.395565287445130024e-17,3.395565287445130640e-17,-3.507686768961373700e-15
-2.685040257795078770e-03,-9.983480437036206229e-17,-9.983480437036206229e-17,-9.983480437036206229e-17,4.341806789223465863e-15
5.303760026437070660e-03,1.333872925396733714e-16,1.333872925396733714e-16,1.333872925396733960e-16,-3.946543482217871978e-15
1.326549471397380810e-02,-8.587201584584428270e-17,-8.587201584584428270e-17,-8.587201584584427037e-17,2.078623814871402207e-15
1.883108151312847672e-02,-4.933589572181183018e-17,-4.933589572181183018e-17,-4.933589572181181785e-17,1.076031804114308710e-15
1.954646436098000581e-02,2.218681633849855833e-16,2.218681633849855833e-16,2.218681633849856079e-16,-4.833799830581619855e-15
1.349016984772845665e-02,-3.492155058250015356e-16,-3.492155058250015356e-16,-3.492155058250015849e-16,8.094068280627478613e-15
2.007305957409772149e-03,3.694214826816310079e-16,3.694214826816310079e-16,3.694214826816310572e-16,-9.587641063972064872e-15
-9.559598022465760903e-03,-2.774395524461034547e-16,-2.774395524461034547e-16,-2.774395524461035040e-16,8.259184473792367763e-15
-1.618213964857710685e-02,1.090552404663886289e-16,1.090552404663886289e-16,1.090552404663886535e-16,-3.694472961168713719e-15
-1.689328854228237115e-02,1.025462405291710225e-16,1.025462405291710225e-16,1.025462405291710225e-16,-3.540574164278542429e-15
-1.385674365249753293e-02,-3.370490204196202142e-16,-3.370490204196202142e-16,-3.370490204196202635e-16,1.179157820919823740e-14
-9.964068131996168740e-03,5.545918811380851529e-16,5.545918811380851529e-16,5.545918811380851529e-16,-1.854704276568394125e-14
-7.141259605492927126e-03,-6.711380029495563093e-16,-6.711380029495563093e-16,-6.711380029495562107e-16,2.103395603630396641e-14
-5.457485344868881483e-03,5.812895808352774825e-16,5.812895808352774825e-16,5.812895808352773839e-16,-1.708653077131720626e-14
-3.999813961760232718e-03,-2.184868998017011919e-16,-2.184868998017011919e-16,-2.184868998017011919e-16,6.074751834344917302e-15
-2.311023556130265260e-03,-3.866003104811501825e-16,-3.866003104811501825e-16,-3.866003104811501825e-16,1.040760389246958018e-14
-5.119267004602608704e-04,1.081214063189228886e-15,1.081214063189228886e-15,1.081214063189228886e-15,-2.840263366894739285e-14
1.107368377408779426e-03,-1.614898375552966220e-15,-1.614898375552966220e-15,-1.614898375552966614e-15,4.221694261237624031e-14
2.228200714111185175e-03,1.724178552962620387e-15,1.724178552962620387e-15,1.724178552962619992e-15,-4.583346497975868092e-14
2.666216119118961989e-03,-1.262056569752076270e-15,-1.262056569752076270e-15,-1.262056569752076270e-15,3.487502060427145376e-14
2.542366789941611586e-03,2.977457865213961815e-16,2.977457865213961815e-16,2.977457865213962801e-16,-8.603395657240343797e-15
2.197459419214081548e-03,8.907058996521083772e-16,8.907058996521083772e-16,8.907058996521083772e-16,-2.870284718548656102e-14
1.947312931942109509e-03,-1.927296159966419257e-15,-1.927296159966419257e-15,-1.927296159966419257e-15,6.767203055354190892e-14
1.944766349252639945e-03,2.476695586860454488e-15,2.476695586860454488e-15,2.476695586860453700e-15,-9.547710837382142106e-14
2.204347534044124191e-03,-2.343818719538633640e-15,-2.343818719538633640e-15,-2.343818719538633245e-15,9.916019423508757399e-14
2.671440478298800058e-03,1.517909716953739953e-15,1.517909716953739953e-15,1.517909716953740348e-15,-7.003706203025687619e-14
3.248552053551675717e-03,-1.751917469302185367e-16,-1.751917469302185367e-16,-1.751917469302185614e-16,7.966365190526854356e-15
3.795150646108572633e-03,-1.347352693811454040e-15,-1.347352693811454040e-15,-1.347352693811454238e-15,7.593787840047079807e-14
4.155095197185845052e-03,2.620457358624402170e-15,2.620457358624402170e-15,2.620457358624402564e-15,-1.596951932685591421e-13
4.210609720810333870e-03,-3.238699951204564529e-15,-3.238699951204564529e-15,-3.238699951204564529e-15,2.145675710548127344e-13
3.919713605300930923e-03,2.957780220107710745e-15,2.957780220107710745e-15,2.957780220107711534e-15,-2.129016065190398378e-13
3.325435473335005155e-03,-1.780056893547700905e-15,-1.780056893547700905e-15,-1.780056893547701299e-15,1.378332545498440397e-13
2.535864351398852811e-03,-5.012651063024264034e-17,-5.012651063024264034e-17,-5.012651063024264034e-17,7.527681433466623825e-15
1.673036099433023805e-03,2.126775590963050686e-15,2.126775590963050686e-15,2.126775590963050291e-15,-1.950681909262786887e-13
8.244676039473770868e-04,-3.975718448970333117e-15,-3.975718448970333117e-15,-3.975718448970333117e-15,3.736114993186965234e-13
2.703180153614380223e-05,5.102780682151735990e-15,5.102780682151735990e-15,5.102780682151735201e-15,-4.791904116318040090e-13
-7.166110678392576764e-04,-4.989383275282379893e-15,-4.989383275282379893e-15,-4.989383275282379893e-15,4.533430615597730356e-13
-1.400515269339788283e-03,3.091918849365643981e-15,3.091918849365643981e-15,3.091918849365643981e-15,-2.642116877158102877e-13
-2.000068188978912191e-03,9.729952481264806934e-16,9.729952481264806934e-16,9.729952481264804962e-16,-7.340953078239265830e-14
-2.501520580586774536e-03,-7.010881640176789787e-15,-7.010881640176789787e-15,-7.010881640176788209e-15,4.901096611501054860e-13
-2.916712550200088738e-03,1.371544669634188933e-14,1.371544669634188933e-14,1.371544669634189879e-14,-8.670908005781735516e-13
-3.253572747530944411e-03,-1.852195848780006770e-14,-1.852195848780006770e-14,-1.852195848780006770e-14,1.063598744883786651e-12
-3.496196824291701328e-03,1.814215724875745281e-14,1.814215724875745281e-14,1.814215724875745597e-14,-9.563760454841004955e-13
-3.613117520515403674e-03,-9.917582812985002342e-15,-9.917582812985002342e-15,-9.917582812985000765e-15,4.887209931944100151e-13
-3.563558965557022014e-03,-6.526740117429618232e-15,-6.526740117429618232e-15,-6.526740117429619809e-15,2.898449893652740618e-13
-3.304570320170288449e-03,2.811348766169218516e-14,2.811348766169218516e-14,2.811348766169218516e-14,-1.209883141788639746e-12
-2.822040161164946458e-03,-4.818153484322100517e-14,-4.818153484322100517e-14,-4.818153484322101148e-14,1.997387024556701604e-12
-2.157524635264522483e-03,5.826229695549073131e-14,5.826229695549073131e-14,5.826229695549073131e-14,-2.346324930003768257e-12
-1.386515736874256548e-03,-5.060059850693632432e-14,-5.060059850693632432e-14,-5.060059850693632432e-14,1.995802054447114834e-12
-5.839332153219047505e-04,2.205025352586146990e-14,2.205025352586146990e-14,2.205025352586146990e-14,-8.589604115797692861e-13
1.630196058387100157e-04,2.411449874956624356e-14,2.411449874956624356e-14,2.411449874956624356e-14,-9.275411976870182143e-13
7.332443972928695845e-04,-7.648370586599489290e-14,-7.648370586599489290e-14,-7.648370586599490553e-14,2.941113682948161085e-12
1.012985320234833760e-03,1.184155359712650009e-13,1.184155359712650009e-13,1.184155359712650009e-13,-4.572192772767614126e-12
9.612371161870790406e-04,-1.318256679514338625e-13,-1.318256679514338625e-13,-1.318256679514338625e-13,5.139664858596661829e-12
6.246817657795461975e-04,1.039401096148598699e-13,1.039401096148598699e-13,1.039401096148598447e-13,-4.116893614601105707e-12
1.115114854547646271e-04,-3.435179626187381136e-14,-3.435179626187381136e-14,-3.435179626187381136e-14,1.385774700561970623e-12
-4.447946252853554323e-04,-6.404198944483791912e-14,-6.404198944483791912e-14,-6.404198944483789388e-14,2.691205844783032287e-12
-9.160619676132232938e-04,1.624468983843711711e-13,1.624468983843711711e-13,1.624468983843711711e-13,-7.052911506117654682e-12
-1.208819192954485805e-03,-2.309045018360882500e-13,-2.309045018360882500e-13,-2.309045018360881490e-13,1.041537855995706784e-11
-1.298264510645999589e-03,2.375988948480817431e-13,2.375988948480817431e-13,2.375988948480817431e-13,-1.115309331776995312e-11
-1.211987093131266461e-03,-1.722895610432273693e-13,-1.722895610432273693e-13,-1.722895610432273945e-13,8.413629999013853657e-12
-9.649198396670837560e-04,3.607592286446210787e-14,3.607592286446210787e-14,3.607592286446210787e-14,-1.831062261237493546e-12
-5.486630884508748949e-04,1.399343100945097112e-13,1.399343100945097112e-13,1.399343100945097112e-13,-7.304036500372532224e-12
1.341350776810402729e-05,-3.138843667549695782e-13,-3.138843667549695782e-13,-3.138843667549696287e-13,1.679583305572154981e-11
6.386093836829157856e-04,4.328841254997599963e-13,4.328841254997599963e-13,4.328841254997601477e-13,-2.353169059349193218e-11
1.218766343759341772e-03,-4.393745387869607761e-13,-4.393745387869607761e-13,-4.393745387869607761e-13,2.402645495605491413e-11
1.662783126603403468e-03,3.126162512149772533e-13,3.126162512149772533e-13,3.126162512149772533e-13,-1.698898077188669394e-11
1.920115473253824600e-03,-2.145178811094841373e-14,-2.145178811094841373e-14,-2.145178811094841373e-14,1.054567315282803685e-12
2.006834105430219117e-03,-3.537384730892751804e-13,-3.537384730892751804e-13,-3.537384730892752814e-13,1.877845581341302357e-11
2.010401983261439051e-03,7.831524631219044728e-13,7.831524631219044728e-13,7.831524631219044728e-13,-4.014984804722749042e-11
2.029973448671401268e-03,-1.055414965972062833e-12,-1.055414965972062833e-12,-1.055414965972062631e-12,5.206550796854358713e-11
2.094547175259264555e-03,1.107727629297541353e-12,1.107727629297541353e-12,1.107727629297541555e-12,-5.234916846435765369e-11
2.144305703824270562e-03,-7.216869967363591077e-13,-7.216869967363591077e-13,-7.216869967363590067e-13,3.247910643419047187e-11
2.089189273531063228e-03,-6.889445973580058944e-14,-6.889445973580058944e-14,-6.889445973580058944e-14,3.230654232981856892e-12
1.876439829645488305e-03,1.145582912509965867e-12,1.145582912509965867e-12,1.145582912509965665e-12,-4.821793571422917055e-11
1.508537574174284406e-03,-2.344973382453049369e-12,-2.344973382453049369e-12,-2.344973382453049369e-12,9.465034233736585305e-11
1.023276567099545538e-03,2.899745721916250880e-12,2.899745721916250880e-12,2.899745721916251284e-12,-1.135812227639985715e-10
4.709658469579981483e-04,-3.050465153440526546e-12,-3.050465153440526546e-12,-3.050465153440526546e-12,1.161651654500265704e-10
-1.004323098350005141e-04,1.449509351993887341e-12,1.449509351993887341e-12,1.449509351993887341e-12,-5.393105072933916949e-11
-6.597462071527651108e-04,2.678828088959719743e-13,2.678828088959719743e-13,2.678828088959719743e-13,-9.822540022010879340e-12
-1.196670301655058293e-03,-3.770768702143873376e-12,-3.770768702143873376e-12,-3.770768702143873376e-12,1.357267096619039158e-10
-1.697867887685545769e-03,5.696850760674253597e-12,5.696850760674253597e-12,5.696850760674251981e-12,-2.015292981089100338e-10
-2.140266671297443024e-03,-7.750334609639521788e-12,-7.750334609639521788e-12,-7.750334609639521788e-12,2.701052332877977382e-10
-2.532350988526819481e-03,6.687334349727497331e-12,6.687334349727497331e-12,6.687334349727499754e-12,-2.299984691460051286e-10
-2.917732074745072249e-03,-3.021760057980892065e-12,-3.021760057980892065e-12,-3.021760057980892065e-12,1.015034456186165369e-10
-3.319670581954625374e-03,-1.290044836200740172e-12,-1.290044836200740172e-12,-1.290044836200739970e-12,4.072180557346520717e-11
-3.725905702985684263e-03,1.139778591578854388e-11,1.139778591578854388e-11,1.139778591578854388e-11,-3.730525647536153829e-10
-4.124495944994907570e-03,-1.197166338197222928e-11,-1.197166338197222928e-11,-1.197166338197222928e-11,3.785315740841899010e-10
-4.530892155628917645e-03,2.356385007088033768e-11,2.356385007088033768e-11,2.356385007088033768e-11,-7.397223409562014392e-10
-4.989469186860849559e-03,-8.748376768784622720e-12,-8.748376768784622720e-12,-8.748376768784622720e-12,2.635507537819320225e-10
-5.552958240373910212e-03,1.529275753472152834e-11,1.529275753472152834e-11,1.529275753472152834e-11,-4.598944603273546244e-10
-6.256225350192808586e-03,1.775068451079594880e-11,1.775068451079594880e-11,1.775068451079595203e-11,-5.161455259326841305e-10
-7.109762275349760727e-03,-1.766776534699705942e-11,-1.766776534699705942e-11,-1.766776534699705942e-11,5.015306625474235345e-10
-8.091908826697869969e-03,4.471142065928861558e-11,4.471142065928861558e-11,4.471142065928861558e-11,-1.225454327014160675e-09
-9.115926474755241954e-03,-5.204166261788884592e-11,-5.204166261788884592e-11,-5.204166261788884592e-11,1.421273034107693359e-09
-1.002967743433706357e-02,1.603879310132310602e-11,1.603879310132310602e-11,1.603879310132310602e-11,-3.879037397410643312e-10
-1.067927254130478926e-02,-5.870730447854334996e-11,-5.870730447854334996e-11,-5.870730447854334996e-11,1.562184824776574344e-09
-1.096116871645383926e-02,-1.095111330061433991e-10,-1.095111330061433991e-10,-1.095111330061433733e-10,2.804044886771005596e-09
-1.081780609173597224e-02,-5.352891359054638019e-11,-5.352891359054638019e-11,-5.352891359054638019e-11,1.405502808864944069e-09
-1.021844840835718117e-02,-2.847843258185282581e-10,-2.847843258185282581e-10,-2.847843258185282581e-10,6.849683965920172309e-09
-9.170489533151757536e-03,-1.075815564307684290e-10,-1.075815564307684290e-10,-1.075815564307684290e-10,2.561523010704666922e-09
-7.752879039456539445e-03,-3.473135872413106052e-10,-3.473135872413106052e-10,-3.473135872413106052e-10,7.819048408786571486e-09
-6.136601086157658473e-03,-2.355986463134406541e-10,-2.355986463134406541e-10,-2.355986463134406541e-10,4.937001912578444641e-09
-4.628690530352356190e-03,-8.704209970015358204e-11,-8.704209970015358204e-11,-8.704209970015359497e-11,1.315947600345447012e-09
-3.780206468075849278e-03,-1.870728175569677425e-10,-1.870728175569677425e-10,-1.870728175569677425e-10,2.690999699862809428e-09
-4.446217305102993789e-03,6.504289356860076706e-10,6.504289356860076706e-10,6.504289356860076706e-10,-1.531657503246025233e-08
-7.619976332345148456e-03,6.420929931933397342e-10,6.420929931933397342e-10,6.420929931933395274e-10,-1.592541985521505711e-08
-1.402756430242394284e-02,1.965147760571291392e-09,1.965147760571291392e-09,1.965147760571291392e-09,-4.268362568294867923e-08
-2.375195534935853683e-02,2.856406893554398468e-09,2.856406893554398468e-09,2.856406893554398468e-09,-5.956740964632772407e-08
-3.613554765965475146e-02,3.908928294554734486e-09,3.908928294554734486e-09,3.908928294554733658e-09,-7.852547041580789907e-08
-4.976216876678692114e-02,6.034003599711026891e-09,6.034003599711026891e-09,6.034003599711026891e-09,-1.156556362405286802e-07
-6.236267469913124584e-02,5.837110760640753120e-09,5.837110760640753120e-09,5.837110760640753120e-09,-1.078075107110600098e-07
-7.119837733420536496e-02,7.281678080907703081e-09,7.281678080907703081e-09,7.281678080907703081e-09,-1.309433412054135923e-07
-7.413475603081590148e-02,4.752759490647751942e-09,4.752759490647751942e-09,4.752759490647751942e-09,-7.751066647752884417e-08
-7.033784319531442841e-02,1.251646970273736875e-09,1.251646970273736875e-09,1.251646970273736668e-09,-3.836894535596120541e-09
-5.988069153145320067e-02,-4.751327771139800045e-09,-4.751327771139800045e-09,-4.751327771139800872e-09,1.292408345620555338e-07
-4.316464396383443147e-02,-1.566086441689863175e-08,-1.566086441689863175e-08,-1.566086441689863175e-08,3.949563249534163584e-07
-2.116433973685484526e-02,-2.520547957791864224e-08,-2.520547957791864224e-08,-2.520547957791864224e-08,6.695187965576869184e-07
3.927541355735445980e-03,-3.921974313286475160e-08,-3.921974313286475160e-08,-3.921974313286475160e-08,1.145203400919008205e-06
2.871853170439707392e-02,-4.854222516249533770e-08,-4.854222516249533770e-08,-4.854222516249533108e-08,1.591689271822862316e-06
4.935315573906434716e-02,-5.499471620749186346e-08,-5.499471620749186346e-08,-5.499471620749188993e-08,2.092714970616205225e-06
6.242145533503592331e-02,-5.534641723148390898e-08,-5.534641723148390898e-08,-5.534641723148391560e-08,2.509393468891582731e-06
6.608827332426481238e-02,-4.711369643407395507e-08,-4.711369643407395507e-08,-4.711369643407396169e-08,2.510912004019906008e-06
6.114954480101342238e-02,-3.760103588715888476e-08,-3.760103588715888476e-08,-3.760103588715888476e-08,2.159480206641674697e-06
5.090482524469249620e-02,-3.267378474033799310e-08,-3.267378474033799310e-08,-3.267378474033799972e-08,6.848249450767807360e-07
3.947613106851048659e-02,-4.691016007823495994e-08,-4.691016007823495994e-08,-4.691016007823495333e-08,-1.860791478392145592e-06
2.979423100450415141e-02,-9.791930976573326990e-08,-9.791930976573326990e-08,-9.791930976573328314e-08,-6.159826292528567999e-06
2.281865881676194835e-02,-2.028889701468594011e-07,-2.028889701468594011e-07,-2.028889701468594540e-07,-1.251483725625936960e-05
1.814858474533636440e-02,-3.666623005371610388e-07,-3.666623005371610388e-07,-3.666623005371611447e-07,-2.061086243876292660e-05
1.500661294734232168e-02,-6.010793307257894299e-07,-6.010793307257894299e-07,-6.010793307257894299e-07,-3.083016024380013010e-05
1.279271540014575124e-02,-8.563048974549938465e-07,-8.563048974549938465e-07,-8.563048974549936348e-07,-4.112182786043360860e-05
1.114309747218189192e-02,-1.089952264408466812e-06,-1.089952264408466812e-06,-1.089952264408466812e-06,-5.034057567577092406e-05
9.840362925693594762e-03,-1.161211649498019169e-06,-1.161211649498019169e-06,-1.161211649498019169e-06,-5.451919115481229997e-05
8.808388880995672576e-03,-8.696822332557069018e-07,-8.696822332557069018e-07,-8.696822332557069018e-07,-4.857816637901484202e-05
8.099079655153143889e-03,2.797328589179302025e-08,2.797328589179302025e-08,2.797328589179307980e-08,-2.690930663648220309e-05
7.779251140879473933e-03,1.942432433337665497e-06,1.942432433337665497e-06,1.942432433337665497e-06,2.013591912709352622e-05
7.825680915720365644e-03,5.150399259599621209e-06,5.150399259599621209e-06,5.150399259599623750e-06,9.875315350119933549e-05
8.113527813352384294e-03,1.002461384966148473e-05,1.002461384966148473e-05,1.002461384966148473e-05,2.181166064905949926e-04
8.467095639992658698e-03,1.657115390299623072e-05,1.657115390299623072e-05,1.657115390299623072e-05,3.804839692420052683e-04
8.722649532355956914e-03,2.438187012968311495e-05,2.438187012968311495e-05,2.438187012968311834e-05,5.808389544619471656e-04
8.792011324435479100e-03,3.249318583617807248e-05,3.249318583617807248e-05,3.249318583617807926e-05,8.040592840041913469e-04
8.698803002002363297e-03,3.871409934015946643e-05,3.871409934015946643e-05,3.871409934015945965e-05,1.009288414832488351e-03
8.530458133324493250e-03,4.016148606209342392e-05,4.016148606209342392e-05,4.016148606209342392e-05,1.138582940824081364e-03
8.360261933568990250e-03,3.229672717628613598e-05,3.229672717628613598e-05,3.229672717628613598e-05,1.093400091300776198e-03
8.217280494572213462e-03,9.807741726898863829e-06,9.807741726898863829e-06,9.807741726898857053e-06,7.469575930287228327e-04
8.114248348367696789e-03,-3.325610011018181704e-05,-3.325610011018181704e-05,-3.325610011018181704e-05,-5.840866059215868623e-05
8.122541145464925311e-03,-1.027634421763046370e-04,-1.027634421763046370e-04,-1.027634421763046099e-04,-1.504811703044388110e-03
8.379421757544726346e-03,-2.016200745330578778e-04,-2.016200745330578778e-04,-2.016200745330578778e-04,-3.746912046567804112e-03
8.982025491945256485e-03,-3.289209338480805311e-04,-3.289209338480805311e-04,-3.289209338480805311e-04,-6.897119574223700006e-03
9.915577318527525608e-03,-4.749180962492052295e-04,-4.749180962492052295e-04,-4.749180962492051210e-04,-1.091182730562040293e-02
1.108544470815140542e-02,-6.193666645613278348e-04,-6.193666645613278348e-04,-6.193666645613278348e-04,-1.552021752083298893e-02
1.238811106026644834e-02,-7.279492130884382579e-04,-7.279492130884382579e-04,-7.279492130884384748e-04,-2.008814205853835799e-02
1.374716904328979541e-02,-7.494899319979774844e-04,-7.494899319979774844e-04,-7.494899319979775928e-04,-2.345706617038572847e-02
1.510927846225588837e-02,-6.187795328690322847e-04,-6.187795328690322847e-04,-6.187795328690323931e-04,-2.386832869272748070e-02
1.645480912866681064e-02,-2.568178804200960444e-04,-2.568178804200960444e-04,-2.568178804200961529e-04,-1.880304439967846186e-02
1.781507556758803526e-02,4.165748016654660115e-04,4.165748016654660115e-04,4.165748016654661199e-04,-5.094058438136524723e-03
1.927040318135065516e-02,1.470119477843723340e-03,1.470119477843723340e-03,1.470119477843723340e-03,2.091999311257046815e-02
2.090754213594742464e-02,2.935860240030756761e-03,2.935860240030756761e-03,2.935860240030756328e-03,6.287512563443949098e-02
2.274054548451328803e-02,4.773414395690665259e-03,4.773414395690665259e-03,4.773414395690665259e-03,1.234185344266596762e-01
2.461497067818916099e-02,6.833228816301409499e-03,6.833228816301409499e-03,6.833228816301410366e-03,2.029263466340703870e-01
2.611870678209096686e-02,8.805837339492354754e-03,8.805837339492354754e-03,8.805837339492354754e-03,2.973444822164643675e-01
2.654164232876011359e-02,1.019534079792084463e-02,1.019534079792084463e-02,1.019534079792084463e-02,3.958494515148868187e-01
2.494238660683997105e-02,1.031160950317547113e-02,1.031160950317547113e-02,1.031160950317547113e-02,4.778169871490464682e-01
2.050793629683278149e-02,8.331707556632270487e-03,8.331707556632270487e-03,8.331707556632272221e-03,5.099567160309207425e-01
1.302596728916075898e-02,3.459493502434113962e-03,3.459493502434113962e-03,3.459493502434114395e-03,4.443413273617938253e-01
2.858515909856373678e-03,-4.817639623052827509e-03,-4.817639623052827509e-03,-4.817639623052826642e-03,2.178135873437952730e-01
-9.588464308376091691e-03,-1.634317998468685224e-02,-1.634317998468685224e-02,-1.634317998468684877e-02,-2.444181252926101167e-01
-2.392886110089815360e-02,-2.985828857223992924e-02,-2.985828857223992924e-02,-2.985828857223992924e-02,-1.020571385766230188e+00
-3.878170639603532865e-02,-4.260951408242964755e-02,-4.260951408242964755e-02,-4.260951408242965449e-02,-2.175756575653968738e+00
-5.067108125350540393e-02,-5.030749521359654391e-02,-5.030749521359654391e-02,-5.030749521359653004e-02,-3.735474606429892042e+00
-5.412352166453153479e-02,-4.783743764978740792e-02,-4.783743764978740792e-02,-4.783743764978740792e-02,-5.648077066387516609e+00
-4.344191391296729071e-02,-3.105365764446708227e-02,-3.105365764446708227e-02,-3.105365764446708920e-02,-7.733992828148840815e+00
-1.614112963801824646e-02,3.125805680682363502e-04,3.125805680682363502e-04,3.125805680682383018e-04,-9.626835250262102406e+00
2.270871572376426464e-02,3.941246692683007119e-02,3.941246692683007119e-02,3.941246692683007119e-02,-1.071148571417552198e+01
5.721278986744653822e-02,7.021089328287623277e-02,7.021089328287623277e-02,7.021089328287623277e-02,-1.007195554177196328e+01
6.146304370263185740e-02,6.858176367984378241e-02,6.858176367984378241e-02,6.858176367984379629e-02,-6.469612416961202150e+00
6.826392773259336473e-03,8.398231627979974370e-03,8.398231627979974370e-03,8.398231627979976105e-03,1.611441474412602659e+00
-1.246857316554099426e-01,-1.268349183265013169e-01,-1.268349183265013169e-01,-1.268349183265013447e-01,1.581176871477189216e+01
-3.254158697035435255e-01,-3.294580172514701699e-01,-3.294580172514701699e-01,-3.294580172514702254e-01,3.759873340469702896e+01
-5.536310183942636520e-01,-5.579694711713851785e-01,-5.579694711713851785e-01,-5.579694711713852895e-01,6.777632930721901516e+01
-7.420318169722402990e-01,-7.441503793410515488e-01,-7.441503793410515488e-01,-7.441503793410514378e-01,1.057635435276866644e+02
-8.291334881454078820e-01,-8.252505125016538212e-01,-8.252505125016538212e-01,-8.252505125016538212e-01,1.489135881485699429e+02
-7.997436742494600237e-01,-7.878821869721427396e-01,-7.878821869721427396e-01,-7.878821869721427396e-01,1.930213372375441168e+02
-6.943997911437992387e-01,-6.787924331666943534e-01,-6.787924331666943534e-01,-6.787924331666943534e-01,2.344842623281242027e+02
-5.693680150548686703e-01,-5.590090740908900679e-01,-5.590090740908900679e-01,-5.590090740908900679e-01,2.719127123600076743e+02
-4.521183288830288860e-01,-4.528190740546506610e-01,-4.528190740546506610e-01,-4.528190740546506610e-01,3.054917557290668242e+02
-3.381666243980204212e-01,-3.477205898830971753e-01,-3.477205898830971753e-01,-3.477205898830971753e-01,3.356826775463281933e+02
-2.167056831660746363e-01,-2.284960584885465384e-01,-2.284960584885465384e-01,-2.284960584885464829e-01,3.627544992379722544e+02
-8.962739981673584211e-02,-9.892520815070607321e-02,-9.892520815070607321e-02,-9.892520815070614260e-02,3.867665356651253887e+02
2.871759359309766085e-02,2.269589450449480822e-02,2.269589450449480822e-02,2.269589450449481863e-02,4.077609275063836094e+02
1.216563021134832168e-01,1.177095385451293469e-01,1.177095385451293469e-01,1.177095385451294718e-01,4.262069129598282871e+02
1.789007564496835623e-01,1.758376506878821521e-01,1.758376506878821521e-01,1.758376506878819301e-01,4.432346448685012206e+02
1.997892936234496042e-01,1.969326336570962899e-01,1.969326336570962899e-01,1.969326336570963454e-01,4.602948149227423187e+02
1.913373855593225314e-01,1.883887416425506500e-01,1.883887416425506500e-01,1.883887416425505668e-01,4.785765041688293877e+02
1.636357668307148461e-01,1.605407456446709957e-01,1.605407456446709957e-01,1.605407456446709680e-01,4.987191050638760430e+02
1.262961432438613474e-01,1.231435550290980452e-01,1.231435550290980452e-01,1.231435550290978231e-01,5.208707836839973879e+02
8.743014993287641368e-02,8.435502837973993251e-02,8.435502837973993251e-02,8.435502837973990475e-02,5.448032421732478952e+02
5.369603550529781361e-02,5.080801926583714684e-02,5.080801926583714684e-02,5.080801926583724398e-02,5.699355746846790680e+02
2.985025618118113122e-02,2.720282006421417473e-02,2.720282006421417473e-02,2.720282006421417473e-02,5.953639917660625542e+02
1.790985764582277498e-02,1.552163475176582957e-02,1.552163475176582957e-02,1.552163475176587988e-02,6.199983560377160074e+02
1.684616123330030454e-02,1.475503101081136401e-02,1.475503101081136401e-02,1.475503101081141084e-02,6.427523222183588132e+02
2.305632862831132404e-02,2.134749833994191784e-02,2.134749833994191784e-02,2.134749833994185192e-02,6.626922307620586707e+02
3.126026889807139580e-02,3.004491841610423125e-02,3.004491841610423125e-02,3.004491841610422431e-02,6.791264815984873167e+02
3.598257435018566153e-02,3.535467174523830580e-02,3.535467174523830580e-02,3.535467174523836825e-02,6.916560858575409156e+02
3.381358448865096761e-02,3.380523159978405384e-02,3.380523159978405384e-02,3.380523159978404690e-02,7.001758498682926302e+02
2.488991936337181521e-02,2.544035591924946257e-02,2.544035591924946257e-02,2.544035591924937584e-02,7.048149134923493193e+02
1.186784439904160597e-02,1.282812402397763910e-02,1.282812402397763910e-02,1.282812402397758185e-02,7.058581547374960792e+02
-2.267321463417331078e-03,-1.097838239484276229e-03,-1.097838239484276229e-03,-1.097838239484288806e-03,7.036848860098986052e+02
-1.540415766805071016e-02,-1.423361051299504298e-02,-1.423361051299504298e-02,-1.423361051299504819e-02,6.987171344378119784e+02
-2.672294873257625297e-02,-2.572659798421999752e-02,-2.572659798421999752e-02,-2.572659798422001140e-02,6.913803797991748752e+02
-3.687004162021077086e-02,-3.615823346175116304e-02,-3.615823346175116304e-02,-3.615823346175116998e-02,6.820887210809046337e+02
-4.731784550613975932e-02,-4.692162007561469228e-02,-4.692162007561469228e-02,-4.692162007561471310e-02,6.712446390299634231e+02
-5.894744276053798249e-02,-5.882247127304095213e-02,-5.882247127304095213e-02,-5.882247127304100071e-02,6.592481631869832199e+02
-7.100024011322937645e-02,-7.103604435585839094e-02,-7.103604435585839094e-02,-7.103604435585839094e-02,6.465114863107372685e+02
-8.135022304946810945e-02,-8.138269075288130650e-02,-8.138269075288130650e-02,-8.138269075288130650e-02,6.334564083462554436e+02
-8.799199369883298205e-02,-8.784017720120552986e-02,-8.784017720120552986e-02,-8.784017720120552986e-02,6.204878103467935944e+02
-9.038962395610870837e-02,-8.991704011696204091e-02,-8.991704011696204091e-02,-8.991704011696204091e-02,6.079685110114663757e+02
-8.929809374386531162e-02,-8.845326079067207525e-02,-8.845326079067207525e-02,-8.845326079067206138e-02,5.962102909592612150e+02
-8.562494217455626777e-02,-8.443477880495509069e-02,-8.443477880495509069e-02,-8.443477880495510457e-02,5.854651135248010405e+02
-7.992560822162024514e-02,-7.846761493186146796e-02,-7.846761493186146796e-02,-7.846761493186144021e-02,5.759103314751328071e+02
-7.275607373481482454e-02,-7.113023236853950604e-02,-7.113023236853950604e-02,-7.113023236853950604e-02,5.676438734942873907e+02
-6.505218931610819155e-02,-6.334590620957719631e-02,-6.334590620957719631e-02,-6.334590620957718243e-02,5.606893787770128483e+02
-5.815989141789758288e-02,-5.641107494533548899e-02,-5.641107494533548899e-02,-5.641107494533549593e-02,5.550030821374828065e+02
-5.368741081293946366e-02,-5.187630669355609153e-02,-5.187630669355609153e-02,-5.187630669355609153e-02,5.504961836009290437e+02
-5.344373032616885066e-02,-5.153150571250292994e-02,-5.153150571250292994e-02,-5.153150571250292994e-02,5.470751045795383334e+02
-5.941067925703692049e-02,-5.739560197072503950e-02,-5.739560197072503950e-02,-5.739560197072502562e-02,5.446734852857745182e+02
-7.310450937946522121e-02,-7.104089766090589120e-02,-7.104089766090589120e-02,-7.104089766090589120e-02,5.432674740909795901e+02
-9.447447691630420086e-02,-9.244188163745571674e-02,-9.244188163745571674e-02,-9.244188163745571674e-02,5.428804489924339123e+02
-1.218289684802470879e-01,-1.198991371808208195e-01,-1.198991371808208195e-01,-1.198991371808208750e-01,5.435662053701285004e+02
-1.530107304872943830e-01,-1.512446265634778131e-01,-1.512446265634778131e-01,-1.512446265634777853e-01,5.453685824476999642e+02
-1.863417201355672959e-01,-1.848042290249122532e-01,-1.848042290249122532e-01,-1.848042290249122532e-01,5.482758500518175424e+02
-2.207366582877053063e-01,-2.195177078301873697e-01,-2.195177078301873697e-01,-2.195177078301873697e-01,5.521873325189543493e+02
-2.555612342601951692e-01,-2.547800478505046762e-01,-2.547800478505046762e-01,-2.547800478505046762e-01,5.569122827350223588e+02
-2.906467448841745238e-01,-2.904005781239542561e-01,-2.904005781239542561e-01,-2.904005781239542006e-01,5.622117117652902607e+02
-3.263439343919986024e-01,-3.266275779411321745e-01,-3.266275779411321745e-01,-3.266275779411321745e-01,5.678535794033917909e+02
-3.633297969287155316e-01,-3.640043339496675801e-01,-3.640043339496675801e-01,-3.640043339496675801e-01,5.736474486298138800e+02
-4.020679370265382579e-01,-4.029028545200488143e-01,-4.029028545200488143e-01,-4.029028545200487588e-01,5.794696959423075668e+02
-4.421257328439163192e-01,-4.428771771660163781e-01,-4.428771771660163781e-01,-4.428771771660163781e-01,5.852917544879372826e+02
-4.818938973792595282e-01,-4.823765197393134474e-01,-4.823765197393134474e-01,-4.823765197393133919e-01,5.911860692458913036e+02
-5.190307427127933693e-01,-5.191552284625452485e-01,-5.191552284625452485e-01,-5.191552284625452485e-01,5.972885626317977312e+02
-5.511234742479848014e-01,-5.508840649845248016e-01,-5.508840649845248016e-01,-5.508840649845248016e-01,6.037461369114056424e+02
-5.760497047752289879e-01,-5.754774754513792834e-01,-5.754774754513792834e-01,-5.754774754513792834e-01,6.106936055383022222e+02
-5.923519224883526668e-01,-5.914818099302040499e-01,-5.914818099302040499e-01,-5.914818099302041610e-01,6.182464231427168215e+02
-5.997636863865705159e-01,-5.986335305990428957e-01,-5.986335305990428957e-01,-5.986335305990430067e-01,6.264802630406729804e+02
-5.992380625214346335e-01,-5.978932427702602359e-01,-5.978932427702602359e-01,-5.978932427702604580e-01,6.354182281150438030e+02
-5.922593556103924461e-01,-5.907450542496669454e-01,-5.907450542496669454e-01,-5.907450542496669454e-01,6.450379540994765648e+02
-5.799116549919010044e-01,-5.782616800316390249e-01,-5.782616800316390249e-01,-5.782616800316390249e-01,6.552855078261953850e+02
-5.620432562019249678e-01,-5.602770240077682429e-01,-5.602770240077682429e-01,-5.602770240077682429e-01,6.660934474826128735e+02
-5.367151265850635955e-01,-5.348370777403448351e-01,-5.348370777403448351e-01,-5.348370777403448351e-01,6.773893688387651082e+02
-5.002685482738948863e-01,-4.982599251645485894e-01,-4.982599251645485894e-01,-4.982599251645485894e-01,6.890765196452949795e+02
-4.485562813522758763e-01,-4.463702817982671545e-01,-4.463702817982671545e-01,-4.463702817982671545e-01,7.010021801079986972e+02
-3.789493034600661114e-01,-3.765228644918287015e-01,-3.765228644918287015e-01,-3.765228644918287570e-01,7.129439753834582234e+02
-2.912662825121828392e-01,-2.885362945816811742e-01,-2.885362945816811742e-01,-2.885362945816810076e-01,7.246123872488863071e+02
-1.870275145072732847e-01,-1.839398365781622913e-01,-1.839398365781622913e-01,-1.839398365781624300e-01,7.356541735145560779e+02
-6.864768271125989973e-02,-6.516456954569864457e-02,-6.516456954569864457e-02,-6.516456954569889437e-02,7.456713830209401976e+02
6.067794539428585099e-02,6.458162687021355708e-02,6.458162687021355708e-02,6.458162687021389015e-02,7.542664950846318561e+02
1.973421805057110900e-01,2.017056652845742037e-01,2.017056652845742037e-01,2.017056652845738707e-01,7.610830857210471549e+02
3.381692822876894433e-01,3.430691707197903173e-01,3.430691707197903173e-01,3.430691707197902063e-01,7.658217012645970954e+02
4.809223542297541565e-01,4.864616531225667839e-01,4.864616531225667839e-01,4.864616531225666729e-01,7.682429482960532141e+02
6.245399499807174903e-01,6.308172285405894142e-01,6.308172285405894142e-01,6.308172285405898583e-01,7.681545040886452398e+02
7.695752773785167200e-01,7.766703052072970737e-01,7.766703052072970737e-01,7.766703052072969626e-01,7.653771267520227184e+02
9.182486315299042134e-01,9.262261949973660258e-01,9.262261949973660258e-01,9.262261949973662478e-01,7.597121696812955634e+02
1.073542667809654683e+00,1.082446081824400830e+00,1.082446081824400830e+00,1.082446081824401052e+00,7.509214006876479743e+02
1.237920116700035100e+00,1.247760931737664558e+00,1.247760931737664558e+00,1.247760931737665002e+00,7.387131993162629442e+02
1.412247850716752406e+00,1.423017641693516966e+00,1.423017641693516966e+00,1.423017641693516300e+00,7.227403022004103832e+02
1.594859803728988723e+00,1.606487338015634148e+00,1.606487338015634148e+00,1.606487338015633703e+00,7.026125127837268565e+02
1.780960765850835292e+00,1.793132846868273678e+00,1.793132846868273678e+00,1.793132846868273456e+00,6.779221133805699537e+02
1.962544478364764311e+00,1.974587235156616716e+00,1.974587235156616716e+00,1.974587235156616938e+00,6.482976453473618221e+02
2.128472323927883103e+00,2.139580154533015754e+00,2.139580154533015754e+00,2.139580154533015310e+00,6.135020884803948320e+02
2.264885111474499446e+00,2.274576244702946948e+00,2.274576244702946948e+00,2.274576244702947392e+00,5.735414979519761118e+02
2.356991235546568753e+00,2.365399613869519246e+00,2.365399613869519246e+00,2.365399613869518802e+00,5.287326011851857857e+02
2.392763254547318752e+00,2.400668872260304898e+00,2.400668872260304898e+00,2.400668872260305786e+00,4.797318925377948062e+02
2.366821213667125612e+00,2.375639897800049471e+00,2.375639897800049471e+00,2.375639897800049027e+00,4.275456727766747917e+02
2.281477503371147630e+00,2.293334310911326668e+00,2.293334310911326668e+00,2.293334310911327112e+00,3.734999850494533007e+02
2.144477463512244775e+00,2.162221367478436296e+00,2.162221367478436296e+00,2.162221367478436296e+00,3.191451668625458638e+02
1.966506499120739271e+00,1.993431852474628618e+00,1.993431852474628618e+00,1.993431852474628618e+00,2.661097382662476321e+02
1.759765618671890630e+00,1.798890514336403568e+00,1.798890514336403568e+00,1.798890514336403346e+00,2.159409258130540934e+02
1.535509248766911972e+00,1.588428288591404280e+00,1.588428288591404280e+00,1.588428288591404502e+00,1.699501356360831039e+02
1.300781011190173198e+00,1.366430489018244376e+00,1.366430489018244376e+00,1.366430489018244376e+00,1.290790968609627214e+02
1.057427199984171784e+00,1.131596512601188431e+00,1.131596512601188431e+00,1.131596512601188431e+00,9.384445491016985841e+01
8.055127638096784004e-01,8.817886739293475662e-01,8.817886739293475662e-01,8.817886739293474552e-01,6.440119259133295770e+01
5.503586617856788266e-01,6.218401202235176450e-01,6.218401202235176450e-01,6.218401202235176450e-01,4.067826146207991656e+01
3.087066211168900676e-01,3.690052532629213289e-01,3.690052532629213289e-01,3.690052532629213289e-01,2.247910639004461331e+01
1.064905089054142967e-01,1.497034167843718233e-01,1.497034167843718233e-01,1.497034167843718511e-01,9.447144872059961784e+00
-3.412080695112728462e-02,-1.333705019901615732e-02,-1.333705019901615732e-02,-1.333705019901615385e-02,9.553112542772281834e-01
-1.069783828438178735e-01,-1.123760378035994906e-01,-1.123760378035994906e-01,-1.123760378035995183e-01,-3.881933770916907278e+00
-1.225903421382783659e-01,-1.547604350848917898e-01,-1.547604350848917898e-01,-1.547604350848917620e-01,-6.042269448792477959e+00
-1.006023347839270499e-01,-1.559146255322685359e-01,-1.559146255322685359e-01,-1.559146255322685914e-01,-6.428179000544028021e+00
-6.182813583534624985e-02,-1.326163688791018869e-01,-1.326163688791018869e-01,-1.326163688791018591e-01,-5.778824797035863270e+00
-2.287824801551827103e-02,-9.909692184932825110e-02,-9.909692184932825110e-02,-9.909692184932825110e-02,-4.643378676086276080e+00
6.521304179291073644e-03,-6.548407800547188795e-02,-6.548407800547188795e-02,-6.548407800547188795e-02,-3.391536890990155317e+00
2.365029643752614499e-02,-3.759890929753797323e-02,-3.759890929753797323e-02,-3.759890929753797323e-02,-2.243490449448426904e+00
3.061686325138392520e-02,-1.761252687294563926e-02,-1.761252687294563926e-02,-1.761252687294563579e-02,-1.307031096747351295e+00
3.125370201226884692e-02,-5.207507093533967138e-03,-5.207507093533967138e-03,-5.207507093533966271e-03,-6.133920096538172384e-01
2.882138292591143389e-02,1.202720849010014857e-03,1.202720849010014857e-03,1.202720849010014640e-03,-1.472496418994295730e-01
2.526209937868001063e-02,3.538047662915609019e-03,3.538047662915609019e-03,3.538047662915607718e-03,1.304189068503955051e-01
2.153125116856367122e-02,3.512762180192570936e-03,3.512762180192570936e-03,3.512762180192571370e-03,2.665376276817204015e-01
1.810727418202614375e-02,2.416840429466607203e-03,2.416840429466607203e-03,2.416840429466607636e-03,3.060516372664343066e-01
1.523273253515720557e-02,1.090690481802106737e-03,1.090690481802106737e-03,1.090690481802106737e-03,2.868149526176184128e-01
1.296454583389541199e-02,-6.593714278019494027e-06,-6.593714278019494027e-06,-6.593714278019680375e-06,2.376588900628933132e-01
1.123189451546974423e-02,-6.953518020343163247e-04,-6.953518020343163247e-04,-6.953518020343161079e-04,1.785437454540662050e-01
9.940530848481468618e-03,-9.741128555835777952e-04,-9.741128555835777952e-04,-9.741128555835775783e-04,1.218648539551009102e-01
9.021111031882141085e-03,-9.353535946859323214e-04,-9.353535946859323214e-04,-9.353535946859322129e-04,7.413858835619242804e-02
8.401432411513266516e-03,-7.033625569490864786e-04,-7.033625569490864786e-04,-7.033625569490862617e-04,3.777821185175152252e-02
7.975742016018583236e-03,-3.938506902729218347e-04,-3.938506902729218347e-04,-3.938506902729217805e-04,1.258846945946497965e-02
7.622379361638304679e-03,-9.359870395771436680e-05,-9.359870395771436680e-05,-9.359870395771435325e-05,-3.040190664898198905e-03
7.261083318954011413e-03,1.451375319159594289e-04,1.451375319159594289e-04,1.451375319159593747e-04,-1.127699026622747992e-02
6.889742682630448610e-03,3.007905703123614624e-04,3.007905703123614624e-04,3.007905703123615166e-04,-1.432140774346284291e-02
6.557915169905468265e-03,3.738881598023179259e-04,3.738881598023179259e-04,3.738881598023180886e-04,-1.408158099212569563e-02
6.320053481850198586e-03,3.789437412730761452e-04,3.789437412730761452e-04,3.789437412730760910e-04,-1.205824454181502088e-02
6.209709983692199634e-03,3.366325064013715317e-04,3.366325064013715317e-04,3.366325064013714775e-04,-9.319814782680154244e-03
6.234560392737934290e-03,2.679693179566050641e-04,2.679693179566050641e-04,2.679693179566049557e-04,-6.552504422195804153e-03
6.428232173794889807e-03,1.907592670725301147e-04,1.907592670725301147e-04,1.907592670725300605e-04,-4.142330269742878698e-03
6.868682581070056740e-03,1.177449801745049726e-04,1.177449801745049726e-04,1.177449801745049726e-04,-2.251893985771950216e-03
7.589232064279680980e-03,5.677375765633750350e-05,5.677375765633750350e-05,5.677375765633750350e-05,-9.039987056197866001e-04
8.517786475881852434e-03,1.122360619432212982e-05,1.122360619432212982e-05,1.122360619432212982e-05,-3.674526575427134660e-05
9.525687018984960869e-03,-1.872303466752377871e-05,-1.872303466752377871e-05,-1.872303466752377871e-05,4.481785574801355992e-04
1.053040886194107212e-02,-3.498890886040964554e-05,-3.498890886040964554e-05,-3.498890886040964554e-05,6.559580760155287208e-04
1.156300367342417458e-02,-4.067531722580238173e-05,-4.067531722580238173e-05,-4.067531722580238173e-05,6.831992396933362537e-04
1.271940556603929490e-02,-3.903971126228508877e-05,-3.903971126228508877e-05,-3.903971126228508877e-05,6.062222653355882557e-04
1.405442626148205656e-02,-3.315179394933222404e-05,-3.315179394933222404e-05,-3.315179394933221726e-05,4.823990038137155115e-04
1.556954161273782326e-02,-2.541218775595399640e-05,-2.541218775595399640e-05,-2.541218775595399979e-05,3.490825258972823355e-04
1.726885249567356936e-02,-1.755341653608389374e-05,-1.755341653608389374e-05,-1.755341653608389035e-05,2.283556307673805115e-04
1.913745985642895109e-02,-1.066560460736748470e-05,-1.066560460736748470e-05,-1.066560460736748639e-05,1.310524283610553585e-04
2.102457102517781354e-02,-5.238376895522255362e-06,-5.238376895522255362e-06,-5.238376895522253668e-06,5.945197682575190210e-05
2.259168164272382442e-02,-1.422875719008464058e-06,-1.422875719008464058e-06,-1.422875719008463846e-06,1.198497627996278048e-05
2.343456857421898423e-02,9.485322774232391617e-07,9.485322774232391617e-07,9.485322774232388440e-07,-1.595584249856545165e-05
2.328167809422943338e-02,2.147373124224738905e-06,2.147373124224738905e-06,2.147373124224738905e-06,-2.926796922305756842e-05
2.210710213549621148e-02,2.502805650371021553e-06,2.502805650371021553e-06,2.502805650371021553e-06,-3.265589323778779072e-05
2.012610423728409051e-02,2.339236690231192863e-06,2.339236690231192863e-06,2.339236690231192863e-06,-3.021870713672911038e-05
1.773233007511246240e-02,1.898567747604153363e-06,1.898567747604153363e-06,1.898567747604153787e-06,-2.473752222384282377e-05
1.531447938704575025e-02,1.382539305869239038e-06,1.382539305869239038e-06,1.382539305869239038e-06,-1.843908421384623801e-05
1.297433816851529045e-02,8.987390992744171023e-07,8.987390992744171023e-07,8.987390992744171023e-07,-1.245112068769866186e-05
1.041996964884382704e-02,5.113719583713730340e-07,5.113719583713730340e-07,5.113719583713729281e-07,-7.463982952153201173e-06
7.081538181058046229e-03,2.399822914344249424e-07,2.399822914344249424e-07,2.399822914344249424e-07,-3.726379936286647040e-06
2.267266465198872465e-03,7.231257142633629856e-08,7.231257142633629856e-08,7.231257142633631179e-08,-1.123726283752037019e-06
-4.505232558554578097e-03,-8.999141795716065276e-09,-8.999141795716065276e-09,-8.999141795716063621e-09,4.338397670490928394e-07
-1.281920915141515280e-02,-3.533207750530626260e-08,-3.533207750530626260e-08,-3.533207750530626260e-08,1.261129756487067482e-06
-2.076745969182748272e-02,-2.976988661109313537e-08,-2.976988661109313537e-08,-2.976988661109313537e-08,1.539195458714734295e-06
-2.523583222850864921e-02,-1.299627005281867941e-08,-1.299627005281867941e-08,-1.299627005281867941e-08,1.483626252681562958e-06
-2.343757537059835971e-02,2.808113371799732896e-09,2.808113371799732896e-09,2.808113371799733310e-09,1.265608966749066092e-06
-1.505059404864323054e-02,1.214260727808497017e-08,1.214260727808497017e-08,1.214260727808497182e-08,9.591378276980446726e-07
-3.004776636958670071e-03,1.476628910725938753e-08,1.476628910725938753e-08,1.476628910725938753e-08,6.755182544000521481e-07
8.363414080442582721e-03,1.222557524650521074e-08,1.222557524650521074e-08,1.222557524650520908e-08,4.178835472106891583e-07
1.590575379685529520e-02,7.678604280217982331e-09,7.678604280217982331e-09,7.678604280217983986e-09,2.229872969030130357e-07
1.795898245230592716e-02,3.196644126598527266e-09,3.196644126598527266e-09,3.196644126598527679e-09,8.720680401861714728e-08
1.317047396154135200e-02,-3.544956911053132665e-10,-3.544956911053132665e-10,-3.544956911053133182e-10,-5.500842537938911941e-09
1.901939026817821678e-03,-2.031378403011112768e-09,-2.031378403011112768e-09,-2.031378403011113181e-09,-4.875282963705555250e-08
-1.068092147315879287e-02,-2.881539870109710204e-09,-2.881539870109710204e-09,-2.881539870109710617e-09,-7.261935847525925297e-08
-1.683375324457064143e-02,-2.779913732973693249e-09,-2.779913732973693249e-09,-2.779913732973692835e-09,-7.191179491063914885e-08
-1.366257422324830550e-02,-2.464531867711862321e-09,-2.464531867711862321e-09,-2.464531867711862321e-09,-6.315889554356861672e-08
-5.769796610043635178e-03,-2.073396079078846921e-09,-2.073396079078846921e-09,-2.073396079078846921e-09,-5.106770905585451156e-08
3.728041237892753428e-04,-1.497197968873244156e-09,-1.497197968873244156e-09,-1.497197968873244156e-09,-3.467412338769542994e-08
2.474797604023314807e-03,-1.115953631314954024e-09,-1.115953631314954024e-09,-1.115953631314954231e-09,-2.427722490594813683e-08
2.233583822002904902e-03,-6.016890186882965811e-10,-6.016890186882965811e-10,-6.016890186882965811e-10,-1.242891894461094623e-08
1.620131030693561756e-03,-2.936607777884146637e-10,-2.936607777884146637e-10,-2.936607777884147671e-10,-5.909036712962808053e-09
1.255198167595599412e-03,-6.055901499610422703e-11,-6.055901499610422703e-11,-6.055901499610423995e-11,-1.099497204470893131e-09
1.100663829373819827e-03,1.098774622096202671e-10,1.098774622096202671e-10,1.098774622096203188e-10,2.416145881415449570e-09
1.062094090651704214e-03,1.161704320628187858e-10,1.161704320628187858e-10,1.161704320628188117e-10,2.680406440000467474e-09
1.018076714894001122e-03,1.613658794895526672e-10,1.613658794895526672e-10,1.613658794895526931e-10,3.979671339360903243e-09
8.533952435871564783e-04,1.088332436427326663e-10,1.088332436427326663e-10,1.088332436427326663e-10,2.932316381528332470e-09
5.742636169650137869e-04,8.709808603412101470e-11,8.709808603412101470e-11,8.709808603412104055e-11,2.638927125420687122e-09
3.173184226320379005e-04,5.850255068696467455e-11,5.850255068696467455e-11,5.850255068696467455e-11,1.995988183578679471e-09
2.260060430729998423e-04,2.440480713107377686e-11,2.440480713107377686e-11,2.440480713107377362e-11,9.496666330649781424e-10
3.343438279765872695e-04,1.850770595208942409e-11,1.850770595208942409e-11,1.850770595208942086e-11,8.213152872848546242e-10
5.935487498793372849e-04,-3.054917092458312854e-12,-3.054917092458312854e-12,-3.054917092458311642e-12,-1.322240585417364934e-10
9.532499919158593255e-04,-5.445568890759463555e-12,-5.445568890759463555e-12,-5.445568890759464363e-12,-2.270192115665991243e-10
1.360606142488369075e-03,-1.292365792458897514e-11,-1.292365792458897514e-11,-1.292365792458897514e-11,-6.513499883304808831e-10
1.735943227895205736e-03,-1.763412959984940535e-11,-1.763412959984940535e-11,-1.763412959984939888e-11,-9.092223654557329649e-10
1.999421924598695274e-03,-1.569580104908527640e-11,-1.569580104908527640e-11,-1.569580104908527317e-11,-8.094805807562167664e-10
2.102421897180188799e-03,-1.675394370640169830e-11,-1.675394370640169830e-11,-1.675394370640169507e-11,-9.293000523207460968e-10
2.041436866428454795e-03,-6.932341626839714359e-12,-6.932341626839714359e-12,-6.932341626839714359e-12,-3.780681928048787985e-10
1.871541096411237070e-03,4.230813181345495984e-12,4.230813181345495984e-12,4.230813181345495984e-12,1.988752023834814992e-10
1.684790560168669075e-03,2.523536328653331576e-11,2.523536328653331576e-11,2.523536328653332222e-11,1.406212136960852264e-09
1.546590114824693187e-03,5.553239966906117051e-11,5.553239966906117051e-11,5.553239966906117051e-11,3.160364994956666131e-09
1.453264056834760324e-03,9.329608736113990812e-11,9.329608736113990812e-11,9.329608736113989519e-11,5.385370457361984094e-09
1.343698941367680580e-03,1.397307020750033579e-10,1.397307020750033579e-10,1.397307020750033579e-10,8.314558205698865922e-09
1.147278995032745275e-03,1.819143191920066248e-10,1.819143191920066248e-10,1.819143191920066506e-10,1.131511059128258962e-08
8.384956419638336282e-04,2.120548075458766971e-10,2.120548075458766971e-10,2.120548075458766454e-10,1.418182995098668793e-08
4.612551457865835306e-04,2.152898197726191519e-10,2.152898197726191519e-10,2.152898197726192036e-10,1.581042642469471045e-08
1.086117500564100826e-04,1.818300156904394593e-10,1.818300156904394593e-10,1.818300156904394593e-10,1.491953971275334605e-08
-1.285744399179279381e-04,1.057512010616927830e-10,1.057512010616927830e-10,1.057512010616927830e-10,9.762891252050294913e-09
-2.151477381048774349e-04,-1.982871435639524383e-11,-1.982871435639524383e-11,-1.982871435639524060e-11,-2.039838915646054202e-09
-1.791504207771917804e-04,-2.004866940252020107e-10,-2.004866940252020107e-10,-2.004866940252020107e-10,-2.275885261200195212e-08
-7.656861211352131754e-05,-4.464058492324121492e-10,-4.464058492324121492e-10,-4.464058492324122526e-10,-5.476775270969759754e-08
3.194944372415318003e-05,-7.639509869824432630e-10,-7.639509869824432630e-10,-7.639509869824432630e-10,-9.928538294542745887e-08
3.858683146317728644e-05,-1.198596320812904636e-09,-1.198596320812904636e-09,-1.198596320812904222e-09,-1.556442821204886942e-07
4.734162485784719292e-05,-1.693730431668032406e-09,-1.693730431668032406e-09,-1.693730431668031992e-09,-2.197696237945832353e-07
