# Pank,Pftd,Par,GRF
2.548002985974367335e-02,2.232832193688841932e-11,2.548002988207199657e-02,1.671853188338588213e-10
2.555016340831052502e-02,1.560134045392147880e-11,2.555016342391186468e-02,1.203058912251710050e-10
2.096921917738590879e-02,9.762177084959221696e-12,2.096921918714808944e-02,7.821596729999487944e-11
1.495297799382087553e-02,5.301957935813157576e-12,1.495297799912283405e-02,4.441677780833327077e-11
9.420970661600809593e-03,2.248113446346574438e-12,9.420970663848922746e-03,1.976579270026675068e-11
5.177267664037638398e-03,3.785852552648698890e-13,5.177267664416224449e-03,3.457305159215764976e-12
2.326277233507068574e-03,-6.010988272000188746e-13,2.326277232905969543e-03,-6.017316547595520941e-12
5.834070215097743014e-04,-9.843317978951069947e-13,5.834070205254425446e-04,-1.045581346238772481e-11
-4.682417050361510342e-04,-1.011100445705885983e-12,-4.682417060472514716e-04,-1.151506701656658268e-11
-1.130248165240234836e-03,-8.557834497039704028e-13,-1.130248166096018379e-03,-1.053384257760627380e-11
-1.438645083554462726e-03,-6.414124866697442308e-13,-1.438645084195875430e-03,-8.607577295995819411e-12
-1.191764595305567316e-03,-4.298220800999346759e-13,-1.191764595735389292e-03,-6.352064591370117289e-12
-1.861190807903913562e-04,-2.595312327630826334e-13,-1.861190810499225765e-04,-4.276974370097055952e-12
1.510593917649658263e-03,-1.361963690424327462e-13,1.510593917513462087e-03,-2.548110678069423421e-12
3.469109138684580047e-03,-5.631410808120204796e-14,3.469109138628265719e-03,-1.228285173462896323e-12
5.014572990503935075e-03,-1.441000317396028338e-14,5.014572990489524727e-03,-3.830511451203854583e-13
5.511073638097901788e-03,6.047911585061764463e-15,5.511073638103949034e-03,2.065498865631637827e-13
4.656672561360899326e-03,8.502841823537725221e-15,4.656672561369402941e-03,4.317096515473582489e-13
2.548192840781746214e-03,5.115138214381519692e-15,2.548192840786861479e-03,5.501790614965774592e-13
-4.093155528767763096e-04,-6.717353816642930717e-16,-4.093155528774479728e-04,5.357758915470076162e-13
-3.547498636558205076e-03,-4.742921999143748089e-15,-3.547498636562947810e-03,3.999434692928740754e-13
-6.019433349962522752e-03,-8.602669576317559327e-15,-6.019433349971125245e-03,3.889287888298490888e-13
-7.019555121900483002e-03,-5.355222643992007530e-15,-7.019555121905838961e-03,1.721021133812761258e-13
-6.061279324891286763e-03,-7.475206124797681775e-15,-6.061279324898762554e-03,1.864548594520147926e-13
-3.210044755255251573e-03,-3.174643314594646235e-15,-3.210044755258426117e-03,6.722722048684448830e-14
8.527383661150440093e-04,7.041176587087973202e-16,8.527383661157481986e-04,-1.292139767419956031e-14
4.962674138224892721e-03,-5.324478551999759592e-15,4.962674138219568855e-03,8.818403832315743921e-14
7.651107755476971653e-03,9.415090636391685137e-15,7.651107755486387732e-03,-1.434651455238775319e-13
7.442588015822888987e-03,-7.036853206275981098e-15,7.442588015815852949e-03,1.016798245565369089e-13
3.969891264760524834e-03,8.053988940563971590e-15,3.969891264768579155e-03,-1.116052323453493610e-13
-4.877933624218233296e-04,1.615491703987296496e-15,-4.877933624202078142e-04,-1.869104082760148178e-14
-2.341630161409171112e-03,-6.675665330460542437e-15,-2.341630161415846761e-03,8.859728166008881582e-14
-5.327418486332315996e-04,1.595983227025757810e-14,-5.327418486172717099e-04,-2.251187644391333441e-13
3.460607164605077491e-03,-1.785437685702603088e-14,3.460607164587223283e-03,2.716748950252891399e-13
8.653063301039296690e-03,1.647503971211194595e-14,8.653063301055771359e-03,-2.758134438845064963e-13
1.450759986818607114e-02,-8.741868410936957396e-15,1.450759986817732987e-02,1.657850884523012323e-13
1.943970977454068452e-02,-1.326191409450214537e-15,1.943970977453935572e-02,2.509315839650930586e-14
2.177097713629327913e-02,1.090581888152179748e-14,2.177097713630418707e-02,-2.683974578035331320e-13
2.119447573215089628e-02,-1.699786719098253331e-14,2.119447573213389599e-02,4.970052753775326415e-13
1.833928980770450218e-02,1.781153565124837071e-14,1.833928980772231432e-02,-6.214157966541909298e-13
1.384883402683273999e-02,-1.378014076290151775e-14,1.384883402681895762e-02,5.765468242358319172e-13
8.501788101008768764e-03,6.248051982268328383e-15,8.501788101015015503e-03,-3.156515022055885798e-13
3.523647067679723782e-03,2.202486653379861367e-15,3.523647067681926013e-03,-1.295292247367070694e-13
2.965575802686123080e-06,-9.291487070193587623e-15,2.965575793394635822e-06,6.706558804289325038e-13
-1.832240872464528528e-03,1.320654857247411497e-14,-1.832240872451321645e-03,-1.146538710966622566e-12
-2.469494834901741522e-03,-1.331555910435101274e-14,-2.469494834915056825e-03,1.378004314153364863e-12
-2.525306008067625292e-03,9.904966927898302045e-15,-2.525306008057720455e-03,-1.208235037269152866e-12
-2.428541142790689202e-03,-3.979095070735987908e-15,-2.428541142794668223e-03,5.727451447546799019e-13
-2.411793460841958094e-03,-2.967096560375362760e-15,-2.411793460844924904e-03,4.539441103629424696e-13
-2.576406134880296437e-03,9.041398526305863008e-15,-2.576406134871255058e-03,-1.642768186696081460e-12
-2.915404868832416948e-03,-1.234433837056556676e-14,-2.915404868844760806e-03,2.632977056350904798e-12
-3.311385320751917671e-03,1.189291743522739197e-14,-3.311385320740024406e-03,-3.030382137781150410e-12
-3.567964851356000746e-03,-8.055676877023124264e-15,-3.567964851364056368e-03,2.507938923851328554e-12
-3.490174456609910440e-03,2.455411963626955880e-15,-3.490174456607455372e-03,-9.723036569965774530e-13
-2.967036089053946227e-03,2.986240723697451859e-15,-2.967036089050959901e-03,-1.376114176087719349e-12
-2.007459570185735065e-03,-6.865406385133404591e-15,-2.007459570192600233e-03,3.969610916370516832e-12
-7.128383259046011926e-04,8.984228235250868786e-15,-7.128383258956169513e-04,-6.008229984406914942e-12
7.698526002814665842e-04,-9.693248218723386208e-15,7.698526002717733831e-04,6.616981440776121482e-12
2.251791138456952883e-03,8.301998229128938142e-15,2.251791138465254836e-03,-5.141030803056808809e-12
3.502406189437015128e-03,-2.706696173748106420e-15,3.502406189434308526e-03,1.470706236110750312e-12
4.306486500490135441e-03,-8.760852657793044741e-15,4.306486500481374220e-03,3.871611830371837865e-12
4.537868618850149534e-03,2.437918647844239482e-14,4.537868618874528470e-03,-9.471537847128870452e-12
4.184395284414371870e-03,-3.917945848064735791e-14,4.184395284375193140e-03,1.364400606137275910e-11
3.323654684908292512e-03,4.477150280622302290e-14,3.323654684953064424e-03,-1.431171937028453572e-11
2.105112789555530460e-03,-3.491522248610050724e-14,2.105112789520615247e-03,1.042839375256989658e-11
7.466994215841898409e-04,6.960895583712769881e-15,7.466994215911507441e-04,-1.629689656414299657e-12
-5.112597002870971014e-04,3.228924898253922968e-14,-5.112597002548078260e-04,-1.030945395322533646e-11
-1.483663774195326636e-03,-7.201660410174349111e-14,-1.483663774267343248e-03,2.245075996917297862e-11
-2.075819369550656150e-03,1.005812681635874218e-13,-2.075819369450075148e-03,-3.073491629403481725e-11
-2.279617099248250952e-03,-1.056337382226840954e-13,-2.279617099353884770e-03,3.072176825473808698e-11
-2.162276753122507368e-03,7.821292391519133678e-14,-2.162276753044294324e-03,-2.086693220624253284e-11
-1.830047120337865117e-03,-4.350314314591658275e-15,-1.830047120342215587e-03,-3.143547463709503268e-13
-1.387091260774251386e-03,-9.767698113786157247e-14,-1.387091260871928244e-03,2.619092795059075214e-11
-9.192387649029458430e-04,2.133974085321332970e-13,-9.192387646895484009e-04,-5.340455894402535298e-11
-4.847390564506347840e-04,-2.800510306609322355e-13,-4.847390567306858315e-04,6.783947063516000327e-11
-1.145363352306334026e-04,2.814283181263133228e-13,-1.145363349492050796e-04,-6.665998061136429921e-11
1.720881564159259028e-04,-1.735505235320358811e-13,1.720881562423753842e-04,3.938952510236971057e-11
3.595152685649876615e-04,-2.208882991671949950e-14,3.595152685428988312e-04,8.016340373003987296e-12
4.405991856422386294e-04,2.825941606248976113e-13,4.405991859248327815e-04,-6.649476044690485286e-11
4.272215327944428229e-04,-5.788460770060729875e-13,4.272215322155967156e-04,1.253787001310035244e-10
3.500528731252103179e-04,7.409678892411077675e-13,3.500528738661782061e-04,-1.476569057856880447e-10
2.362834681040986698e-04,-8.055290457297230609e-13,2.362834672985696593e-04,1.472409591595747123e-10
9.727985139288128694e-05,4.007291231639621644e-13,9.727985179361040588e-05,-6.382597592923342343e-11
-5.920742732434683755e-05,8.689945942425758990e-14,-5.920742723744738291e-05,-2.178791493744974093e-11
-2.201972686038926471e-04,-1.166077381448626056e-12,-2.201972697699700271e-04,1.838962310479300064e-10
-3.695344619034364821e-04,1.874165400631111393e-12,-3.695344600292711085e-04,-2.672177207860486540e-10
-4.876119053451210736e-04,-2.739609638462447330e-12,-4.876119080847307195e-04,3.492863121338691851e-10
-5.521361244360593846e-04,2.575371916254731587e-12,-5.521361218606873943e-04,-2.903355780253558993e-10
-5.535202023715110956e-04,-1.323593238807863696e-12,-5.535202036951043488e-04,1.170014609335222794e-10
-5.191818326761231091e-04,-5.612234561780857552e-13,-5.191818332373465943e-04,7.339305851571773323e-11
-5.114337762309086998e-04,5.743641020982208611e-12,-5.114337704872676769e-04,-4.988551212386904018e-10
-5.940923355584350456e-04,-6.806242482955348251e-12,-5.940923423646775727e-04,5.056519906385501179e-10
-8.198061042417569000e-04,1.458029958407887161e-11,-8.198060896614574756e-04,-9.489655924322111455e-10
-1.245026026774358977e-03,-5.972954686791161740e-12,-1.245026032747313747e-03,3.307235626871541318e-10
-1.915586748853994594e-03,1.088102122508659014e-11,-1.915586737972973250e-03,-5.504393097737560118e-10
-2.809717239965358552e-03,1.460510647349781915e-11,-2.809717225360251931e-03,-7.000528569951760541e-10
-3.796594447882927718e-03,-1.621349164583355180e-11,-3.796594464096419205e-03,6.983091962311103516e-10
-4.677957918926300453e-03,4.099615634263592765e-11,-4.677957877930144330e-03,-1.602603265365526350e-09
-5.287773785801350157e-03,-5.092263944908955252e-11,-5.287773836723989526e-03,1.824815163860734256e-09
-5.558577825862666758e-03,1.405350305213484046e-11,-5.558577811809163605e-03,-4.767543794471940625e-10
-5.525280955643436381e-03,-6.160348624068499667e-11,-5.525281017246921715e-03,1.895726234112969465e-09
-5.280304792979254730e-03,-1.281213017468353584e-10,-5.280304921100556492e-03,3.644331027577982292e-09
-4.922893530413230932e-03,-6.036255044966286187e-11,-4.922893590775781827e-03,1.614917428503255942e-09
-4.570279859763016865e-03,-3.496368118847634934e-10,-4.570280209399828555e-03,8.737382210038098279e-09
-4.413362852601220195e-03,-1.338274360392367804e-10,-4.413362986428656307e-03,3.140654358406368194e-09
-4.714819100770153808e-03,-4.443777813292448186e-10,-4.714819545147935775e-03,9.773581643082105091e-09
-5.687598061364959427e-03,-3.082724541488527994e-10,-5.687598369637413866e-03,6.354003434166476441e-09
-7.336057500466224880e-03,-7.016541349158851062e-11,-7.336057570631638290e-03,1.351762545385186535e-09
-9.432153776392991976e-03,-2.071064866142719453e-10,-9.432153983499478450e-03,3.684916288853861382e-09
-1.165745178156311034e-02,1.194822407706227126e-09,-1.165745058674070266e-02,-1.955362518031182813e-08
-1.376790508555272505e-02,1.324416349755305848e-09,-1.376790376113637589e-02,-1.990651228217456474e-08
-1.573789491645209704e-02,3.917872712681647283e-09,-1.573789099857938675e-02,-5.351057674325219981e-08
-1.796613183725708981e-02,6.047337089641511904e-09,-1.796612578992000039e-02,-7.523061656083430892e-08
-2.148169177692023021e-02,8.650410985613171882e-09,-2.148168312650924547e-02,-9.795523250865878338e-08
-2.795995574672244591e-02,1.405027820714274537e-08,-2.795994169644424113e-02,-1.459040140208022874e-07
-3.943588885045102438e-02,1.398692467096942201e-08,-3.943587486352635035e-02,-1.346487660143522868e-07
-5.750452879333525086e-02,1.813439116862632423e-08,-5.750451065894408853e-02,-1.643994521788135128e-07
-8.167297412437120319e-02,1.114774032004367306e-08,-8.167296297663088900e-02,-9.731883207920517624e-08
-1.075445443861584027e-01,4.418402220269886109e-10,-1.075445439443181855e-01,-3.308440932612960994e-09
-1.270654563394452152e-01,-1.802365283061026024e-08,-1.270654743630980354e-01,1.614944741611672640e-07
-1.318286097242599708e-01,-5.220405842504719527e-08,-1.318286619283184080e-01,4.983147490333893920e-07
-1.170819902542468982e-01,-7.895740222866011685e-08,-1.170820692116491257e-01,8.402797253595236234e-07
-8.393305666648233354e-02,-1.159275484369832576e-07,-8.393317259403076935e-02,1.438920701089197782e-06
-3.953479358135547628e-02,-1.312945332289140806e-07,-3.953492487588870785e-02,1.999784617487937879e-06
5.249652031243547297e-03,-1.328928390205375008e-07,5.249519138404525921e-03,2.624681199091953185e-06
4.093101680027556866e-02,-1.153302877774504578e-07,4.093090146998779044e-02,3.152135124330319770e-06
6.322982223332451746e-02,-7.880580001000498127e-08,6.322974342752450683e-02,3.145236508400111951e-06
7.251673929311791555e-02,-4.699452762036306239e-08,7.251669229859028509e-02,2.707156996161062850e-06
7.158971926037645261e-02,-3.305355734448712219e-08,7.158968620681910311e-02,8.495869240965802700e-07
6.427422298180435201e-02,-6.631440087491425685e-08,6.427415666740347866e-02,-2.352512671767177051e-06
5.434486559144406648e-02,-1.770677487085110519e-07,5.434468852369535308e-02,-7.745225799658499578e-06
4.452062525734491738e-02,-3.988391027933182618e-07,4.452022641824212451e-02,-1.573903035891530868e-05
3.605215062049411945e-02,-7.411499868249736068e-07,3.605140947050729239e-02,-2.588780812429357904e-05
2.902018192471194150e-02,-1.228298084058716739e-06,2.901895362662788511e-02,-3.872430846573859248e-05
2.295603140963000180e-02,-1.769267235512641269e-06,2.295426214239448814e-02,-5.162697892792953905e-05
1.735622756952021409e-02,-2.281217713155249761e-06,1.735394635180706122e-02,-6.316936932067907819e-05
1.198338365533569913e-02,-2.511794514161538537e-06,1.198087186082153789e-02,-6.839702187179597581e-05
7.047754853901256819e-03,-2.102862842752243936e-06,7.045651991058505224e-03,-6.085485991653948181e-05
3.101170901498510272e-03,-6.320045263503549042e-07,3.100538896972160081e-03,-3.361401074653482018e-05
5.133223751825683650e-04,2.603712929908599057e-06,5.159260881124769433e-04,2.555410360660124389e-05
-7.521496297234675152e-04,8.036574397525417541e-06,-7.441130553259422010e-04,1.243277384026713142e-04
-7.117090413688897986e-04,1.613548688291537367e-05,-6.955735544859743911e-04,2.742245985817193970e-04
7.328213268167391809e-04,2.667767942589798429e-05,7.594990062426371178e-04,4.781281158905858380e-04
3.461617182083666887e-03,3.878984692295189878e-05,3.500407029006619240e-03,7.295170282226791326e-04
7.024755917769452164e-03,5.089156379874403046e-05,7.075647481568195923e-03,1.009603103392279306e-03
1.076577143507592704e-02,5.975174906823889858e-05,1.082552318414416702e-02,1.266770906538255449e-03
1.403485255071799422e-02,6.146452380368265858e-05,1.409631707452167759e-02,1.428390291233775896e-03
1.636852107089893649e-02,5.031658402786052799e-05,1.641883765492679892e-02,1.370683779684191269e-03
1.758497340135062662e-02,2.004547376726878219e-05,1.760501887511789487e-02,9.342647934041032384e-04
1.779403085674204424e-02,-3.595117715140427233e-05,1.775807967959064024e-02,-7.831735343723130729e-05
1.729306608473170359e-02,-1.237323069602535349e-04,1.716933377777145331e-02,-1.896082122449601129e-03
1.641608583555321382e-02,-2.449327854445115197e-04,1.617115305010870252e-02,-4.712298584059047835e-03
1.551610369451869413e-02,-3.954100150868775586e-04,1.512069367943181565e-02,-8.667877681967197170e-03
1.500384266685879896e-02,-5.594349477541349759e-04,1.444440771910466235e-02,-1.370729051131034520e-02
1.519606090071491319e-02,-7.097416769274822283e-04,1.448631922378743053e-02,-1.948892633476432754e-02
1.615863914473028226e-02,-8.074604331949612095e-04,1.535117871153532376e-02,-2.521633778400510575e-02
1.778011608820709299e-02,-8.025366947397586303e-04,1.697757939346733469e-02,-2.943241373730258806e-02
1.989783223649186847e-02,-6.380486007071105737e-04,1.925978363578475724e-02,-2.992925369758625553e-02
2.234029047032551341e-02,-2.481858090926079580e-04,2.209210466123290653e-02,-2.354333041647746136e-02
2.489965597996399507e-02,4.350504708401821950e-04,2.533470645080417374e-02,-6.298997330451665787e-03
2.724053162922798754e-02,1.475360696272645438e-03,2.871589232550063320e-02,2.639614874853656729e-02
2.886468526917876712e-02,2.907345836714484138e-03,3.177203110589325169e-02,7.910313916079507457e-02
2.925168110697680748e-02,4.691066030227873836e-03,3.394274713720468739e-02,1.551321607173378470e-01
2.807530836272658162e-02,6.662759654494748197e-03,3.473806801722133242e-02,2.549423600799829992e-01
2.530502982866625686e-02,8.483804033076648363e-03,3.378883386174290349e-02,3.734215954051225417e-01
2.117773000128380170e-02,9.633776724408351158e-03,3.081150672569215460e-02,4.969543471917791111e-01
1.610313203649323469e-02,9.441261332040182946e-03,2.554439336853342110e-02,5.996225162585324675e-01
1.052890411838970988e-02,7.185136942217998889e-03,1.771404106060770964e-02,6.395993917082736235e-01
4.869446747972452569e-03,2.281201167513687011e-03,7.150647915486139580e-03,5.567044456453792423e-01
-4.610964301431905751e-04,-5.459327532597471264e-03,-5.920423962740661676e-03,2.716489977733051453e-01
-5.024882589266544894e-03,-1.550107283881307051e-02,-2.052595542807961540e-02,-3.094171994481780263e-01
-8.397898239254786984e-03,-2.631171871680756252e-02,-3.470961695606234604e-02,-1.284582210157829696e+00
-1.021863621292900919e-02,-3.525585069987283854e-02,-4.547448691280184946e-02,-2.735406842813815409e+00
-1.024824076368981499e-02,-3.885811498972718131e-02,-4.910635575341699283e-02,-4.693602116015876291e+00
-8.505783149197691795e-03,-3.360868502742294511e-02,-4.211446817662063691e-02,-7.093919052970144357e+00
-5.465768903270374485e-03,-1.735019899351266173e-02,-2.281596789678303622e-02,-9.710396902935233499e+00
-2.131584413947707445e-03,8.918751520291831256e-03,6.787167106344122076e-03,-1.208247102272139273e+01
2.111655731906575645e-04,3.939888848591900639e-02,3.961005405910966726e-02,-1.343725770346582671e+01
5.341764642349258133e-04,6.279430086913910525e-02,6.332847733337403084e-02,-1.262440826420653828e+01
-1.359836669042600952e-03,6.333744551749523333e-02,6.197760884845263107e-02,-8.088978536160682964e+00
-4.592886753051375615e-03,2.415998567419661014e-02,1.956709892114523452e-02,2.072114351261057141e+00
-7.774096048874062220e-03,-6.649368251063351998e-02,-7.426777855950758567e-02,1.991864922781077496e+01
-1.109364621226708626e-02,-2.063182958892147978e-01,-2.174119421014818754e-01,4.729167315857042553e+01
-2.012839395048285698e-02,-3.693335490584389591e-01,-3.894619430089217849e-01,8.519573470119885883e+01
-4.879358682712042761e-02,-5.020043802751900097e-01,-5.507979671023104373e-01,1.328888573401753490e+02
-1.142002686306055892e-01,-5.379878697506835783e-01,-6.521881383812893063e-01,1.869659090529525258e+02
-2.184166143780261193e-01,-4.409347867629234141e-01,-6.593514011409495890e-01,2.418126697673081935e+02
-3.330297036994508408e-01,-2.441709658678686279e-01,-5.772006695673194132e-01,2.922258845975411532e+02
-4.112058270215415701e-01,-3.058509874368929918e-02,-4.417909257652308241e-01,3.358147327512511424e+02
-4.173257096640108355e-01,1.312370866350939524e-01,-2.860886230289169108e-01,3.729019502986938051e+02
-3.458850495800862568e-01,2.214112109422997354e-01,-1.244738386377865352e-01,4.052029098145649755e+02
-2.219714819974521747e-01,2.540888146893250932e-01,3.211733269187291850e-02,4.348588304142487573e+02
-8.818805377294068604e-02,2.504451238541275382e-01,1.622570700811868938e-01,4.637621129913284221e+02
1.478006860366972049e-02,2.270589416006311978e-01,2.418390102043009304e-01,4.931986818554021283e+02
6.472438599411632631e-02,1.955818615548623740e-01,2.603062475489787420e-01,5.238955438697255431e+02
6.395188066036787411e-02,1.629281135035353656e-01,2.268799941639032258e-01,5.561186497315823090e+02
3.227670153632015287e-02,1.322498157244336447e-01,1.645265172607537907e-01,5.896133505684424563e+02
-7.339599608547992850e-03,1.061222256138756592e-01,9.878262600532766724e-02,6.235732989421677530e+02
-3.927975092128413448e-02,8.806724088405182282e-02,4.878748996276768141e-02,6.568069355538907530e+02
-5.598978830737779550e-02,8.041191610868074491e-02,2.442212780130294941e-02,6.879769238482082301e+02
-5.345728832518685525e-02,8.178578471177731790e-02,2.832849638659046265e-02,7.157755329527196864e+02
-2.927660439724939778e-02,8.766834959928827831e-02,5.839174520203888052e-02,7.390833202337805687e+02
1.484473483987051694e-02,9.327806787523044985e-02,1.081228027151009546e-01,7.571435333981270333e+02
7.110252971810181177e-02,9.574799860207504343e-02,1.668505283201768552e-01,7.696515732479138023e+02
1.278642670373581480e-01,9.411889056006947363e-02,2.219831575974275939e-01,7.766967778958704685e+02
1.741123452834963947e-01,8.831366520849151525e-02,2.624260104919878822e-01,7.786363657224941335e+02
2.025523095092823522e-01,7.868547052084559623e-02,2.812377800301279485e-01,7.759784526860953520e+02
2.101660364963386374e-01,6.631602092595008380e-02,2.764820574222887073e-01,7.692897438048731829e+02
1.972116469599084210e-01,5.329793648916474752e-02,2.505095834490731477e-01,7.591441973729222354e+02
1.664301779229941380e-01,4.231749291387313511e-02,2.087476708368672662e-01,7.461177950685889755e+02
1.227706665309349215e-01,3.557984414430495623e-02,1.583505106752398917e-01,7.308025022284891747e+02
7.276883437252276710e-02,3.398292233231856030e-02,1.067517567048413274e-01,7.138121021838665001e+02
2.352698194756782865e-02,3.717671909593971841e-02,6.070370104350753665e-02,6.957792110682996736e+02
-1.846635514417399940e-02,4.411502991563205633e-02,2.564867477145805694e-02,6.773380085892036959e+02
-4.879872772420292687e-02,5.342836328186532230e-02,4.629635557662393694e-03,6.590853632926559840e+02
-6.631390033109793580e-02,6.355014645462067624e-02,-2.763753876477261298e-03,6.415521863021177751e+02
-7.331290692974533341e-02,7.304807731199070009e-02,-2.648296177546341306e-04,6.252033969534368225e+02
-7.462481695983119723e-02,8.105953930670994900e-02,6.434722346878750908e-03,6.104344000571709330e+02
-7.537693584471137631e-02,8.713256941899047425e-02,1.175563357427910488e-02,5.975456577832533185e+02
-7.844237375250767696e-02,9.058456167518458280e-02,1.214218792267691277e-02,5.867246264534556985e+02
-8.412840140995399285e-02,9.064333527722036321e-02,6.514933867266377299e-03,5.780603892660036536e+02
-9.253250973827994996e-02,8.782926749367984953e-02,-4.703242244600094359e-03,5.715650858218485837e+02
-1.050038350719479929e-01,8.431517945996544472e-02,-2.068865561198255515e-02,5.671785856167402926e+02
-1.227235985704723947e-01,8.180556176620479292e-02,-4.091803680426760875e-02,5.647752687610108069e+02
-1.456407999883440052e-01,8.008052243171609463e-02,-6.556027755662792444e-02,5.641836724025416743e+02
-1.736706030149541835e-01,7.830196258439260648e-02,-9.536864043056159090e-02,5.652092124117230014e+02
-2.073549811480989158e-01,7.630594274357498097e-02,-1.310490384045239209e-01,5.676513435215388199e+02
-2.469675385354317132e-01,7.434582060565261830e-02,-1.726217179297790949e-01,5.713162803740477784e+02
-2.922919197268251112e-01,7.291727607106464337e-02,-2.193746436557605095e-01,5.760275800821113990e+02
-3.432933884304474881e-01,7.299316767115254789e-02,-2.703002207592949402e-01,5.816262958471745605e+02
-3.997287284690957954e-01,7.564010785561413319e-02,-3.240886206134816483e-01,5.879690430194631290e+02
-4.596457571689850918e-01,8.125829508457875494e-02,-3.783874620844063230e-01,5.949370354011980453e+02
-5.190005437252450671e-01,8.937269793142754715e-02,-4.296278457938175199e-01,6.024442746314166470e+02
-5.733173072399569969e-01,9.896609408722402412e-02,-4.743512131527329867e-01,6.104345207488463529e+02
-6.197568351874296333e-01,1.088915197263885665e-01,-5.108653154610410807e-01,6.188710002623236051e+02
-6.580268423156280244e-01,1.183180548586629938e-01,-5.397087874569650445e-01,6.277318965261961239e+02
-6.900007286926873595e-01,1.270017315555006798e-01,-5.629989971371865964e-01,6.370169459605314159e+02
-7.184018229652167076e-01,1.349477837876244257e-01,-5.834540391775923096e-01,6.467550091281023015e+02
-7.449582238770244835e-01,1.416224414304253221e-01,-6.033357824465991337e-01,6.570099290359555653e+02
-7.690712339978391654e-01,1.455389221087377283e-01,-6.235323118891014094e-01,6.678757928003133202e+02
-7.886262032090164409e-01,1.451150068538399618e-01,-6.435111963551765069e-01,6.794494379395010810e+02
-8.024369012345612395e-01,1.402794841927999525e-01,-6.621574170417612315e-01,6.918019364647269640e+02
-8.110148721251028148e-01,1.327906600435408702e-01,-6.782242120815618058e-01,7.049659056047270269e+02
-8.148192767892632471e-01,1.249204103664481869e-01,-6.898988664228150602e-01,7.189191015250557939e+02
-8.129167519228238659e-01,1.184000786079836137e-01,-6.945166733148402383e-01,7.335633084402282975e+02
-8.033776801080201313e-01,1.143219917897405347e-01,-6.890556883182795689e-01,7.487197807169950465e+02
-7.842105143506974407e-01,1.131997720077861647e-01,-6.710107423429112483e-01,7.641387364943926741e+02
-7.540827994976574411e-01,1.150317260926446844e-01,-6.390510734050127706e-01,7.795078965309830892e+02
-7.128795457670097369e-01,1.196174485251192410e-01,-5.932620972418904959e-01,7.944577026260881212e+02
-6.621637471708493594e-01,1.269869397865165395e-01,-5.351768073843328200e-01,8.085799739159408546e+02
-6.049478870053454083e-01,1.376738421772736864e-01,-4.672740448280717218e-01,8.214701153054123779e+02
-5.441625628282206195e-01,1.525535716798301911e-01,-3.916089911483904284e-01,8.327641502703985452e+02
-4.806639955632324712e-01,1.722094447489651015e-01,-3.084545508142673698e-01,8.421449582856147345e+02
-4.119427200281813306e-01,1.964635487022074745e-01,-2.154791713259738561e-01,8.493325419554047357e+02
-3.315633345108592867e-01,2.244204366761614611e-01,-1.071428978346978533e-01,8.540802017616655348e+02
-2.300615900273203507e-01,2.544499978464380141e-01,2.438840781911768771e-02,8.561760264796813544e+02
-9.929715053991590434e-02,2.841511400440831503e-01,1.848539895041672321e-01,8.554430147186915292e+02
6.192747078140621586e-02,3.110117602029583983e-01,3.729392309843646003e-01,8.517408897003516586e+02
2.472979409062520395e-01,3.335661747685275680e-01,5.808641156747796908e-01,8.449642097533244396e+02
4.475799612999079025e-01,3.519927911354797656e-01,7.995727524353877236e-01,8.350267201147988771e+02
6.545627880067839133e-01,3.672615817732137189e-01,1.021824369779997577e+00,8.218289325160716317e+02
8.623419574578601310e-01,3.794530811733870523e-01,1.241795038631247072e+00,8.052163458969146177e+02
1.067255631355765066e+00,3.870404024323633174e-01,1.454296033788128328e+00,7.849519933509016028e+02
1.266893249223655094e+00,3.875756323968400086e-01,1.654468881620494880e+00,7.607039098425098018e+02
1.458765684744816493e+00,3.785902971032693021e-01,1.837355981848085573e+00,7.320350528343600445e+02
1.639929503461127647e+00,3.579354073953779913e-01,1.997864910856505638e+00,6.984293071810216134e+02
1.807471035463732223e+00,3.239772212331858969e-01,2.131448256696918175e+00,6.593913676286364307e+02
1.958124325916555941e+00,2.766787391352348857e-01,2.234803065051790938e+00,6.145933334574961009e+02
2.085574806575255291e+00,2.203029852130325983e-01,2.305877791788288000e+00,5.640037570479295255e+02
2.176582561824491169e+00,1.664731189597067895e-01,2.343055680784198014e+00,5.079803431801676084e+02
2.207967256346528906e+00,1.353317228808614270e-01,2.343298979227390166e+00,4.473552480864664744e+02
2.144790927281304604e+00,1.533061049014347310e-01,2.298097032182739419e+00,3.835101428499855842e+02
1.948120001201660845e+00,2.438049238058098978e-01,2.191924925007470826e+00,3.183875019277389242e+02
1.602006257812968570e+00,4.088589781855099803e-01,2.010865235998478440e+00,2.543914573081156902e+02
1.142806543263354069e+00,6.120970431396354217e-01,1.754903586402989379e+00,1.941710753440495978e+02
6.604306457633056793e-01,7.805968500219147010e-01,1.441027495785220269e+00,1.402657311558616300e+02
2.625194114432319870e-01,8.342032048743759365e-01,1.096722616317608034e+00,9.462276745320069438e+01
2.086037002584610264e-02,7.309558928761995533e-01,7.518162629020456178e-01,5.819546030315108709e+01
-6.284502439188753564e-02,4.965990224542443654e-01,4.337539980623568714e-01,3.088941842159754003e+01
-4.570646090513427046e-02,2.125339595574098073e-01,1.668274986522755576e-01,1.183701928593764841e+01
1.946498662886896915e-03,-3.117378562381912036e-02,-2.922728696093222431e-02,-2.688274438433819746e-01
3.670147554971223136e-02,-1.821997719575558505e-01,-1.454982964078436192e-01,-6.939789623748274572e+00
4.880811363189577201e-02,-2.376903734514032862e-01,-1.888822598195075142e-01,-9.704860213394143287e+00
4.587487352442565919e-02,-2.247458741276216199e-01,-1.788710006031959399e-01,-9.934290626608042629e+00
3.747487391720426275e-02,-1.766543388624221278e-01,-1.391794649452178789e-01,-8.728260690137442879e+00
2.934546936532230615e-02,-1.196802083510962594e-01,-9.033473898577396022e-02,-6.889085952110901800e+00
2.350514266430736576e-02,-6.956603788559025114e-02,-4.606089522128287844e-02,-4.946308707430899787e+00
1.985613317009577924e-02,-3.297279559820576189e-02,-1.311666242810998091e-02,-3.207153753196388735e+00
1.754784869621826837e-02,-1.047975950475367631e-02,7.068089191464592067e-03,-1.814252968790384557e+00
1.578113258772342875e-02,5.329727402734467552e-04,1.631410532799687507e-02,-7.999663628169053631e-01
1.410585986661191948e-02,3.760708087001108334e-03,1.786656795361302869e-02,-1.313661249793034724e-01
1.240718052451476004e-02,2.682586078400112616e-03,1.508976660291487353e-02,2.561952183516917891e-01
1.076518367170659421e-02,-4.662773713261030120e-05,1.071855593457398531e-02,4.362110703167412229e-01
9.335021773591771141e-03,-2.737058069168546871e-03,6.597963704423223837e-03,4.772352539778357827e-01
8.311396355754840926e-03,-4.542983854683013169e-03,3.768412501071827323e-03,4.358445325974987239e-01
7.903137263105949537e-03,-5.238617245376694757e-03,2.664520017729253912e-03,3.544147671961320745e-01
8.263486646006923744e-03,-4.978239068258489761e-03,3.285247577748432683e-03,2.617717142649035877e-01
9.411879649968394809e-03,-4.087394846174868292e-03,5.324484803793526518e-03,1.753589881853820642e-01
1.117275473752134783e-02,-2.911297682191193916e-03,8.261457055330153482e-03,1.040038779825963183e-01
1.321222859834747694e-02,-1.726439637339479121e-03,1.148578896100799739e-02,5.055720384818875035e-02
1.524193880604653682e-02,-7.102035465756114481e-04,1.453173525947092613e-02,1.419781878955967379e-02
1.715539838325715050e-02,5.468554969148843570e-05,1.721008393294863950e-02,-7.824440772581708892e-03
1.886461597487124053e-02,5.549510236918636088e-04,1.941956699856310642e-02,-1.895945537413287404e-02
2.013009759702602541e-02,8.179961267596937580e-04,2.094809372378571982e-02,-2.257255998019745691e-02
2.066956602195501452e-02,8.920575558012813289e-04,2.156162357775629618e-02,-2.154157259237955008e-02
2.034796803027538042e-02,8.319602053129519391e-04,2.117992823558833421e-02,-1.807778213509528623e-02
1.928984319405973799e-02,6.911836509329662192e-04,1.998102684499270323e-02,-1.373377213727662929e-02
1.791321773715328150e-02,5.161324436333724263e-04,1.842935018078665360e-02,-9.486538563191371232e-03
1.678706902282288416e-02,3.425718927429082005e-04,1.712964091556579138e-02,-5.862066843277780048e-03
1.636477025930971330e-02,1.938617703793493491e-04,1.655863202968906045e-02,-3.070242598317643196e-03
1.684009147198181622e-02,8.064374990751478167e-05,1.692073522188933254e-02,-1.112805123369647745e-03
1.816545173888069881e-02,4.114177844883283442e-06,1.816956591672558297e-02,1.193795355257580939e-04
2.013171406247637671e-02,-4.062243931491736902e-05,2.009109162316145836e-02,7.850522347868855218e-04
2.249164202321830147e-02,-6.104603127963091516e-05,2.243059599193867118e-02,1.048151959054177641e-03
2.504426823309778213e-02,-6.477575213121993805e-05,2.497949248096656416e-02,1.052645113445068283e-03
2.753013159439099064e-02,-5.846221986539746457e-05,2.747166937452559174e-02,9.140805614428311942e-04
2.946408562192836048e-02,-4.709411806067039793e-05,2.941699150386769060e-02,7.144508461193847804e-04
3.021205005849298894e-02,-3.431795843890211986e-05,3.017773210005408879e-02,5.081516381397601983e-04
2.927661933560356602e-02,-2.245189271455572282e-05,2.925416744288901125e-02,3.258024066962091352e-04
2.653671524813638535e-02,-1.275696635805769495e-05,2.652395828177832662e-02,1.810506156818576654e-04
2.231834115512220523e-02,-5.705753725833943140e-06,2.231263540139636833e-02,7.679830354487062762e-05
1.725019963669960701e-02,-1.139641912662367966e-06,1.724905999478694441e-02,8.670165348843566564e-06
1.199822526087436156e-02,1.360005044777499995e-06,1.199958526591913925e-02,-3.009643699191354917e-05
7.059606323299391119e-03,2.381711359201500473e-06,7.061988034658592782e-03,-4.753637587574112259e-05
2.715837902746245404e-03,2.470742516374245813e-06,2.718308645262619821e-03,-5.082160375193525345e-05
-8.826001793340121446e-04,2.068705182833854960e-06,-8.805314741511783248e-04,-4.575951183838619570e-05
-3.607746701379819457e-03,1.500977349944062904e-06,-3.606245724029874793e-03,-3.688146138917418261e-05
-5.292571467607054027e-03,9.496123077771966114e-07,-5.291621855299277408e-03,-2.695730876030966405e-05
-5.808056005382158937e-03,5.183939088627580214e-07,-5.807537611473296245e-03,-1.788428632328917161e-05
-5.275455724124308333e-03,2.303720489786179359e-07,-5.275225352075329534e-03,-1.045159489928917815e-05
-4.177689724138645803e-03,7.278948525737609939e-08,-4.177616934653387987e-03,-4.923820906416250207e-06
-3.206778627928559382e-03,1.253368179642276587e-08,-3.206766094246762955e-03,-1.230844397660187582e-06
-2.920920084050275881e-03,1.007585363596262840e-08,-2.920910008196640067e-03,1.008447148189824621e-06
-3.381054774770799690e-03,3.277673792215797537e-08,-3.381021998032876941e-03,2.086005133358158462e-06
-4.000008571740599518e-03,5.784790133194039439e-08,-3.999950723839267551e-03,2.417522921627978970e-06
-3.733941839832105938e-03,7.339472736451170069e-08,-3.733868445104741689e-03,2.272906587712791509e-06
-1.603017154882438672e-03,7.602064845422576882e-08,-1.602941134233984476e-03,1.880950605004174962e-06
2.467632979683091147e-03,6.861684158966413413e-08,2.467701596524680876e-03,1.424201954883504441e-06
6.762186783344923541e-03,5.358028095885379393e-08,6.762240363625882100e-03,9.663036726747370718e-07
7.944285011933453072e-03,3.678918703298906410e-08,7.944321801120486637e-03,5.944443345015437389e-07
3.815586387554861618e-03,2.022876214160831701e-08,3.815606616317003107e-03,3.026397484306470629e-07
-3.248505545487620841e-03,7.041839064684975735e-09,-3.248498503648556291e-03,1.013318549647518361e-07
-8.254061342488414402e-03,-1.448542300166247745e-09,-8.254062791030714399e-03,-2.005650102926658507e-08
-9.635232577115652661e-03,-6.261965787120763062e-09,-9.635238839081438841e-03,-9.052961985960730851e-08
-9.759139305990151628e-03,-7.340453507726120554e-09,-9.759146646443658812e-03,-1.110944989964033780e-07
-1.001040465628564961e-02,-6.968238689464448608e-09,-1.001041162452433880e-02,-1.123932618454283622e-07
-8.979477093022441778e-03,-5.477426381270100034e-09,-8.979482570448824030e-03,-9.555218776219611014e-08
-5.007017997788631124e-03,-3.836807082332997497e-09,-5.007021834595714108e-03,-7.342569714397073057e-08
1.497294893621738381e-03,-2.502475410934361559e-09,1.497292391146327461e-03,-5.319158762660887003e-08
8.203389702232862304e-03,-1.341446407327693654e-09,8.203388360786455225e-03,-3.204195514259971608e-08
1.269501923299142139e-02,-6.917562803561554039e-10,1.269501854123514066e-02,-1.883900621817919595e-08
1.402102319621159436e-02,-2.196920280483680427e-10,1.402102297651956590e-02,-6.930940606187380712e-09
1.263981232955173686e-02,-9.175903745290934941e-12,1.263981232037583204e-02,-3.452134061871643003e-10
9.624095076000838481e-03,7.393176999809368243e-11,9.624095149932608909e-03,3.243185593926415691e-09
6.267961560586785170e-03,1.103148842051891885e-10,6.267961670901669134e-03,5.793078616227774412e-09
3.730528510640061367e-03,8.267913173304089461e-11,3.730528593319193138e-03,5.197202565380827288e-09
2.509906111410170702e-03,7.298412646626394635e-11,2.509906184394297256e-03,5.514074288566032413e-09
2.356187079031894782e-03,4.613046178646076745e-11,2.356187125162356646e-03,4.185795944166818802e-09
2.681251840804393504e-03,3.074537458678393110e-11,2.681251871549768066e-03,3.348815087339466067e-09
2.957706564384147974e-03,2.019484517910568812e-11,2.957706584578993336e-03,2.628321150314906659e-09
2.862399155392031987e-03,9.010561424612015076e-12,2.862399164402593815e-03,1.389188043737034496e-09
2.259003141172568306e-03,5.288240665985081225e-12,2.259003146460809072e-03,9.532726539625944290e-10
1.170316666386656598e-03,-1.787170242295389248e-12,1.170316664599486359e-03,-3.591998972739143423e-10
-2.257083389475058872e-04,-6.106071134963181961e-12,-2.257083450535769939e-04,-1.376573936384080773e-09
-1.642923079686304556e-03,-1.228730876612392892e-11,-1.642923091973613314e-03,-2.980501380128279315e-09
-2.790207446972036917e-03,-2.018404261590114735e-11,-2.790207467156079289e-03,-5.095195291679535486e-09
-3.461747659102919206e-03,-2.873728984936975637e-11,-3.461747687840208663e-03,-7.320842174918940842e-09
-3.576145186006923164e-03,-4.013754069059183052e-11,-3.576145226144464024e-03,-1.010928003890787906e-08
-3.175071502365453286e-03,-5.012433521654525259e-11,-3.175071552489788524e-03,-1.229880657095950622e-08
-2.391132643244695162e-03,-5.738360864786038154e-11,-2.391132700628303877e-03,-1.368142901776986250e-08
-1.395220843274969568e-03,-5.485809636595414891e-11,-1.395220898133065933e-03,-1.279189738200241108e-08
-3.537708229969242953e-04,-3.500627585016608658e-11,-3.537708580032001139e-04,-8.088586689739649475e-09
5.877912432269090425e-04,9.231868548040508783e-12,5.877912524587775673e-04,2.158643672155513473e-09
1.315609758418693652e-03,8.573905948031908162e-11,1.315609844157753167e-03,2.035876302511847527e-08
1.754127545794198538e-03,1.980402677957140168e-10,1.754127743834466317e-03,4.808690558970499157e-08
1.947960021418035847e-03,3.492500375344080977e-10,1.947960370668073374e-03,8.666603506458755712e-08
1.869873105308953809e-03,5.453427471771680413e-10,1.869873650651701115e-03,1.353083468908798402e-07
1.782707923357004917e-03,7.673005363110274342e-10,1.782708690657541393e-03,1.903536837410618728e-07
