# InvDyn,Takahashi,Zelik,Frigo,GRF
-2.686078098373758955e-03,1.162995162440334504e-16,1.162995162440334504e-16,1.162995162440334504e-16,-2.396979412043849720e-15
-2.577937360014841920e-03,8.343630831084900290e-17,8.343630831084900290e-17,8.343630831084900290e-17,-1.699181684375874181e-15
-2.428552372017612083e-03,5.463048068937591811e-17,5.463048068937591811e-17,5.463048068937593043e-17,-1.085016784854359528e-15
-2.334496973454374541e-03,3.126520846008767681e-17,3.126520846008767681e-17,3.126520846008768297e-17,-5.993955250810298737e-16
-2.421230772863736461e-03,1.362006512647679068e-17,1.362006512647679068e-17,1.362006512647678760e-17,-2.503476297913085714e-16
-2.763353886063104475e-03,1.340318362112382078e-18,1.340318362112382078e-18,1.340318362112382078e-18,-2.352475111320967565e-17
-3.344361114611850948e-03,-6.270567645164487469e-18,-6.270567645164487469e-18,-6.270567645164485928e-18,1.051189173471065715e-16
-4.068566068295968730e-03,-1.012508549355553055e-17,-1.012508549355553055e-17,-1.012508549355552901e-17,1.620830791428712944e-16
-4.805133744040571836e-03,-1.123757583601504511e-17,-1.123757583601504511e-17,-1.123757583601504511e-17,1.720321104461262054e-16
-5.467118377279957253e-03,-1.051496852976416479e-17,-1.051496852976416479e-17,-1.051496852976416787e-17,1.541688144646277038e-16
-6.086903236850085830e-03,-8.808671810182572374e-18,-8.808671810182572374e-18,-8.808671810182572374e-18,1.238465110343732708e-16
-6.796843019343128123e-03,-6.688674947027664696e-18,-6.688674947027664696e-18,-6.688674947027664696e-18,9.026852086833665030e-17
-7.717867223652039380e-03,-4.593190537207138783e-18,-4.593190537207138783e-18,-4.593190537207138013e-18,5.955912444780907377e-17
-8.860852079881499643e-03,-2.791705012580263189e-18,-2.791705012580263189e-18,-2.791705012580263189e-18,3.481285465153099602e-17
-1.009437972434124031e-02,-1.331771301517173368e-18,-1.331771301517173368e-18,-1.331771301517172790e-18,1.598301780872543179e-17
-1.115840980977710062e-02,-3.472725444022497854e-19,-3.472725444022497854e-19,-3.472725444022497854e-19,4.012913808289925557e-18
-1.176164608505912874e-02,3.333118208075076761e-19,3.333118208075076761e-19,3.333118208075076279e-19,-3.710337411453590861e-18
-1.180608696412898534e-02,6.671107238595020743e-19,6.671107238595020743e-19,6.671107238595017854e-19,-7.158261904445702199e-18
-1.152096023468461398e-02,7.738346847320858307e-19,7.738346847320858307e-19,7.738346847320856381e-19,-8.012500578072007707e-18
-1.128370984071250423e-02,8.013121201104815835e-19,8.013121201104815835e-19,8.013121201104815835e-19,-8.017765927768652488e-18
-1.137310856170500699e-02,6.061785994949456022e-19,6.061785994949456022e-19,6.061785994949456022e-19,-5.868180495679825196e-18
-1.195855314633322876e-02,5.558288856832765195e-19,5.558288856832765195e-19,5.558288856832764232e-19,-5.209477398143860818e-18
-1.321315835144851875e-02,3.259982010524159066e-19,3.259982010524159066e-19,3.259982010524159066e-19,-2.960653046485076172e-18
-1.537215804850544133e-02,2.186854810223821014e-19,2.186854810223821014e-19,2.186854810223821496e-19,-1.923106621186331532e-18
-1.872583820498789978e-02,1.700619379991823220e-19,1.700619379991823220e-19,1.700619379991823220e-19,-1.452775197121322929e-18
-2.345391445066074762e-02,-6.071548692122989073e-20,-6.071548692122989073e-20,-6.071548692122989073e-20,5.043215804703828213e-19
-2.918815139950371035e-02,1.188181397652169161e-19,1.188181397652169161e-19,1.188181397652169642e-19,-9.591357407167654100e-19
-3.470062367928755664e-02,-1.608089669746080313e-19,-1.608089669746080313e-19,-1.608089669746080553e-19,1.267615175735993403e-18
-3.861426219551946509e-02,1.890868712021558901e-20,1.890868712021558901e-20,1.890868712021558901e-20,-1.441809412730964658e-19
-4.085238960753606596e-02,-2.020958124234363488e-20,-2.020958124234363488e-20,-2.020958124234363488e-20,1.531772993272744322e-19
-4.260149948395752784e-02,-1.874153741689100386e-19,-1.874153741689100386e-19,-1.874153741689100386e-19,1.450600590817332410e-18
-4.423032439242423342e-02,2.125393304117704818e-19,2.125393304117704818e-19,2.125393304117704818e-19,-1.678913576496754037e-18
-4.434088197837685041e-02,-3.026616991983683613e-19,-3.026616991983683613e-19,-3.026616991983683132e-19,2.485950251028365436e-18
-4.147784641146818468e-02,2.197517771013493212e-19,2.197517771013493212e-19,2.197517771013493212e-19,-1.913122043413828531e-18
-3.552784183744056579e-02,-1.076726980282888356e-19,-1.076726980282888356e-19,-1.076726980282888597e-19,1.012901910314440283e-18
-2.720999358708131241e-02,-7.713062292541049121e-20,-7.713062292541049121e-20,-7.713062292541050324e-20,7.961372598292922560e-19
-1.747263410357825439e-02,2.386570240837256709e-19,2.386570240837256709e-19,2.386570240837255746e-19,-2.764269683472312784e-18
-7.617885864413862125e-03,-3.328669284223329109e-19,-3.328669284223329109e-19,-3.328669284223328627e-19,4.412636511592359359e-18
7.964529877279094561e-04,3.279265492217076683e-19,3.279265492217076683e-19,3.279265492217076201e-19,-5.098571363594297630e-18
6.587492570865102065e-03,-2.220693267383953740e-19,-2.220693267383953740e-19,-2.220693267383954222e-19,4.181746099460583394e-18
9.402340911951601390e-03,6.822134131626389221e-20,6.822134131626389221e-20,6.822134131626390424e-20,-1.626240429931734402e-18
9.621002293603490504e-03,7.118356439009156621e-20,7.118356439009156621e-20,7.118356439009159028e-20,-2.341436298469073237e-18
8.047638145758704772e-03,-1.295257019186967249e-19,-1.295257019186967249e-19,-1.295257019186967249e-19,6.673694971662618206e-18
5.689357488242400424e-03,8.753603837795292148e-20,8.753603837795292148e-20,8.753603837795290945e-20,-1.009670517486324260e-17
3.561537312181944828e-03,1.768313152547211089e-20,1.768313152547211089e-20,1.768313152547209885e-20,1.109004387640101030e-17
2.488081162544876490e-03,-9.670968334687283386e-20,-9.670968334687283386e-20,-9.670968334687280979e-20,-8.609379258841557188e-18
2.958817606310203737e-03,4.752701334816213289e-20,4.752701334816213289e-20,4.752701334816213289e-20,2.409816319537313260e-18
5.037881940871261240e-03,1.905314998552000385e-19,1.905314998552000385e-19,1.905314998552000385e-19,6.521519439012022533e-18
8.360392563248039699e-03,-5.888202500710594313e-19,-5.888202500710594313e-19,-5.888202500710594313e-19,-1.596954852754048375e-17
1.226745859076295957e-02,1.009349562583089306e-18,1.009349562583089306e-18,1.009349562583089499e-18,2.286345914090183754e-17
1.603472301199605765e-02,-1.226454609431570792e-18,-1.226454609431570792e-18,-1.226454609431570792e-18,-2.405034792125559656e-17
1.911369504018554932e-02,9.979489236956263304e-19,9.979489236956263304e-19,9.979489236956265230e-19,1.737345596787619182e-17
2.125585754253224088e-02,-1.692440266846603792e-19,-1.692440266846603792e-19,-1.692440266846603792e-19,-2.690547005764172570e-18
2.244020249353259958e-02,-1.217447557717741032e-18,-1.217447557717741032e-18,-1.217447557717741032e-18,-1.743264858765167196e-17
2.279832246864131953e-02,2.852543793109829694e-18,2.852543793109829694e-18,2.852543793109829309e-18,3.778670069892526096e-17
2.265398083247788241e-02,-4.167227817938212236e-18,-4.167227817938212236e-18,-4.167227817938213006e-18,-5.147290547204223277e-17
2.244662441825967872e-02,4.460204786541119458e-18,4.460204786541119458e-18,4.460204786541120999e-18,5.175445685289314839e-17
2.247402417424539112e-02,-3.134723157076037013e-18,-3.134723157076037013e-18,-3.134723157076037013e-18,-3.440649990200365798e-17
2.267919456577507931e-02,-1.168952796979877026e-20,-1.168952796979877026e-20,-1.168952796979877026e-20,-6.126156710015820543e-20
2.261142257987061241e-02,4.542486157131820313e-18,4.542486157131820313e-18,4.542486157131819542e-18,4.512191145491468876e-17
2.173445574702699903e-02,-9.294463113049855659e-18,-9.294463113049855659e-18,-9.294463113049857200e-18,-8.861302123671885865e-17
2.005534118976644645e-02,1.254288244553102475e-17,1.254288244553102475e-17,1.254288244553102320e-17,1.151635281180455379e-16
1.824186303913453988e-02,-1.245071604694235398e-17,-1.245071604694235398e-17,-1.245071604694235398e-17,-1.104685696116946180e-16
1.684406528531001354e-02,7.729516012013809493e-18,7.729516012013809493e-18,7.729516012013806411e-18,6.651331587898596090e-17
1.582947052185752768e-02,1.664503737708363980e-18,1.664503737708363980e-18,1.664503737708363402e-18,1.374554608088211550e-17
1.497922866896527795e-02,-1.404807522801809673e-17,-1.404807522801809673e-17,-1.404807522801809982e-17,-1.140140919260992596e-16
1.424686338424203079e-02,2.599609184313877838e-17,2.599609184313877838e-17,2.599609184313877222e-17,2.061311552431311197e-16
1.370932469533120771e-02,-3.297735584151632013e-17,-3.297735584151632013e-17,-3.297735584151632013e-17,-2.560540845324696959e-16
1.342954030589120148e-02,3.065082937406335206e-17,3.065082937406335206e-17,3.065082937406335206e-17,2.337005305984183795e-16
1.342070727641942428e-02,-1.656126826760833715e-17,-1.656126826760833715e-17,-1.656126826760833407e-17,-1.244655766642503973e-16
1.366714558929681481e-02,-8.287010861554764678e-18,-8.287010861554764678e-18,-8.287010861554766219e-18,-6.101288060328537436e-17
1.412098504524435597e-02,3.862426467231726452e-17,3.862426467231726452e-17,3.862426467231725835e-17,2.827221376755034043e-16
1.468640046117287122e-02,-6.544811075842803557e-17,-6.544811075842803557e-17,-6.544811075842802325e-17,-4.759260380483318394e-16
1.526241329923533861e-02,7.813125249026291314e-17,7.813125249026291314e-17,7.813125249026291314e-17,5.657110193544428667e-16
1.581421614767379233e-02,-6.775305645762076601e-17,-6.775305645762076601e-17,-6.775305645762077833e-17,-4.894962458567522981e-16
1.636343432587941335e-02,3.074037227851010201e-17,3.074037227851010201e-17,3.074037227851009585e-17,2.222527246521925235e-16
1.690537682386638457e-02,2.829893578103095493e-17,2.829893578103095493e-17,2.829893578103096109e-17,2.033647517785872420e-16
1.735500217209854507e-02,-9.563207240901789547e-17,-9.563207240901789547e-17,-9.563207240901793245e-17,-6.904329164580373399e-16
1.757030072971525400e-02,1.503183507085040046e-16,1.503183507085040046e-16,1.503183507085040293e-16,1.091147085715317891e-15
1.745329718639046859e-02,-1.694691584003519230e-16,-1.694691584003519230e-16,-1.694691584003518737e-16,-1.241746707370517469e-15
1.707184366528273142e-02,1.362358902848011919e-16,1.362358902848011919e-16,1.362358902848011673e-16,1.013661019260636766e-15
1.667381289862586435e-02,-4.826646667064207061e-17,-4.826646667064207061e-17,-4.826646667064208294e-17,-3.683521433900667982e-16
1.649212551858094192e-02,-7.708067972038345787e-17,-7.708067972038345787e-17,-7.708067972038345787e-17,-6.017617989401845152e-16
1.642195532331447091e-02,2.042878890249142270e-16,2.042878890249142270e-16,2.042878890249142270e-16,1.664625013515755548e-15
1.599623106334208469e-02,-2.893011988346702834e-16,-2.893011988346702834e-16,-2.893011988346701848e-16,-2.484967109879673030e-15
1.485322277252785345e-02,2.951803150961192389e-16,2.951803150961192389e-16,2.951803150961192882e-16,2.707299128571906754e-15
1.306673876418783936e-02,-2.083354494217507865e-16,-2.083354494217507865e-16,-2.083354494217507372e-16,-2.071360986184409586e-15
1.092192585501768412e-02,4.825581061929080697e-17,4.825581061929080697e-17,4.825581061929080697e-17,5.305459590536018468e-16
8.582846473475159998e-03,1.349700707845378137e-16,1.349700707845378137e-16,1.349700707845378137e-16,1.666354851703585223e-15
5.977254512789854403e-03,-2.769343618569034806e-16,-2.769343618569034806e-16,-2.769343618569034313e-16,-3.969365579673832892e-15
2.804602903165952406e-03,3.250528609850717679e-16,3.250528609850717679e-16,3.250528609850717679e-16,5.622801351154136174e-15
-1.281522160857149865e-03,-2.649747975810690840e-16,-2.649747975810690840e-16,-2.649747975810690347e-16,-5.860676009005634062e-15
-6.259192237420410816e-03,1.340316256195291104e-16,1.340316256195291104e-16,1.340316256195291351e-16,4.165611530913915059e-15
-1.142249802487327499e-02,-1.019113998446057892e-17,-1.019113998446057892e-17,-1.019113998446058046e-17,-5.226754281337034825e-16
-1.552204765393807966e-02,-2.536574457324109549e-17,-2.536574457324109549e-17,-2.536574457324108624e-17,-4.421019376789712712e-15
-1.727799728189309894e-02,-6.206823809242811814e-17,-6.206823809242811814e-17,-6.206823809242809349e-17,9.373677672141868710e-15
-1.584415640055896607e-02,2.261123169739363877e-16,2.261123169739363877e-16,2.261123169739363877e-16,-1.264278643055952517e-14
-1.095321499409823360e-02,-3.468513671836372992e-16,-3.468513671836372992e-16,-3.468513671836372992e-16,1.259083286677122052e-14
-2.986901598649793071e-03,2.886880785326848089e-16,2.886880785326848089e-16,2.886880785326848582e-16,-8.212882308330255029e-15
6.670450154309994113e-03,1.462955083529292000e-17,1.462955083529292000e-17,1.462955083529292000e-17,-3.244487805758836457e-16
1.534116702926043366e-02,-4.975995334451800293e-16,-4.975995334451800293e-16,-4.975995334451800293e-16,1.137990904875034980e-14
1.975825131581470176e-02,9.727754429418700175e-16,9.727754429418700175e-16,9.727754429418700175e-16,-2.194398937665681098e-14
1.819347992827668320e-02,-1.222143675620656339e-15,-1.222143675620656339e-15,-1.222143675620656339e-15,2.825003093926304326e-14
1.252270225453532872e-02,1.110825018598224204e-15,1.110825018598224204e-15,1.110825018598224204e-15,-2.682704405810827667e-14
7.039372865370956654e-03,-6.286120861992967461e-16,-6.286120861992967461e-16,-6.286120861992967461e-16,1.578350192256452748e-14
4.487839149493209022e-03,-1.635891824553242294e-16,-1.635891824553242294e-16,-1.635891824553242294e-16,4.064451233546193823e-15
4.484984817468009970e-03,1.173470606400179597e-15,1.173470606400179597e-15,1.173470606400179794e-15,-2.863236638655253755e-14
5.513097448662482823e-03,-2.208433397746307277e-15,-2.208433397746307277e-15,-2.208433397746306883e-15,5.096489292921419908e-14
6.863880907460319716e-03,2.888000778475609770e-15,2.888000778475609770e-15,2.888000778475610165e-15,-6.272920535559583927e-14
8.603494807683239459e-03,-2.729454906470242384e-15,-2.729454906470242384e-15,-2.729454906470242384e-15,5.664162744409765535e-14
1.048408979891921403e-02,1.437017130015433622e-15,1.437017130015433622e-15,1.437017130015433622e-15,-2.929421288970400466e-14
1.168976014090537113e-02,8.219801423657761761e-16,8.219801423657761761e-16,8.219801423657761761e-16,-1.650855082885816591e-14
1.161997148788819489e-02,-3.387002735571836114e-15,-3.387002735571836114e-15,-3.387002735571836114e-15,7.075528564366362427e-14
1.033014203194852591e-02,5.351291448910761337e-15,5.351291448910761337e-15,5.351291448910762126e-15,-1.174994026614438376e-13
8.266541926229708029e-03,-5.914128431996890159e-15,-5.914128431996890159e-15,-5.914128431996891736e-15,1.384008392674415957e-13
5.907595899879960338e-03,4.695176058220473984e-15,4.695176058220473984e-15,4.695176058220474773e-15,-1.183802414222417473e-13
3.616701251741012962e-03,-1.888637310609500707e-15,-1.888637310609500707e-15,-1.888637310609500313e-15,5.165571101960504889e-14
1.622802890337985424e-03,-1.778607419106340496e-15,-1.778607419106340496e-15,-1.778607419106340101e-15,5.328838755598246331e-14
3.568855938119036970e-05,5.274106341040459308e-15,5.274106341040459308e-15,5.274106341040459308e-15,-1.723036977483861990e-13
-1.120304616783027998e-03,-7.555011163914588392e-15,-7.555011163914588392e-15,-7.555011163914586814e-15,2.690155190287889842e-13
-1.871629540610383370e-03,7.842315195254762706e-15,7.842315195254762706e-15,7.842315195254764283e-15,-3.033573326913722200e-13
-2.276997582997904949e-03,-5.849154825281680058e-15,-5.849154825281680058e-15,-5.849154825281680058e-15,2.445477112863756860e-13
-2.419918572495299066e-03,1.880948089505816779e-15,1.880948089505816779e-15,1.880948089505816779e-15,-8.373853325252193363e-14
-2.392929159043993923e-03,3.167145403774829831e-15,3.167145403774829831e-15,3.167145403774829042e-15,-1.550046757111300792e-13
-2.269094801360420875e-03,-8.016553153389576648e-15,-8.016553153389576648e-15,-8.016553153389576648e-15,4.145246280255556446e-13
-2.088496490505461350e-03,1.123061214546790268e-14,1.123061214546790268e-14,1.123061214546790268e-14,-6.117018660275866183e-13
-1.869308748485820930e-03,-1.159187406054932134e-14,-1.159187406054932134e-14,-1.159187406054932291e-14,6.605641791861019312e-13
-1.617923620517675064e-03,8.412738276634332661e-15,8.412738276634332661e-15,8.412738276634329505e-15,-4.980953692292627322e-13
-1.336206193187198382e-03,-1.903084956149678436e-15,-1.903084956149678436e-15,-1.903084956149678436e-15,1.151147852674260348e-13
-1.041345048212147326e-03,-6.643205585975567846e-15,-6.643205585975567846e-15,-6.643205585975567057e-15,4.247897863661152444e-13
-7.781975256498205491e-04,1.497498104176581862e-14,1.497498104176581862e-14,1.497498104176581862e-14,-9.866476603515561867e-13
-6.034885932896082031e-04,-2.030001784977163508e-14,-2.030001784977163508e-14,-2.030001784977163193e-14,1.381702464890196003e-12
-5.644759564050795281e-04,2.029868010981269791e-14,2.029868010981269791e-14,2.029868010981269791e-14,-1.428784515539406576e-12
-6.890440617569220435e-04,-1.368766406191221826e-14,-1.368766406191221826e-14,-1.368766406191222299e-14,9.964663216066114873e-13
-9.738197665259233637e-04,1.295701664789068482e-15,1.295701664789068482e-15,1.295701664789068087e-15,-9.621891581389590983e-14
-1.375328184092723584e-03,1.434747537697746389e-14,1.434747537697746389e-14,1.434747537697747335e-14,-1.121642173485397259e-12
-1.825309929500669795e-03,-2.880617853122895466e-14,-2.880617853122895466e-14,-2.880617853122895466e-14,2.322844834688667746e-12
-2.259174290486582349e-03,3.745751879524126041e-14,3.745751879524126041e-14,3.745751879524127303e-14,-3.105182238347334236e-12
-2.638841416774391751e-03,-3.613423473901829513e-14,-3.613423473901829513e-14,-3.613423473901830144e-14,3.063149997543822405e-12
-2.963662004153995878e-03,2.271185930972437827e-14,2.271185930972437827e-14,2.271185930972438142e-14,-1.954143708327679699e-12
-3.246541900722925422e-03,1.561966949298786841e-15,1.561966949298786841e-15,1.561966949298786841e-15,-1.469753862754221199e-13
-3.466706588522747851e-03,-3.248234747445701937e-14,-3.248234747445701937e-14,-3.248234747445701306e-14,2.881859904126052771e-12
-3.566223638501703208e-03,6.068935130883838944e-14,6.068935130883838944e-14,6.068935130883838944e-14,-5.410493392808082450e-12
-3.504507484035227719e-03,-7.759141419506239178e-14,-7.759141419506239178e-14,-7.759141419506236654e-14,6.957612411439448286e-12
-3.308752199681291341e-03,7.198618859914278214e-14,7.198618859914278214e-14,7.198618859914278214e-14,-6.475798873546642542e-12
-3.080138834045269541e-03,-4.205751901745343205e-14,-4.205751901745343205e-14,-4.205751901745343205e-14,3.780063121080911696e-12
-2.928956025007869828e-03,-1.302712726860467746e-14,-1.302712726860467746e-14,-1.302712726860467588e-14,1.203892990765941845e-12
-2.872389517705951825e-03,7.954111953116856166e-14,7.954111953116856166e-14,7.954111953116854904e-14,-7.162749314751110196e-12
-2.836512089134756234e-03,-1.417182009771714665e-13,-1.417182009771714665e-13,-1.417182009771714917e-13,1.258695591373840608e-11
-2.736138763015148832e-03,1.763994845432651830e-13,1.763994845432651830e-13,1.763994845432651830e-13,-1.542893632773317053e-11
-2.510733962575759787e-03,-1.580504902680708826e-13,-1.580504902680708826e-13,-1.580504902680708826e-13,1.357209737352947118e-11
-2.139015359147230372e-03,8.458142960176750198e-14,8.458142960176750198e-14,8.458142960176748936e-14,-7.146449378864402585e-12
-1.650975813800873533e-03,5.764951919714906674e-14,5.764951919714906674e-14,5.764951919714907936e-14,-4.839610759243028693e-12
-1.110221974360412660e-03,-2.087416981777121733e-13,-2.087416981777121733e-13,-2.087416981777121481e-13,1.712074695124446211e-11
-5.794640874122512861e-04,3.695466780916904065e-13,3.695466780916904065e-13,3.695466780916903560e-13,-2.973167963288106000e-11
-1.040606192804893190e-04,-4.197825704486071818e-13,-4.197825704486071818e-13,-4.197825704486071818e-13,3.301494572416894395e-11
2.758781363652271787e-04,3.836146732761937625e-13,3.836146732761937625e-13,3.836146732761938130e-13,-2.943507958115040893e-11
5.062592144479519151e-04,-1.524027834532788672e-13,-1.524027834532788672e-13,-1.524027834532788672e-13,1.137036453831090461e-11
5.206269612297952489e-04,-1.915477960408272951e-13,-1.915477960408272951e-13,-1.915477960408272951e-13,1.386330352384049728e-11
2.724089575738897814e-04,6.000391942341567036e-13,6.000391942341567036e-13,6.000391942341566026e-13,-4.200859139656249590e-11
-2.197615562294975595e-04,-1.020520977925833080e-12,-1.020520977925833080e-12,-1.020520977925833080e-12,6.886344435174036351e-11
-8.674041743066990707e-04,1.071256134679485983e-12,1.071256134679485983e-12,1.071256134679485983e-12,-6.927774990546069953e-11
-1.567711008843957095e-03,-1.075100896497478632e-12,-1.075100896497478632e-12,-1.075100896497478430e-12,6.667677426179807068e-11
-2.254150137158944262e-03,1.373635046529686031e-13,1.373635046529686031e-13,1.373635046529686031e-13,-7.820996814927390663e-12
-2.894414504615577290e-03,4.539671690211026546e-13,4.539671690211026546e-13,4.539671690211026041e-13,-2.533151727469992966e-11
-3.472512693358768051e-03,-2.252141719551857210e-12,-2.252141719551857210e-12,-2.252141719551857614e-12,1.203165295363449019e-10
-3.983392649620713655e-03,2.638073389928867056e-12,2.638073389928867056e-12,2.638073389928866652e-12,-1.327803861865839601e-10
-4.425985073692871585e-03,-3.684076980453685850e-12,-3.684076980453685850e-12,-3.684076980453685850e-12,1.756830719392508967e-10
-4.798497128636607968e-03,2.534790868201097650e-12,2.534790868201097650e-12,2.534790868201096843e-12,-1.144426658082248397e-10
-5.107459185793798706e-03,-3.000776169442444354e-13,-3.000776169442444354e-13,-3.000776169442444859e-13,1.168299322396310035e-11
-5.377106087732863061e-03,-1.658658954342722573e-12,-1.658658954342722573e-12,-1.658658954342723381e-12,6.565778774638223531e-11
-5.642089516049276533e-03,8.597255305849634061e-12,8.597255305849634061e-12,8.597255305849632445e-12,-3.307938731092349470e-10
-5.923520158719344786e-03,-5.510835095446253973e-12,-5.510835095446253973e-12,-5.510835095446253165e-12,1.965041546925091469e-10
-6.214440498966759298e-03,1.621667443959699973e-11,1.621667443959699973e-11,1.621667443959699327e-11,-5.599930726537108725e-10
-6.502152506485006471e-03,1.323250485220687181e-12,1.323250485220687181e-12,1.323250485220687181e-12,-4.667164873486004442e-11
-6.797284582531549699e-03,1.161217781660642087e-11,1.161217781660642087e-11,1.161217781660642087e-11,-3.634152510051990909e-10
-7.124389303138790180e-03,2.222144551627020262e-11,2.222144551627020262e-11,2.222144551627019939e-11,-6.611238420689102667e-10
-7.505721668099513133e-03,-8.395588194915255288e-12,-8.395588194915255288e-12,-8.395588194915256904e-12,2.371055087135640345e-10
-7.969037463294558962e-03,3.498088144067694577e-11,3.498088144067694577e-11,3.498088144067694577e-11,-9.488411743669282425e-10
-8.537772790636610765e-03,-3.369403162847839029e-11,-3.369403162847839029e-11,-3.369403162847839029e-11,8.783923827698715191e-10
-9.199225515457822369e-03,-8.336485924625678381e-12,-8.336485924625678381e-12,-8.336485924625676765e-12,2.147493184967789191e-10
-9.895250096101263632e-03,-5.982431702177466122e-11,-5.982431702177466122e-11,-5.982431702177466122e-11,1.447952402793665713e-09
-1.054645415796347588e-02,-1.441021190815147596e-10,-1.441021190815147596e-10,-1.441021190815147596e-10,3.349977488306560935e-09
-1.111583592547274284e-02,-1.185784937795136012e-10,-1.185784937795136012e-10,-1.185784937795136012e-10,2.676465792964699713e-09
-1.170161069756353242e-02,-3.366057453565095263e-10,-3.366057453565095263e-10,-3.366057453565095780e-10,7.260491007175910439e-09
-1.258169477762201456e-02,-2.593389589417923662e-10,-2.593389589417923662e-10,-2.593389589417923662e-10,5.417217085082601196e-09
-1.414913065118372781e-02,-4.388825308542097092e-10,-4.388825308542097092e-10,-4.388825308542097609e-10,8.778482973711855396e-09
-1.681637303639909806e-02,-4.140383629230395465e-10,-4.140383629230395465e-10,-4.140383629230393397e-10,7.925596288171005879e-09
-2.103385911430494595e-02,-1.969306881185160553e-10,-1.969306881185160553e-10,-1.969306881185160811e-10,3.416875477878915782e-09
-2.726227741031093943e-02,-1.829885089985162884e-10,-1.829885089985162884e-10,-1.829885089985163142e-10,2.764309215103606707e-09
-3.542481572035450360e-02,7.341905965042292761e-10,7.341905965042292761e-10,7.341905965042293795e-10,-1.408705865837271423e-08
-4.409076133694939115e-02,1.204635393224453454e-09,1.204635393224453454e-09,1.204635393224453040e-09,-2.252924066389736971e-08
-5.068522073082881718e-02,2.741462032384935732e-09,2.741462032384935732e-09,2.741462032384935732e-09,-4.925312935038603370e-08
-5.321884851021911611e-02,4.333094607265766931e-09,4.333094607265766931e-09,4.333094607265766931e-09,-7.663860115287789037e-08
-5.193541021132937890e-02,5.846933797113887189e-09,5.846933797113887189e-09,5.846933797113888016e-09,-1.030023510085459809e-07
-4.875950122701833839e-02,8.215135641128576112e-09,8.215135641128576112e-09,8.215135641128577767e-09,-1.462832273796789881e-07
-4.492874179191430617e-02,8.460478808051021444e-09,8.460478808051021444e-09,8.460478808051019789e-09,-1.543818187518561039e-07
-3.976882355890042076e-02,9.040477314276580017e-09,9.040477314276580017e-09,9.040477314276581671e-09,-1.726225700069032906e-07
-3.179779175588434009e-02,6.449904723872299383e-09,6.449904723872299383e-09,6.449904723872297728e-09,-1.282427769709473298e-07
-2.020257674188372446e-02,1.980913185597170593e-09,1.980913185597170593e-09,1.980913185597170180e-09,-3.286313872658240594e-08
-5.479634831678645811e-03,-4.282766663318730610e-09,-4.282766663318730610e-09,-4.282766663318732264e-09,1.325111277197949388e-07
1.045448900401640610e-02,-1.381863385319834788e-08,-1.381863385319834788e-08,-1.381863385319834622e-08,4.496015452387827125e-07
2.473773297170626939e-02,-2.224944674794784982e-08,-2.224944674794784982e-08,-2.224944674794785312e-08,8.342406140346940873e-07
3.467567543057489127e-02,-3.147145408911483770e-08,-3.147145408911483770e-08,-3.147145408911482446e-08,1.417098982827938777e-06
3.893042671589469483e-02,-3.660545589950715318e-08,-3.660545589950715318e-08,-3.660545589950715318e-08,2.053255209198076896e-06
3.798724092864555479e-02,-3.728835469922071151e-08,-3.728835469922071151e-08,-3.728835469922072475e-08,2.731044234098243469e-06
3.363252865233919142e-02,-3.299674145826579623e-08,-3.299674145826579623e-08,-3.299674145826579623e-08,3.337438830959055645e-06
2.800168118231450079e-02,-2.503066567819890909e-08,-2.503066567819890909e-08,-2.503066567819890909e-08,3.502082769205419852e-06
2.279450158549030034e-02,-1.978547242610094955e-08,-1.978547242610094955e-08,-1.978547242610094955e-08,3.130327586735124467e-06
1.892167769886938036e-02,-2.733500824906887892e-08,-2.733500824906887892e-08,-2.733500824906887892e-08,1.502179548292341057e-06
1.663297276735591426e-02,-6.041922631544097810e-08,-6.041922631544097810e-08,-6.041922631544097810e-08,-1.655365973085554969e-06
1.579392534686479069e-02,-1.353068245527063676e-07,-1.353068245527063676e-07,-1.353068245527063676e-07,-6.998218060009704507e-06
1.600974515305698953e-02,-2.689145641573466166e-07,-2.689145641573466166e-07,-2.689145641573466696e-07,-1.507861919755136679e-05
1.666138654593131777e-02,-4.651540216125574795e-07,-4.651540216125574795e-07,-4.651540216125574795e-07,-2.573443806753105976e-05
1.706322486437257882e-02,-7.298062833502492996e-07,-7.298062833502492996e-07,-7.298062833502492996e-07,-3.915669187476177634e-05
1.681286395712615345e-02,-1.022291103902538972e-06,-1.022291103902538972e-06,-1.022291103902538972e-06,-5.348750449714440264e-05
1.601103622054635828e-02,-1.286497807306201641e-06,-1.286497807306201641e-06,-1.286497807306201853e-06,-6.670835504400275521e-05
1.509029640733616263e-02,-1.397515468708861499e-06,-1.397515468708861499e-06,-1.397515468708861499e-06,-7.437726109434277043e-05
1.450560221756480757e-02,-1.158541756534486327e-06,-1.158541756534486327e-06,-1.158541756534486539e-06,-6.986233880480040715e-05
1.452927896941429847e-02,-3.322198895802041361e-07,-3.322198895802041361e-07,-3.322198895802039773e-07,-4.542782066370604254e-05
1.513656788970619421e-02,1.437697367999353500e-06,1.437697367999353500e-06,1.437697367999353500e-06,1.068072337146270810e-05
1.607112868553000479e-02,4.453145278296566463e-06,4.453145278296566463e-06,4.453145278296567311e-06,1.085879731315062127e-04
1.708275573888592275e-02,9.032586669218175735e-06,9.032586669218175735e-06,9.032586669218174041e-06,2.597861059244680588e-04
1.804415665813461148e-02,1.527156666555353786e-05,1.527156666555353786e-05,1.527156666555353786e-05,4.700413976940014094e-04
1.883680663457205917e-02,2.287828269073375381e-05,2.287828269073375381e-05,2.287828269073375042e-05,7.351464114435082766e-04
1.922892234551954946e-02,3.105390575880275433e-05,3.105390575880275433e-05,3.105390575880276110e-05,1.037472757895456467e-03
1.891065292895324768e-02,3.797623686413968821e-05,3.797623686413968821e-05,3.797623686413969499e-05,1.330045144417816867e-03
1.767827027471414666e-02,4.092344978881773068e-05,4.092344978881773068e-05,4.092344978881773745e-05,1.537973056588016162e-03
1.569799778635299486e-02,3.577427001367760201e-05,3.577427001367760201e-05,3.577427001367759524e-05,1.539361330816390065e-03
1.357870128130155354e-02,1.737025305484717579e-05,1.737025305484717579e-05,1.737025305484717579e-05,1.167936787704982248e-03
1.198712556098244057e-02,-2.002261927539645471e-05,-2.002261927539645471e-05,-2.002261927539645810e-05,2.152257170440468736e-04
1.116209284631553347e-02,-8.204184150415521292e-05,-8.204184150415521292e-05,-8.204184150415522647e-05,-1.562687046237249593e-03
1.094135056675122480e-02,-1.719752803716138574e-04,-1.719752803716138574e-04,-1.719752803716138845e-04,-4.392306986872569242e-03
1.112854163694374128e-02,-2.893111592885136895e-04,-2.893111592885136895e-04,-2.893111592885136895e-04,-8.444683841230682039e-03
1.167324878145846456e-02,-4.262323595857026525e-04,-4.262323595857026525e-04,-4.262323595857026525e-04,-1.371733698869921983e-02
1.261756843659178791e-02,-5.653004977881699762e-04,-5.653004977881699762e-04,-5.653004977881701931e-04,-1.991668077030218573e-02
1.398926426037176360e-02,-6.769522809665456898e-04,-6.769522809665456898e-04,-6.769522809665456898e-04,-2.629266916285384267e-02
1.576098036092958565e-02,-7.169068148292339357e-04,-7.169068148292339357e-04,-7.169068148292340441e-04,-3.142668991240240434e-02
1.788065398054026686e-02,-6.268373080036583741e-04,-6.268373080036583741e-04,-6.268373080036583741e-04,-3.308837579769385168e-02
2.027723713048354762e-02,-3.345002985266180297e-04,-3.345002985266180297e-04,-3.345002985266180297e-04,-2.805214974288810365e-02
2.283617555128661381e-02,2.384259555295227019e-04,2.384259555295227019e-04,2.384259555295226206e-04,-1.214453122530919152e-02
2.539855931921412152e-02,1.163389085827358808e-03,1.163389085827358808e-03,1.163389085827358374e-03,1.955131710222485567e-02
2.776189278525708140e-02,2.480806857223691233e-03,2.480806857223691233e-03,2.480806857223691667e-03,7.210654335904759238e-02
2.970125698878919515e-02,4.162472604491855403e-03,4.162472604491855403e-03,4.162472604491856271e-03,1.495758897617064098e-01
3.102061465860134551e-02,6.070211820824104702e-03,6.070211820824104702e-03,6.070211820824105570e-03,2.533145926091046052e-01
3.152504194827630141e-02,7.911569670182656139e-03,7.911569670182656139e-03,7.911569670182657874e-03,3.793139963601206421e-01
3.088735827345525514e-02,9.222644102239099459e-03,9.222644102239099459e-03,9.222644102239101194e-03,5.149912067792271619e-01
2.857004464098652011e-02,9.391346208170279694e-03,9.391346208170279694e-03,9.391346208170279694e-03,6.352338197371291129e-01
2.400277617668137436e-02,7.742290241033433426e-03,7.742290241033433426e-03,7.742290241033433426e-03,6.983519557582967829e-01
1.696890217508440282e-02,3.689087859123270103e-03,3.689087859123270103e-03,3.689087859123267935e-03,6.429809779614750198e-01
7.871597185955916606e-03,-3.059561982620223608e-03,-3.059561982620223608e-03,-3.059561982620223174e-03,3.867883680935468305e-01
-2.379324951754569623e-03,-1.222262359556176327e-02,-1.222262359556176327e-02,-1.222262359556176327e-02,-1.701076279195946339e-01
-1.261906495238710769e-02,-2.263582418516630126e-02,-2.263582418516630126e-02,-2.263582418516630126e-02,-1.135373696958855039e+00
-2.127364548573175418e-02,-3.199200802896957907e-02,-3.199200802896957907e-02,-3.199200802896957907e-02,-2.604503976315534430e+00
-2.593952614899888362e-02,-3.686011836135517222e-02,-3.686011836135517222e-02,-3.686011836135517222e-02,-4.627624535369244896e+00
-2.349720776687599585e-02,-3.326488258510872098e-02,-3.326488258510872098e-02,-3.326488258510872792e-02,-7.161205138525878588e+00
-1.118724696705105520e-02,-1.802588324321489563e-02,-1.802588324321489563e-02,-1.802588324321488869e-02,-1.000227968579164362e+01
1.145286238403339131e-02,9.101981833665485910e-03,9.101981833665485910e-03,9.101981833665489380e-03,-1.270948370135660888e+01
4.012115567864404236e-02,4.291443093992813873e-02,4.291443093992813873e-02,4.291443093992813873e-02,-1.451777289319324638e+01
6.371610920038664472e-02,7.095729915085863260e-02,7.095729915085863260e-02,7.095729915085863260e-02,-1.426214094716734770e+01
6.448959429178151292e-02,7.409520740852738874e-02,7.409520740852738874e-02,7.409520740852738874e-02,-1.033694828728344639e+01
2.209169916440037462e-02,3.096200197232716958e-02,3.096200197232716958e-02,3.096200197232716264e-02,-7.343415463981667335e-01
-7.814858954996503626e-02,-7.345757523171585202e-02,-7.345757523171585202e-02,-7.345757523171585202e-02,1.678449899236776943e+01
-2.351273710989950638e-01,-2.374438457594069407e-01,-2.374438457594069407e-01,-2.374438457594069407e-01,4.432947569373778407e+01
-4.255819142475075756e-01,-4.358580932606573310e-01,-4.358580932606573310e-01,-4.358580932606574421e-01,8.326766706483557812e+01
-6.074895912754022520e-01,-6.235698539911340710e-01,-6.235698539911340710e-01,-6.235698539911341820e-01,1.333273567717707238e+02
-7.348505989628095758e-01,-7.514589446806749784e-01,-7.514589446806749784e-01,-7.514589446806749784e-01,1.917290081478024888e+02
-7.775163004842648995e-01,-7.889440313409653571e-01,-7.889440313409653571e-01,-7.889440313409653571e-01,2.534097059288933451e+02
-7.323978094904571856e-01,-7.365838233275838753e-01,-7.365838233275838753e-01,-7.365838233275838753e-01,3.129573138345245980e+02
-6.156425913480045864e-01,-6.150476833656598474e-01,-6.150476833656598474e-01,-6.150476833656597364e-01,3.666854438778109966e+02
-4.448715330653279509e-01,-4.431316538884591538e-01,-4.431316538884591538e-01,-4.431316538884589318e-01,4.131350562541529143e+02
-2.330803262569555723e-01,-2.323478846258149599e-01,-2.323478846258149599e-01,-2.323478846258149599e-01,4.525604473638534841e+02
5.772296661928938855e-04,-1.009766730024626953e-03,-1.009766730024626953e-03,-1.009766730024532844e-03,4.863285558294013526e+02
2.216087727720560951e-01,2.163265894162928749e-01,2.163265894162928749e-01,2.163265894162926806e-01,5.161861082143559543e+02
3.898438086094709321e-01,3.804007640865352258e-01,3.804007640865352258e-01,3.804007640865351147e-01,5.435949855760637774e+02
4.806689554792494823e-01,4.682559487285580802e-01,4.682559487285580802e-01,4.682559487285578026e-01,5.695637601355065271e+02
4.961383240901733327e-01,4.827399694149285270e-01,4.827399694149285270e-01,4.827399694149285270e-01,5.948075432134630773e+02
4.577514717778453646e-01,4.450259852087155577e-01,4.450259852087155577e-01,4.450259852087157242e-01,6.197792919686269215e+02
3.910161749781760898e-01,3.798741928801513956e-01,3.798741928801513956e-01,3.798741928801514511e-01,6.445386414802022728e+02
3.141649499476908969e-01,3.048886616437631036e-01,3.048886616437631036e-01,3.048886616437632147e-01,6.687570077899400758e+02
2.355461622373901109e-01,2.281113840198554232e-01,2.281113840198554232e-01,2.281113840198552289e-01,6.919095524753934114e+02
1.573132746710325658e-01,1.516354834578593214e-01,1.516354834578593214e-01,1.516354834578591271e-01,7.134398213941293534e+02
8.063065437107044819e-02,7.664116801950165980e-02,7.664116801950165980e-02,7.664116801950156266e-02,7.327961456236658933e+02
8.699243434442335138e-03,6.333371643124311584e-03,6.333371643124311584e-03,6.333371643124502404e-03,7.494174942903591727e+02
-5.346735295762396201e-02,-5.430427286438866546e-02,-5.430427286438866546e-02,-5.430427286438861689e-02,7.627416131833319923e+02
-1.014358348394110571e-01,-1.009132116390949740e-01,-1.009132116390949740e-01,-1.009132116390948075e-01,7.722571485953870933e+02
-1.337821049269668772e-01,-1.321778440965768742e-01,-1.321778440965768742e-01,-1.321778440965768742e-01,7.775993337796552396e+02
-1.526454584414888294e-01,-1.503245396203263529e-01,-1.503245396203263529e-01,-1.503245396203263529e-01,7.786336281158792190e+02
-1.624125949841640215e-01,-1.597477551277101948e-01,-1.597477551277101948e-01,-1.597477551277101393e-01,7.754731368401280633e+02
-1.680088002101382538e-01,-1.653162838451781580e-01,-1.653162838451781580e-01,-1.653162838451781025e-01,7.684425831455494063e+02
-1.736444190425543987e-01,-1.711846126645418242e-01,-1.711846126645418242e-01,-1.711846126645417687e-01,7.580280585121424792e+02
-1.820353782198308734e-01,-1.800337801978044716e-01,-1.800337801978044716e-01,-1.800337801978044716e-01,7.448268453426378528e+02
-1.940174546242531550e-01,-1.926502884150031181e-01,-1.926502884150031181e-01,-1.926502884150031181e-01,7.294930532435165560e+02
-2.085102827342066312e-01,-2.078640682218435842e-01,-2.078640682218435842e-01,-2.078640682218435565e-01,7.126894371842174678e+02
-2.231184278844850488e-01,-2.231607580404500746e-01,-2.231607580404500746e-01,-2.231607580404500191e-01,6.950488344193952344e+02
-2.352579028427708441e-01,-2.358387393796372022e-01,-2.358387393796372022e-01,-2.358387393796372022e-01,6.771413075865810924e+02
-2.428077787967000967e-01,-2.436943435872685748e-01,-2.436943435872685748e-01,-2.436943435872685193e-01,6.594588000940133270e+02
-2.442576789654984371e-01,-2.451879432029836769e-01,-2.451879432029836769e-01,-2.451879432029836769e-01,6.424154297680001946e+02
-2.392532853871251197e-01,-2.399812828415346377e-01,-2.399812828415346377e-01,-2.399812828415346377e-01,6.263528674609983682e+02
-2.289478444602831841e-01,-2.292715326912719565e-01,-2.292715326912719565e-01,-2.292715326912719565e-01,6.115449276224611594e+02
-2.151509148597888499e-01,-2.149316893488983082e-01,-2.149316893488983082e-01,-2.149316893488982805e-01,5.981924361892533852e+02
-1.992126954055471466e-01,-1.983947207015288594e-01,-1.983947207015288594e-01,-1.983947207015288594e-01,5.864181090586487244e+02
-1.818683654840482777e-01,-1.804924971877030493e-01,-1.804924971877030493e-01,-1.804924971877030493e-01,5.762787685656303438e+02
-1.637580036810692141e-01,-1.619445914634628225e-01,-1.619445914634628225e-01,-1.619445914634628225e-01,5.677849887840848169e+02
-1.458041738490481465e-01,-1.436966211266546001e-01,-1.436966211266546001e-01,-1.436966211266546278e-01,5.609122593699099752e+02
-1.290451380322029939e-01,-1.267556711397631874e-01,-1.267556711397631874e-01,-1.267556711397631874e-01,5.556156952208376651e+02
-1.142747124654873436e-01,-1.118655156814663265e-01,-1.118655156814663265e-01,-1.118655156814663543e-01,5.518510076487867764e+02
-1.020887466601369947e-01,-9.957986910243750434e-02,-9.957986910243750434e-02,-9.957986910243751821e-02,5.495748783093124530e+02
-9.310752146473999513e-02,-9.049915497429818212e-02,-9.049915497429818212e-02,-9.049915497429820987e-02,5.487296352422566770e+02
-8.778216257152088309e-02,-8.507678640387508762e-02,-8.507678640387508762e-02,-8.507678640387505986e-02,5.492405399896549625e+02
-8.602252515864602933e-02,-8.323211680484235431e-02,-8.323211680484235431e-02,-8.323211680484238206e-02,5.510214568419670513e+02
-8.725088858425532334e-02,-8.440363176173146242e-02,-8.440363176173146242e-02,-8.440363176173144855e-02,5.539768888394279429e+02
-9.071902156940703232e-02,-8.788589910210767298e-02,-8.788589910210767298e-02,-8.788589910210765910e-02,5.580041238207796823e+02
-9.557276484894997037e-02,-9.290168008505753083e-02,-9.290168008505753083e-02,-9.290168008505755859e-02,5.629955342743137408e+02
-1.008714564142765141e-01,-9.857349118934148613e-02,-9.857349118934148613e-02,-9.857349118934145837e-02,5.688357608013220670e+02
-1.061245345066605117e-01,-1.043777922927959928e-01,-1.043777922927959928e-01,-1.043777922927959789e-01,5.754003248758069731e+02
-1.117518786467196074e-01,-1.106095874735915779e-01,-1.106095874735915779e-01,-1.106095874735915918e-01,5.825653624401481920e+02
-1.183624271773605630e-01,-1.177623418715281894e-01,-1.177623418715281894e-01,-1.177623418715282172e-01,5.902193274982048479e+02
-1.257310234738016896e-01,-1.255584493399852786e-01,-1.255584493399852786e-01,-1.255584493399853618e-01,5.982649977399161116e+02
-1.329516785152895508e-01,-1.330773181986073250e-01,-1.330773181986073250e-01,-1.330773181986073250e-01,6.066186905952012012e+02
-1.391058551674695665e-01,-1.393981209871485716e-01,-1.393981209871485716e-01,-1.393981209871485716e-01,6.152197445157588618e+02
-1.435433448190689687e-01,-1.438774247191301481e-01,-1.438774247191301481e-01,-1.438774247191301203e-01,6.240409071934036547e+02
-1.461630357210385311e-01,-1.464272002540116246e-01,-1.464272002540116246e-01,-1.464272002540116802e-01,6.330767426564269726e+02
-1.476051127485624448e-01,-1.476937305904389153e-01,-1.476937305904389153e-01,-1.476937305904389430e-01,6.423206674085803343e+02
-1.488593170062183779e-01,-1.486605326565367813e-01,-1.486605326565367813e-01,-1.486605326565366980e-01,6.517508157028942151e+02
-1.507634231799631908e-01,-1.501728473109883721e-01,-1.501728473109883721e-01,-1.501728473109883721e-01,6.613176810223420716e+02
-1.538250143231396083e-01,-1.527880710912020712e-01,-1.527880710912020712e-01,-1.527880710912020712e-01,6.709375775078850666e+02
-1.578554046164116764e-01,-1.563907812138141951e-01,-1.563907812138141951e-01,-1.563907812138141118e-01,6.805016585671028224e+02
-1.613050856315328130e-01,-1.594919619915540765e-01,-1.594919619915540765e-01,-1.594919619915539377e-01,6.898866060210663136e+02
-1.610735358810398699e-01,-1.590289823974022632e-01,-1.590289823974022632e-01,-1.590289823974022909e-01,6.989571111277895170e+02
-1.529990104083987223e-01,-1.508496504095099000e-01,-1.508496504095099000e-01,-1.508496504095098167e-01,7.075662948527176468e+02
-1.324511254529114335e-01,-1.302886355154105336e-01,-1.302886355154105336e-01,-1.302886355154106723e-01,7.155602302802773238e+02
-9.559929613750890731e-02,-9.343029033760252844e-02,-9.343029033760252844e-02,-9.343029033760238966e-02,7.227901357767772197e+02
-4.246262023351903697e-02,-4.018687789651493453e-02,-4.018687789651493453e-02,-4.018687789651479575e-02,7.291326376016778568e+02
2.110868041165423273e-02,2.366028741210301697e-02,2.366028741210301697e-02,2.366028741210292677e-02,7.345046672380186692e+02
8.660326048030235480e-02,8.958976600108761734e-02,8.958976600108761734e-02,8.958976600108733979e-02,7.388612478702900717e+02
1.481685528383331063e-01,1.516826841025451789e-01,1.516826841025451789e-01,1.516826841025451234e-01,7.421875770972073951e+02
2.047314783201995836e-01,2.087997407016210227e-01,2.087997407016210227e-01,2.087997407016209117e-01,7.444920745324234304e+02
2.589984020996141667e-01,2.636062132531786784e-01,2.636062132531786784e-01,2.636062132531787894e-01,7.457938605003635075e+02
3.145126647824411648e-01,3.196130135986128273e-01,3.196130135986128273e-01,3.196130135986126053e-01,7.461073470640852747e+02
3.721330340654884217e-01,3.776420889582595142e-01,3.776420889582595142e-01,3.776420889582591811e-01,7.454271190744015030e+02
4.293120400462099862e-01,4.351240320490911140e-01,4.351240320490911140e-01,4.351240320490911140e-01,7.437115380954372768e+02
4.820559255706023394e-01,4.880824359361110032e-01,4.880824359361110032e-01,4.880824359361112252e-01,7.408667206475895455e+02
5.263139586956768756e-01,5.325211513051949508e-01,5.325211513051949508e-01,5.325211513051952839e-01,7.367325107863179028e+02
5.582620467358762051e-01,5.646920320940038707e-01,5.646920320940038707e-01,5.646920320940039817e-01,7.310689691788187474e+02
5.754700319718614177e-01,5.822322466282738862e-01,5.822322466282738862e-01,5.822322466282738862e-01,7.235460494579314172e+02
5.808992738151615987e-01,5.881158471758891615e-01,5.881158471758891615e-01,5.881158471758896056e-01,7.137404947446848382e+02
5.882844046481233713e-01,5.960670934301077750e-01,5.960670934301077750e-01,5.960670934301081081e-01,7.011378520847152913e+02
6.218933313802457175e-01,6.304432736023624084e-01,6.304432736023624084e-01,6.304432736023625194e-01,6.851463456484540302e+02
7.048572386767968379e-01,7.145030448137722479e-01,7.145030448137722479e-01,7.145030448137723589e-01,6.651327879065140678e+02
8.436508857478179912e-01,8.545689150059923023e-01,8.545689150059923023e-01,8.545689150059919692e-01,6.404839036752402990e+02
1.024798284194601727e+00,1.036684038082934967e+00,1.036684038082934967e+00,1.036684038082934523e+00,6.106961366711406072e+02
1.224074766175845541e+00,1.236267267266660141e+00,1.236267267266660141e+00,1.236267267266660586e+00,5.754752250237637554e+02
1.414285842425734963e+00,1.426267706508929978e+00,1.426267706508929978e+00,1.426267706508929312e+00,5.348182506973602131e+02
1.568828139181996928e+00,1.580667787771536936e+00,1.580667787771536936e+00,1.580667787771537158e+00,4.890777113893459500e+02
1.666108952451881953e+00,1.678656210787690561e+00,1.678656210787690561e+00,1.678656210787690339e+00,4.390082955872050547e+02
1.693670010612178256e+00,1.708494411114621414e+00,1.708494411114621414e+00,1.708494411114621192e+00,3.857799740505998329e+02
1.649702370647819327e+00,1.668802808510889912e+00,1.668802808510889912e+00,1.668802808510889912e+00,3.309400949742763487e+02
1.542415053704263350e+00,1.567667801677117945e+00,1.567667801677117945e+00,1.567667801677118389e+00,2.763045125028762072e+02
1.387511125931563782e+00,1.419802040907209184e+00,1.419802040907209184e+00,1.419802040907208962e+00,2.237706827821543243e+02
1.203088998038373214e+00,1.241637702539114541e+00,1.241637702539114541e+00,1.241637702539114763e+00,1.750888430834817768e+02
1.003219479700182326e+00,1.045939240009151394e+00,1.045939240009151394e+00,1.045939240009151616e+00,1.316458120938850698e+02
7.948187743227019819e-01,8.394842079775779453e-01,8.394842079775779453e-01,8.394842079775780563e-01,9.432401547402923825e+01
5.807147556560434687e-01,6.257392468778848471e-01,6.257392468778848471e-01,6.257392468778849581e-01,6.349431546243285140e+01
3.659300822126709263e-01,4.102605302190309167e-01,4.102605302190309167e-01,4.102605302190308612e-01,3.911005560629570255e+01
1.623953965055954796e-01,2.050113063805391045e-01,2.050113063805391045e-01,2.050113063805391600e-01,2.081090835272252804e+01
-1.082852595525780545e-02,2.868248182703281302e-02,2.868248182703281302e-02,2.868248182703283383e-02,7.989523404229400327e+00
-1.340907724407694457e-01,-9.967355787034685999e-02,-9.967355787034685999e-02,-9.967355787034685999e-02,-1.790140772881996245e-01
-1.973786112077653421e-01,-1.707868627309808152e-01,-1.707868627309808152e-01,-1.707868627309808429e-01,-4.684217799270386173e+00
-2.053418110925969153e-01,-1.897351634635166262e-01,-1.897351634635166262e-01,-1.897351634635165984e-01,-6.552818282363064739e+00
-1.739680414265127317e-01,-1.716502072272652057e-01,-1.716502072272652057e-01,-1.716502072272652057e-01,-6.708832565229933209e+00
-1.233642208132099544e-01,-1.341323601340059513e-01,-1.341323601340059513e-01,-1.341323601340059513e-01,-5.894799036486272570e+00
-7.118215776236881676e-02,-9.172473055287114208e-02,-9.172473055287114208e-02,-9.172473055287114208e-02,-4.652795467136989771e+00
-2.880379257298621917e-02,-5.379836508966958503e-02,-5.379836508966958503e-02,-5.379836508966959197e-02,-3.340726115559809806e+00
-5.054476912906040930e-04,-2.484059319535136465e-02,-2.484059319535136465e-02,-2.484059319535136465e-02,-2.166162448904981108e+00
1.505797126841188806e-02,-5.751109936740513191e-03,-5.751109936740513191e-03,-5.751109936740513191e-03,-1.225421365945893015e+00
2.195494967118044594e-02,4.745868434273167215e-03,4.745868434273167215e-03,4.745868434273165480e-03,-5.403769747261721879e-01
2.415908742039373294e-02,8.908132543144929236e-03,8.908132543144929236e-03,8.908132543144929236e-03,-8.879039446720331241e-02
2.422043758255952584e-02,9.097428499551073536e-03,9.097428499551073536e-03,9.097428499551075270e-03,1.729762821544552631e-01
2.345216012945787465e-02,7.263560916781604260e-03,7.263560916781604260e-03,7.263560916781603392e-03,2.945768151861881678e-01
2.257227884215500316e-02,4.765179544376464509e-03,4.765179544376464509e-03,4.765179544376463641e-03,3.222987496111057171e-01
2.198125067521305293e-02,2.411195244772291937e-03,2.411195244772291937e-03,2.411195244772292370e-03,2.943519620906203116e-01
2.170084106298241985e-02,5.912612275601054597e-04,5.912612275601054597e-04,5.912612275601055681e-04,2.393662768249319728e-01
2.141217330533803920e-02,-5.840983357838170015e-04,-5.840983357838170015e-04,-5.840983357838170015e-04,1.767974357074477976e-01
2.073879974716934249e-02,-1.170215880914225303e-03,-1.170215880914225303e-03,-1.170215880914225303e-03,1.184397092736131502e-01
1.950015050348242324e-02,-1.303138396461160252e-03,-1.303138396461160252e-03,-1.303138396461160252e-03,7.024748582717278700e-02
1.774897188965355102e-02,-1.141387900657811353e-03,-1.141387900657811353e-03,-1.141387900657811353e-03,3.414941561188487157e-02
1.570106550012168728e-02,-8.300190876092034030e-04,-8.300190876092034030e-04,-8.300190876092034030e-04,9.593482516976370097e-03
1.367093516620570062e-02,-4.812172710378053017e-04,-4.812172710378053017e-04,-4.812172710378054101e-04,-5.282573087051130670e-03
1.201452504018364446e-02,-1.697929680087909531e-04,-1.697929680087909531e-04,-1.697929680087909259e-04,-1.280251156250042724e-02
1.103096199776274974e-02,6.493065461096775737e-05,6.493065461096775737e-05,6.493065461096783869e-05,-1.524428607576517984e-02
1.084439835196907183e-02,2.117122855186504655e-04,2.117122855186504655e-04,2.117122855186504384e-04,-1.454835749806857731e-02
1.140719654029017684e-02,2.783925765556929726e-04,2.783925765556929726e-04,2.783925765556930268e-04,-1.220899596729581316e-02
1.259327475524760383e-02,2.834438821554950585e-04,2.834438821554950585e-04,2.834438821554950585e-04,-9.276017197495600719e-03
1.416429382585066531e-02,2.482054880963348201e-04,2.482054880963348201e-04,2.482054880963348201e-04,-6.406894909602248341e-03
1.571833526007841361e-02,1.925238775934837773e-04,1.925238775934837773e-04,1.925238775934837773e-04,-3.959613074209972217e-03
1.685529570418529965e-02,1.316708061987722014e-04,1.316708061987722014e-04,1.316708061987721472e-04,-2.073724542489059196e-03
1.741435816749022092e-02,7.586983818642369874e-05,7.586983818642369874e-05,7.586983818642369874e-05,-7.517100198193608310e-04
1.750813617329829985e-02,3.081910233385185948e-05,3.081910233385185948e-05,3.081910233385185948e-05,8.034440389757731846e-05
1.731228523970056860e-02,-1.538722633498036129e-06,-1.538722633498036129e-06,-1.538722633498032529e-06,5.302863505673282435e-04
1.692728157226182015e-02,-2.157793338677076048e-05,-2.157793338677076048e-05,-2.157793338677075709e-05,7.076889189429193087e-04
1.653289824179770412e-02,-3.132218178689487288e-05,-3.132218178689487288e-05,-3.132218178689487965e-05,7.110058598354666208e-04
1.645091159137954812e-02,-3.334646694196012308e-05,-3.334646694196012308e-05,-3.334646694196012308e-05,6.173122736332236791e-04
1.669722918994593491e-02,-3.029123270322955474e-05,-3.029123270322955474e-05,-3.029123270322955474e-05,4.824998206268693037e-04
1.679153181718827728e-02,-2.452801378443946405e-05,-2.452801378443946405e-05,-2.452801378443946744e-05,3.432730054061796862e-04
1.637585659088657344e-02,-1.783634220361924515e-05,-1.783634220361924515e-05,-1.783634220361924176e-05,2.199729768211099482e-04
1.562379162451447111e-02,-1.152515525660796012e-05,-1.152515525660796012e-05,-1.152515525660796012e-05,1.223568927344056924e-04
1.510831684978379205e-02,-6.268713371620510206e-06,-6.268713371620510206e-06,-6.268713371620511053e-06,5.183712094062158386e-05
1.547706234134348276e-02,-2.349458338139510537e-06,-2.349458338139510537e-06,-2.349458338139510961e-06,5.872643701480763541e-06
1.705353754513138156e-02,2.549638078444322854e-07,2.549638078444322854e-07,2.549638078444324971e-07,-2.030461920427840803e-05
1.965704664758254061e-02,1.757155695547876786e-06,1.757155695547876786e-06,1.757155695547876786e-06,-3.213434939852866524e-05
2.275405349422437301e-02,2.386695856870024551e-06,2.386695856870024551e-06,2.386695856870024551e-06,-3.428622866194751408e-05
2.569927392553502180e-02,2.433910777292176525e-06,2.433910777292176525e-06,2.433910777292176101e-06,-3.093368877626486796e-05
2.791205950219136436e-02,2.119576519239503281e-06,2.119576519239503281e-06,2.119576519239503281e-06,-2.489261842051531941e-05
2.893980866294939072e-02,1.641651735360027787e-06,1.641651735360027787e-06,1.641651735360027576e-06,-1.820924111829268498e-05
2.846970383933578042e-02,1.142709598507325478e-06,1.142709598507325478e-06,1.142709598507325478e-06,-1.208831320984411482e-05
2.645378355251610039e-02,6.982474674142218410e-07,6.982474674142218410e-07,6.982474674142218410e-07,-7.044021249522338244e-06
2.323310533224275803e-02,3.615832321325122799e-07,3.615832321325122799e-07,3.615832321325123328e-07,-3.342139851315042024e-06
1.943080959093222357e-02,1.295767859205204244e-07,1.295767859205204244e-07,1.295767859205204509e-07,-8.190125529958665019e-07
1.570534488515707219e-02,-5.174917656052369936e-09,-5.174917656052369936e-09,-5.174917656052364973e-09,6.744338496495598392e-07
1.252279886066362709e-02,-6.806535859111549079e-08,-6.806535859111549079e-08,-6.806535859111549079e-08,1.409177727468703759e-06
9.990444233626293025e-03,-8.556218008190412870e-08,-8.556218008190412870e-08,-8.556218008190412870e-08,1.637834025547268078e-06
7.798775429534264905e-03,-7.544247171931300101e-08,-7.544247171931300101e-08,-7.544247171931301425e-08,1.528513547081084104e-06
5.362781055660112428e-03,-5.662529740901026466e-08,-5.662529740901026466e-08,-5.662529740901025143e-08,1.278504472478026263e-06
2.233388794868738318e-03,-3.596406072070547700e-08,-3.596406072070547700e-08,-3.596406072070547700e-08,9.575680416050033992e-07
-1.441667567806418629e-03,-1.970740867748498940e-08,-1.970740867748498940e-08,-1.970740867748498940e-08,6.562666039389799076e-07
-4.779922677191384382e-03,-9.016506633192809632e-09,-9.016506633192809632e-09,-9.016506633192809632e-09,4.026480046934700376e-07
-6.432846194742901369e-03,-3.079508900657640753e-09,-3.079508900657640753e-09,-3.079508900657640339e-09,2.022766305198033276e-07
-5.153870932508668873e-03,-9.812184611802912094e-10,-9.812184611802912094e-10,-9.812184611802914162e-10,7.089013993993996400e-08
-5.201261976090162682e-04,-8.500875393485380986e-10,-8.500875393485380986e-10,-8.500875393485378918e-10,-1.956545447196069262e-08
6.476350170270940218e-03,-1.539946573509785102e-09,-1.539946573509785102e-09,-1.539946573509784895e-09,-6.438254252858215697e-08
1.333267255329189001e-02,-2.307251730578766201e-09,-2.307251730578766201e-09,-2.307251730578766201e-09,-8.508898940166049731e-08
1.679658345879412457e-02,-2.798032633565265936e-09,-2.798032633565265936e-09,-2.798032633565265522e-09,-8.956368156216400265e-08
1.472346722420331093e-02,-2.840829163874154561e-09,-2.840829163874154561e-09,-2.840829163874154975e-09,-8.114773577593489227e-08
8.127605425361355065e-03,-2.768781191232804088e-09,-2.768781191232804088e-09,-2.768781191232804088e-09,-7.265460561208676751e-08
8.923517619766494153e-04,-2.353869648742255492e-09,-2.353869648742255492e-09,-2.353869648742255078e-09,-5.749765596728545605e-08
-3.312231347702290253e-03,-1.877679677690304825e-09,-1.877679677690304825e-09,-1.877679677690305239e-09,-4.270027480731784200e-08
-3.209273536141510862e-03,-1.062369780859056199e-09,-1.062369780859056199e-09,-1.062369780859056199e-09,-2.236773222296465091e-08
4.792096080405624245e-04,3.126796558541541073e-10,3.126796558541541073e-10,3.126796558541540556e-10,6.241309444889275813e-09
5.869038281226687803e-03,2.415461329282653443e-09,2.415461329282653443e-09,2.415461329282653857e-09,4.471678034660208891e-08
1.069084664965434979e-02,5.671277725272398415e-09,5.671277725272398415e-09,5.671277725272399242e-09,1.003155818538400864e-07
1.349115718211447990e-02,9.844898937383387864e-09,9.844898937383387864e-09,9.844898937383387864e-09,1.708268878279030377e-07
1.416804746336225961e-02,1.470357095495178792e-08,1.470357095495178792e-08,1.470357095495178792e-08,2.575360493456161006e-07
1.337979981858350258e-02,1.930246829766725649e-08,1.930246829766725649e-08,1.930246829766725649e-08,3.512742410277959422e-07
1.181929061242373465e-02,2.240005585101448823e-08,2.240005585101448823e-08,2.240005585101448823e-08,4.359505024018831502e-07
9.936297126994198328e-03,2.266957756963017782e-08,2.266957756963017782e-08,2.266957756963018113e-08,4.853252496306277187e-07
7.914919513409526125e-03,1.886819432899575560e-08,1.886819432899575560e-08,1.886819432899575230e-08,4.565752086695206865e-07
5.772646115613268292e-03,1.056222329429420467e-08,1.056222329429420467e-08,1.056222329429420467e-08,2.958872132271115423e-07
3.542894321748256501e-03,-2.013496133386176802e-09,-2.013496133386176802e-09,-2.013496133386177215e-09,-6.637329162450557816e-08
1.364633212994630692e-03,-1.810029095210602092e-08,-1.810029095210602092e-08,-1.810029095210601761e-08,-7.042750636453335859e-07
-5.433266746167126531e-04,-3.734359622404545260e-08,-3.734359622404545260e-08,-3.734359622404547245e-08,-1.685757448727618278e-06
-1.953668382967612468e-03,-6.058459860401891058e-08,-6.058459860401891058e-08,-6.058459860401891058e-08,-3.050893494252019612e-06
-1.619520225189425861e-03,-9.502447216336683028e-08,-9.502447216336683028e-08,-9.502447216336681705e-08,-4.777115868460375890e-06
-1.245801065744766341e-03,-1.341963910630413088e-07,-1.341963910630413088e-07,-1.341963910630412824e-07,-6.738181421973292918e-06
