# InvDyn,Takahashi,Zelik,Frigo,GRF
2.620848651160273893e-02,8.945212519878358012e-12,8.945212519878358012e-12,8.945212519878358012e-12,5.877622315959786908e-11
2.829184861963847039e-02,6.237965546594592921e-12,6.237965546594592921e-12,6.237965546594592921e-12,4.130122751619898477e-11
2.766649630199160756e-02,3.912725383814693269e-12,3.912725383814693269e-12,3.912725383814693269e-12,2.608933358682192749e-11
2.669371076586789585e-02,2.110663525376579457e-12,2.110663525376579457e-12,2.110663525376579053e-12,1.416677164372747525e-11
2.618192643680660597e-02,8.377841607411426701e-13,8.377841607411426701e-13,8.377841607411424681e-13,5.669931647990212026e-12
2.599894159542791294e-02,2.866966925110882963e-14,2.866966925110882963e-14,2.866966925110884225e-14,2.072931230510836208e-13
2.572824929604339630e-02,-4.119220368546991482e-13,-4.119220368546991482e-13,-4.119220368546992492e-13,-2.845055238442732729e-12
2.520991607714323166e-02,-5.846387115355928146e-13,-5.846387115355928146e-13,-5.846387115355928146e-13,-4.147199490193352628e-12
2.483290764105160198e-02,-5.859709780719172952e-13,-5.859709780719172952e-13,-5.859709780719170932e-13,-4.316835685727099457e-12
2.530323723841399614e-02,-4.922633436352922798e-13,-4.922633436352922798e-13,-4.922633436352923808e-13,-3.824956579871171644e-12
2.701347399760525500e-02,-3.639764617700285662e-13,-3.639764617700285662e-13,-3.639764617700285157e-13,-3.043041857148298342e-12
2.953237943545385449e-02,-2.385756494525663194e-13,-2.385756494525663194e-13,-2.385756494525662689e-13,-2.202080288952637812e-12
3.154944287595922575e-02,-1.361011274198562862e-13,-1.361011274198562862e-13,-1.361011274198563115e-13,-1.435458524449614883e-12
3.120418334460545520e-02,-6.558902880306385940e-14,-6.558902880306385940e-14,-6.558902880306385940e-14,-8.292367201096886663e-13
2.671630550794197936e-02,-2.263097084462805687e-14,-2.263097084462805687e-14,-2.263097084462805372e-14,-3.688286104472391896e-13
1.736745521306151674e-02,-3.238677885132872169e-15,-3.238677885132872169e-15,-3.238677885132871380e-15,-7.741369788713968823e-14
4.505631548394225389e-03,2.276309921035383211e-15,2.276309921035383211e-15,2.276309921035382817e-15,1.016089636056885005e-13
-8.322318564941567909e-03,4.883593204636906018e-16,4.883593204636906018e-16,4.883593204636906018e-16,1.892736101230414037e-13
-1.670489278780196846e-02,-3.129880784775875688e-15,-3.129880784775875688e-15,-3.129880784775875688e-15,1.982399625528561040e-13
-1.740353838738097070e-02,-6.351959386569018396e-15,-6.351959386569018396e-15,-6.351959386569018396e-15,2.013740477240174364e-13
-9.884236684222207775e-03,-6.383759757045683039e-15,-6.383759757045683039e-15,-6.383759757045681461e-15,1.457960919412179896e-13
2.976041312134730405e-03,-6.359951064427431482e-15,-6.359951064427431482e-15,-6.359951064427429905e-15,1.225380005148392100e-13
1.529324687435932445e-02,-4.455305673068106663e-15,-4.455305673068106663e-15,-4.455305673068106663e-15,7.959629357008513983e-14
2.056245906739378321e-02,-2.037136328110520040e-15,-2.037136328110520040e-15,-2.037136328110520040e-15,3.651197077505467734e-14
1.609143025393923801e-02,-2.270291183236728876e-15,-2.270291183236728876e-15,-2.270291183236729665e-15,4.256129703248868470e-14
6.150979994205639685e-03,8.292259588996380436e-16,8.292259588996380436e-16,8.292259588996382408e-16,-1.689383087689333566e-14
-1.354254959381431334e-03,-8.631612576390429254e-16,-8.631612576390429254e-16,-8.631612576390431226e-16,1.918853118064804688e-14
-2.363848244803682091e-03,8.454354885860946340e-16,8.454354885860946340e-16,8.454354885860946340e-16,-1.988317599212329221e-14
1.034096167547017033e-03,6.350094094306664096e-16,6.350094094306664096e-16,6.350094094306665082e-16,-1.510484525963718252e-14
4.855179380630741601e-03,-7.344831501001153040e-16,-7.344831501001153040e-16,-7.344831501001151068e-16,1.677577526976805348e-14
7.172112232261562866e-03,2.394369894179658332e-15,2.394369894179658332e-15,2.394369894179658726e-15,-5.235177447813237642e-14
8.460717367097067565e-03,-2.226284474716376442e-15,-2.226284474716376442e-15,-2.226284474716377231e-15,4.696695937718216595e-14
9.845303456528221170e-03,2.393244577855493243e-15,2.393244577855493243e-15,2.393244577855493243e-15,-5.043512609605548197e-14
1.153998590931148288e-02,-8.230000678738514872e-16,-8.230000678738514872e-16,-8.230000678738515858e-16,1.878630009380756336e-14
1.289288748497110192e-02,-8.535046747196122212e-16,-8.535046747196122212e-16,-8.535046747196122212e-16,1.690050604031617515e-14
1.325777392723373645e-02,2.812543693761806555e-15,2.812543693761806555e-15,2.812543693761806160e-15,-6.454971339721792862e-14
1.237155571592083586e-02,-4.010935988061156189e-15,-4.010935988061156189e-15,-4.010935988061156189e-15,1.018997382275704265e-13
1.032222688260554799e-02,4.107934450201087412e-15,4.107934450201087412e-15,4.107934450201086624e-15,-1.162152245930979758e-13
7.517706495169387999e-03,-3.040374116849818661e-15,-3.040374116849818661e-15,-3.040374116849819449e-15,9.625604243172939061e-14
4.543854991558058699e-03,1.001985338604000965e-15,1.001985338604000965e-15,1.001985338604000965e-15,-3.545396304925962030e-14
1.894888633645735228e-03,1.370138746230648890e-15,1.370138746230648890e-15,1.370138746230648693e-15,-5.433705192623733950e-14
-1.851248508459627212e-04,-3.550585774875574100e-15,-3.550585774875574100e-15,-3.550585774875574889e-15,1.548678454956290671e-13
-1.664455774380331357e-03,4.902669148921253029e-15,4.902669148921253029e-15,4.902669148921254606e-15,-2.319737552486803167e-13
-2.601263628350318751e-03,-5.051307300914377477e-15,-5.051307300914377477e-15,-5.051307300914375900e-15,2.544394944577543768e-13
-3.061375747455534393e-03,3.753773792629688697e-15,3.753773792629688697e-15,3.753773792629687908e-15,-1.960091771646611005e-13
-3.107688489126441116e-03,-1.115447184174154066e-15,-1.115447184174154066e-15,-1.115447184174153475e-15,5.297715591108527808e-14
-2.815210147200057546e-03,-2.427874680867248132e-15,-2.427874680867248132e-15,-2.427874680867247737e-15,1.525766590664829697e-13
-2.272942350076682938e-03,6.027612945480238407e-15,6.027612945480238407e-15,6.027612945480238407e-15,-3.689259042871638018e-13
-1.573393116422658160e-03,-8.567179618344601993e-15,-8.567179618344601993e-15,-8.567179618344601993e-15,5.258744789435765205e-13
-8.051040812436282071e-04,8.909678107281127385e-15,8.909678107281127385e-15,8.909678107281127385e-15,-5.508617558289149259e-13
-5.270895276238423029e-05,-6.341222588904424108e-15,-6.341222588904424108e-15,-6.341222588904420953e-15,3.952632930835938919e-13
6.027505847716297608e-04,9.338739373164190592e-16,9.338739373164190592e-16,9.338739373164188620e-16,-5.621804837506631280e-14
1.087657785351823191e-03,6.216110705127811066e-15,6.216110705127811066e-15,6.216110705127811066e-15,-4.064184158406643157e-13
1.345249911823543504e-03,-1.311181497811171021e-14,-1.311181497811171021e-14,-1.311181497811171021e-14,8.721066837123118165e-13
1.350590954441614755e-03,1.736799079756404001e-14,1.736799079756404001e-14,1.736799079756404001e-14,-1.183548223700817453e-12
1.121342109057779516e-03,-1.690540677349722481e-14,-1.690540677349722481e-14,-1.690540677349722166e-14,1.184000641552047394e-12
7.139813845678118741e-04,1.089831490919737987e-14,1.089831490919737987e-14,1.089831490919738145e-14,-7.822278840321129168e-13
2.063141386373839117e-04,-1.875298554105138363e-17,-1.875298554105138363e-17,-1.875298554105138054e-17,-1.538843158192126716e-14
-3.244440120730572477e-04,-1.316631369795468886e-14,-1.316631369795468886e-14,-1.316631369795468570e-14,1.047463621446184231e-12
-8.125510455718201958e-04,2.520176320374781873e-14,2.520176320374781873e-14,2.520176320374781873e-14,-2.046036566230728015e-12
-1.202728369782764652e-03,-3.191939474862957951e-14,-3.191939474862957951e-14,-3.191939474862957951e-14,2.643814093880855248e-12
-1.458779405514731495e-03,3.011855762331120864e-14,3.011855762331120864e-14,3.011855762331121495e-14,-2.527894758177797898e-12
-1.580144655111804337e-03,-1.804210729498953470e-14,-1.804210729498953470e-14,-1.804210729498953154e-14,1.506735794485680921e-12
-1.601722766302843531e-03,-3.108943535039406503e-15,-3.108943535039406503e-15,-3.108943535039406503e-15,3.468830267489445234e-13
-1.578795345932864410e-03,2.868414730849931852e-14,2.868414730849931852e-14,2.868414730849931221e-14,-2.639199172631294636e-12
-1.568107344385971137e-03,-5.182513192789187585e-14,-5.182513192789187585e-14,-5.182513192789187585e-14,4.764222687425713694e-12
-1.605268647519458164e-03,6.326256714007903926e-14,6.326256714007903926e-14,6.326256714007902664e-14,-5.859393953758825425e-12
-1.693814710054176130e-03,-5.747833010213804586e-14,-5.747833010213804586e-14,-5.747833010213805849e-14,5.368375708442660254e-12
-1.819990520622307047e-03,2.992395791296972919e-14,2.992395791296972919e-14,2.992395791296972919e-14,-2.773962341153810814e-12
-1.975029675047818966e-03,1.331735271937878194e-14,1.331735271937878194e-14,1.331735271937878194e-14,-1.423880317629487904e-12
-2.156279089158962860e-03,-6.563410989327777101e-14,-6.563410989327777101e-14,-6.563410989327777101e-14,6.591964525745356679e-12
-2.345104178981782285e-03,1.098608009270449059e-13,1.098608009270449059e-13,1.098608009270448933e-13,-1.093407890377469046e-11
-2.489105327988462915e-03,-1.325687316907172100e-13,-1.325687316907172100e-13,-1.325687316907172100e-13,1.298504916132423688e-11
-2.517559622696697533e-03,1.177255505010706137e-13,1.177255505010706137e-13,1.177255505010706137e-13,-1.121969154485816041e-11
-2.381799753672305103e-03,-5.415951745063713751e-14,-5.415951745063713751e-14,-5.415951745063715013e-14,4.870690539767373171e-12
-2.077567496438715439e-03,-4.842807629285892590e-14,-4.842807629285892590e-14,-4.842807629285893221e-14,4.583837396170151036e-12
-1.632726713161263476e-03,1.857168997637010633e-13,1.857168997637010633e-13,1.857168997637010633e-13,-1.634587718522840109e-11
-1.085204178417412992e-03,-2.922160167219489924e-13,-2.922160167219489924e-13,-2.922160167219489924e-13,2.459334464828321830e-11
-4.768215928036319143e-04,3.596473736543068312e-13,3.596473736543068312e-13,3.596473736543067807e-13,-2.917029925833094730e-11
1.276295342016017169e-04,-2.829210843862707802e-13,-2.829210843862707802e-13,-2.829210843862707297e-13,2.229340142213287196e-11
6.289220219275018812e-04,1.148830681640219427e-13,1.148830681640219427e-13,1.148830681640219427e-13,-9.057530447443204049e-12
9.394130263675997804e-04,2.087391510333597890e-13,2.087391510333597890e-13,2.087391510333597890e-13,-1.484707729507909793e-11
1.050070980250790865e-03,-5.453291459808280289e-13,-5.453291459808280289e-13,-5.453291459808281299e-13,3.820058750162175330e-11
1.027418349123384277e-03,8.296540811460709328e-13,8.296540811460709328e-13,8.296540811460705289e-13,-5.661492450632981367e-11
9.395983714390232413e-04,-9.706148465346268021e-13,-9.706148465346268021e-13,-9.706148465346268021e-13,6.400928138227563838e-11
7.976359873950408276e-04,6.785788002477691049e-13,6.785788002477691049e-13,6.785788002477691049e-13,-4.316283955343441718e-11
5.573342689811476179e-04,-3.017892392183753651e-13,-3.017892392183753651e-13,-3.017892392183753146e-13,1.833523789814639703e-11
1.539094406035597742e-04,-8.283410357022222726e-13,-8.283410357022222726e-13,-8.283410357022220706e-13,4.900514193257792442e-11
-4.619454944516789376e-04,1.388535556185270207e-12,1.388535556185270207e-12,1.388535556185270611e-12,-7.809126892435765559e-11
-1.276872380903548796e-03,-2.724504050795584846e-12,-2.724504050795584846e-12,-2.724504050795584846e-12,1.459987493620021355e-10
-2.188861399216202909e-03,2.291347126987979445e-12,2.291347126987979445e-12,2.291347126987979445e-12,-1.159909445610117344e-10
-3.067099557337394766e-03,-2.329551287884257141e-12,-2.329551287884257141e-12,-2.329551287884256737e-12,1.113250300315538436e-10
-3.822634340625081627e-03,5.329802160057468235e-14,5.329802160057468235e-14,5.329802160057468235e-14,-1.030499135054766472e-12
-4.399298435590975019e-03,2.441873330351645584e-12,2.441873330351645584e-12,2.441873330351645988e-12,-1.083627892927395310e-10
-4.756535906284399193e-03,-4.497570963364544639e-12,-4.497570963364544639e-12,-4.497570963364545447e-12,1.852303998721206832e-10
-4.902133751278346316e-03,9.191747408852948974e-12,9.191747408852948974e-12,9.191747408852947358e-12,-3.606978357634428080e-10
-4.924022386779927651e-03,-4.472979026029368952e-12,-4.472979026029368952e-12,-4.472979026029368144e-12,1.645668117124192103e-10
-4.958873300250975918e-03,1.058635503177535652e-11,1.058635503177535652e-11,1.058635503177535652e-11,-3.766341768544009061e-10
-5.113678530639019677e-03,8.041622497551724766e-12,8.041622497551724766e-12,8.041622497551724766e-12,-2.750748880534250535e-10
-5.413495786935501944e-03,2.111286342732089323e-12,2.111286342732089323e-12,2.111286342732088919e-12,-7.009048598492282052e-11
-5.810760402044766286e-03,2.810533183697140979e-11,2.810533183697140979e-11,2.810533183697140333e-11,-8.861320654901956229e-10
-6.240119451608209730e-03,-9.224423512569953707e-12,-9.224423512569953707e-12,-9.224423512569952091e-12,2.790419472693226335e-10
-6.681195478820410420e-03,2.965867789105365413e-11,2.965867789105365413e-11,2.965867789105364767e-11,-8.752674631569590801e-10
-7.188580174113168297e-03,-1.254318290420208875e-11,-1.254318290420208875e-11,-1.254318290420208875e-11,3.544193274631667899e-10
-7.859291673819924356e-03,-2.081251681478868964e-11,-2.081251681478868964e-11,-2.081251681478868964e-11,5.661481163919254920e-10
-8.749012111729730090e-03,-2.018244344275618727e-11,-2.018244344275618727e-11,-2.018244344275618727e-11,5.356193204392839087e-10
-9.806721438866235901e-03,-1.320333866829480356e-10,-1.320333866829480356e-10,-1.320333866829480614e-10,3.410121125844044916e-09
-1.087857810035024186e-02,-8.444833463665007692e-11,-8.444833463665007692e-11,-8.444833463665008984e-11,2.124435954383131330e-09
-1.176780326397677996e-02,-2.626535203640670371e-10,-2.626535203640670371e-10,-2.626535203640670888e-10,6.395765717224732211e-09
-1.233082400912124434e-02,-2.522330586961107543e-10,-2.522330586961107543e-10,-2.522330586961107026e-10,5.980852440613783930e-09
-1.258684715360532981e-02,-3.250187610425645766e-10,-3.250187610425645766e-10,-3.250187610425645766e-10,7.418023433800004216e-09
-1.278060041299818907e-02,-4.371451167281236490e-10,-4.371451167281236490e-10,-4.371451167281235973e-10,9.672513562930652382e-09
-1.336396966209794750e-02,-1.897575815521427926e-10,-1.897575815521427926e-10,-1.897575815521427926e-10,3.775789488204302818e-09
-1.492986296475360200e-02,-2.803890396366428882e-10,-2.803890396366428882e-10,-2.803890396366428882e-10,5.281017455946127493e-09
-1.809389940381315315e-02,3.847662319375994098e-10,3.847662319375994098e-10,3.847662319375994615e-10,-9.018264394014486341e-09
-2.327433638015623252e-02,8.505630527348540588e-10,8.505630527348540588e-10,8.505630527348538520e-10,-1.884650232179786528e-08
-3.037469264546158870e-02,1.865813331909793707e-09,1.865813331909793707e-09,1.865813331909793707e-09,-3.863218346793712490e-08
-3.840573121944863832e-02,3.521933629859821316e-09,3.521933629859821316e-09,3.521933629859821316e-09,-7.013748621645484001e-08
-4.542824780248109345e-02,4.734299391952792326e-09,4.734299391952792326e-09,4.734299391952791499e-09,-9.136536789024976506e-08
-4.956891149000556412e-02,7.288077850526736683e-09,7.288077850526736683e-09,7.288077850526737510e-09,-1.376026959223956888e-07
-5.051945487923401729e-02,8.196422453564097163e-09,8.196422453564097163e-09,8.196422453564097163e-09,-1.531664938486186705e-07
-4.943955540112850849e-02,9.229957115183474360e-09,9.229957115183474360e-09,9.229957115183474360e-09,-1.728523025758889942e-07
-4.727664744451427065e-02,8.204038001565947938e-09,8.204038001565947938e-09,8.204038001565949593e-09,-1.552707497315225387e-07
-4.387023557252350825e-02,4.052244940745480130e-09,4.052244940745480130e-09,4.052244940745480957e-09,-7.025964950666385396e-08
-3.840622774739470974e-02,-1.429431293511605921e-09,-1.429431293511605921e-09,-1.429431293511605921e-09,5.522611833011266713e-08
-2.993871817911973252e-02,-1.200708465442294228e-08,-1.200708465442294228e-08,-1.200708465442293897e-08,3.371797191183504532e-07
-1.791744072165615126e-02,-2.282571677898216891e-08,-2.282571677898216891e-08,-2.282571677898216560e-08,6.893538247569014585e-07
-3.203600806984679191e-03,-3.609476108974881839e-08,-3.609476108974881839e-08,-3.609476108974882501e-08,1.217511539232479441e-06
1.142206162572504541e-02,-4.819308018678943187e-08,-4.819308018678943187e-08,-4.819308018678943848e-08,1.859635351534166470e-06
2.248112438999241153e-02,-5.632890569425189453e-08,-5.632890569425189453e-08,-5.632890569425188129e-08,2.525150888896688263e-06
2.787957683899826289e-02,-6.060613120716075929e-08,-6.060613120716075929e-08,-6.060613120716074606e-08,3.223277842828455399e-06
2.783288628980172888e-02,-5.680972155256409138e-08,-5.680972155256409138e-08,-5.680972155256411124e-08,3.547370265219874654e-06
2.420627770615835575e-02,-4.948714457568952059e-08,-4.948714457568952059e-08,-4.948714457568952721e-08,3.436133731622059812e-06
1.932638548708863480e-02,-4.208186472547780553e-08,-4.208186472547780553e-08,-4.208186472547779891e-08,2.281972992748872621e-06
1.501889907453851820e-02,-4.549387548008112221e-08,-4.549387548008112221e-08,-4.549387548008112883e-08,-3.383418910018531243e-07
1.221801838374676590e-02,-7.171288306811899917e-08,-7.171288306811899917e-08,-7.171288306811899917e-08,-4.875071694402803284e-06
1.110847883054397016e-02,-1.373384177955049015e-07,-1.373384177955049015e-07,-1.373384177955048751e-07,-1.214771064705447687e-05
1.139405481198812499e-02,-2.501607367642359873e-07,-2.501607367642359873e-07,-2.501607367642359873e-07,-2.199410379769863632e-05
1.253951839685131693e-02,-4.194665830595187050e-07,-4.194665830595187050e-07,-4.194665830595187050e-07,-3.480559387341302112e-05
1.399693438022687336e-02,-6.279561058773378525e-07,-6.279561058773378525e-07,-6.279561058773377466e-07,-4.927744405941274480e-05
1.536168819808309341e-02,-8.337606759781509306e-07,-8.337606759781509306e-07,-8.337606759781511423e-07,-6.347654317220242036e-05
1.643069260004574594e-02,-9.584700565892624220e-07,-9.584700565892624220e-07,-9.584700565892622103e-07,-7.403771662362010092e-05
1.718445310945558580e-02,-8.412032851481832725e-07,-8.412032851481832725e-07,-8.412032851481832725e-07,-7.455544200117781217e-05
1.772052691259022594e-02,-2.990022118003597815e-07,-2.990022118003597815e-07,-2.990022118003598874e-07,-5.817884837318897838e-05
1.817956880476746806e-02,9.605801819754837575e-07,9.605801819754837575e-07,9.605801819754835458e-07,-1.370419265403595808e-05
1.868399026992945480e-02,3.211536825487530294e-06,3.211536825487530294e-06,3.211536825487531141e-06,6.954952108414087797e-05
1.930252580912418872e-02,6.713037186299516714e-06,6.713037186299516714e-06,6.713037186299518408e-06,2.030577166288313133e-04
2.005861156439999252e-02,1.161329049735798407e-05,1.161329049735798407e-05,1.161329049735798068e-05,3.958491777588278235e-04
2.093079939543501453e-02,1.769101914720785405e-05,1.769101914720785405e-05,1.769101914720785405e-05,6.468302301962931648e-04
2.180032687112157253e-02,2.437529929748595773e-05,2.437529929748595773e-05,2.437529929748595773e-05,9.452094183409431817e-04
2.246044606253146461e-02,3.025213102546339542e-05,3.025213102546339542e-05,3.025213102546340220e-05,1.253497144015748663e-03
2.274663901752217721e-02,3.313728217683742258e-05,3.313728217683742258e-05,3.313728217683742258e-05,1.507322880141630543e-03
2.258450670016773007e-02,2.979954955406900001e-05,2.979954955406900001e-05,2.979954955406901356e-05,1.600646368477806484e-03
2.192541128724613889e-02,1.596492386560712599e-05,1.596492386560712599e-05,1.596492386560713955e-05,1.378910402847117979e-03
2.080848057645018345e-02,-1.306053907267550624e-05,-1.306053907267550624e-05,-1.306053907267551471e-05,6.466848466347824807e-04
1.950784870551648328e-02,-6.220050103382420543e-05,-6.220050103382420543e-05,-6.220050103382419187e-05,-8.375786315319249092e-04
1.841230147169629905e-02,-1.346805583172820328e-04,-1.346805583172820328e-04,-1.346805583172820328e-04,-3.313651882674263464e-03
1.769758428586121896e-02,-2.307512162190402446e-04,-2.307512162190402446e-04,-2.307512162190402446e-04,-6.986257266168158751e-03
1.728935225454369951e-02,-3.449333693944714040e-04,-3.449333693944714040e-04,-3.449333693944712956e-04,-1.192993765625488360e-02
1.713092868269608035e-02,-4.630295376618060290e-04,-4.630295376618060290e-04,-4.630295376618062458e-04,-1.796507399668795593e-02
1.731609392791061408e-02,-5.601000818444058262e-04,-5.601000818444058262e-04,-5.601000818444058262e-04,-2.452019465580867683e-02
1.798123707684297357e-02,-5.973382618574832803e-04,-5.973382618574832803e-04,-5.973382618574832803e-04,-3.040828193398185594e-02
1.920973197289356851e-02,-5.234869064495813922e-04,-5.234869064495813922e-04,-5.234869064495813922e-04,-3.367697781506262533e-02
2.105754431436627008e-02,-2.770845303908209766e-04,-2.770845303908209766e-04,-2.770845303908208682e-04,-3.140843247095255475e-02
2.357918800730445311e-02,2.048750019895781047e-04,2.048750019895781047e-04,2.048750019895780234e-04,-1.968089801497955108e-02
2.680031042073226233e-02,9.728346871606513005e-04,9.728346871606513005e-04,9.728346871606515173e-04,6.281564558810336443e-03
3.065612868869601118e-02,2.047223476791889749e-03,2.047223476791889749e-03,2.047223476791889749e-03,5.169923405484161405e-02
3.493755506233907349e-02,3.392232331397711156e-03,3.392232331397711156e-03,3.392232331397712890e-03,1.212220358314428648e-01
3.929649920935058410e-02,4.891107102251011918e-03,4.891107102251011918e-03,4.891107102251011918e-03,2.174720910161638543e-01
4.323958105765834947e-02,6.316123346134702374e-03,6.316123346134702374e-03,6.316123346134699772e-03,3.386497899539530065e-01
4.602517325611866356e-02,7.306977166514104678e-03,7.306977166514104678e-03,7.306977166514104678e-03,4.754642856903751880e-01
4.662761917591161376e-02,7.367084613790846580e-03,7.367084613790846580e-03,7.367084613790846580e-03,6.073725855363120152e-01
4.410954312998140170e-02,5.892802317010011059e-03,5.892802317010011059e-03,5.892802317010013662e-03,6.983294536027887522e-01
3.821953899651071157e-02,2.275095247352480927e-03,2.275095247352480927e-03,2.275095247352482662e-03,6.932754137985210896e-01
2.952967120722083116e-02,-3.916447261211500330e-03,-3.916447261211500330e-03,-3.916447261211500330e-03,5.158424156296170793e-01
1.915331776392997787e-02,-1.264404333377594503e-02,-1.264404333377594503e-02,-1.264404333377594503e-02,6.993990086741019852e-02
8.530790796660376457e-03,-2.304955619147416521e-02,-2.304955619147416521e-02,-2.304955619147416174e-02,-7.529361590328861320e-01
-6.550562239358098887e-04,-3.312774548694139704e-02,-3.312774548694139704e-02,-3.312774548694139704e-02,-2.057557120036310749e+00
-6.498250224745150995e-03,-3.961101726588196759e-02,-3.961101726588196759e-02,-3.961101726588196759e-02,-3.916088369112719292e+00
-6.964502059473270945e-03,-3.840324698892046140e-02,-3.840324698892046140e-02,-3.840324698892046140e-02,-6.324846401922019190e+00
-3.237424070316224011e-04,-2.586358899196896516e-02,-2.586358899196896516e-02,-2.586358899196897210e-02,-9.143382121118092343e+00
1.389932621902215115e-02,-1.010982821724035500e-03,-1.010982821724035500e-03,-1.010982821724037452e-03,-1.201829879199334528e+01
3.340240555366878056e-02,3.196348549942100437e-02,3.196348549942100437e-02,3.196348549942100437e-02,-1.429745014230033107e+01
5.125708981724724084e-02,6.224304513008286494e-02,6.224304513008286494e-02,6.224304513008287187e-02,-1.494650073975506821e+01
5.505658052212931280e-02,7.348977242662468878e-02,7.348977242662468878e-02,7.348977242662468878e-02,-1.249072493207166978e+01
2.919708437185526001e-02,4.813871059856987544e-02,4.813871059856987544e-02,4.813871059856988238e-02,-5.020089126648465516e+00
-3.901626382900338919e-02,-2.603783989088476192e-02,-2.603783989088476192e-02,-2.603783989088477233e-02,9.690071007906906786e+00
-1.522685974394508424e-01,-1.495817701075618511e-01,-1.495817701075618511e-01,-1.495817701075618233e-01,3.388910330367444601e+01
-2.996083660340293497e-01,-3.082922734737234549e-01,-3.082922734737234549e-01,-3.082922734737234549e-01,6.932649622349538276e+01
-4.580143444964207000e-01,-4.749770578358595285e-01,-4.749770578358595285e-01,-4.749770578358595285e-01,1.164497744623870119e+02
-5.982352533169595921e-01,-6.163476956132883933e-01,-6.163476956132883933e-01,-6.163476956132882822e-01,1.734991725286896838e+02
-6.945677848196356585e-01,-7.059274374448080147e-01,-7.059274374448080147e-01,-7.059274374448080147e-01,2.363591865020433431e+02
-7.334180020148182155e-01,-7.351803816605636532e-01,-7.351803816605636532e-01,-7.351803816605637643e-01,3.000389091136962634e+02
-7.095274632924286617e-01,-7.061594374075886860e-01,-7.061594374075886860e-01,-7.061594374075885749e-01,3.606802599169172368e+02
-6.137040602792239730e-01,-6.119578309899377233e-01,-6.119578309899377233e-01,-6.119578309899378343e-01,4.161306018756545200e+02
-4.338751394903870295e-01,-4.365945152946764662e-01,-4.365945152946764662e-01,-4.365945152946762997e-01,4.653071430196289953e+02
-1.754635864017972946e-01,-1.812739238332325697e-01,-1.812739238332325697e-01,-1.812739238332325975e-01,5.076316666078869275e+02
1.224438823552019273e-01,1.152035918665304109e-01,1.152035918665304109e-01,1.152035918665303832e-01,5.427449895915710840e+02
3.977273523914259257e-01,3.890704491010212873e-01,3.890704491010212873e-01,3.890704491010211763e-01,5.705472547728580821e+02
5.959349611686485249e-01,5.855826909720978080e-01,5.855826909720978080e-01,5.855826909720976969e-01,5.916452528600366350e+02
6.948351682503118854e-01,6.832748332303697492e-01,6.832748332303697492e-01,6.832748332303700822e-01,6.075498357823297511e+02
7.050728762249930393e-01,6.932394194516320329e-01,6.932394194516320329e-01,6.932394194516321440e-01,6.201461313978481940e+02
6.526517451009229420e-01,6.415753128555680140e-01,6.415753128555680140e-01,6.415753128555680140e-01,6.310062947661665476e+02
5.617446924416963361e-01,5.523671936713182573e-01,5.523671936713182573e-01,5.523671936713182573e-01,6.411946537349115260e+02
4.483802970723656522e-01,4.412908325311704627e-01,4.412908325311704627e-01,4.412908325311705737e-01,6.513994862625195310e+02
3.229078194174315741e-01,3.182408668626807158e-01,3.182408668626807158e-01,3.182408668626807158e-01,6.619856819189305952e+02
1.949197698036426452e-01,1.924925736389540287e-01,1.924925736389540287e-01,1.924925736389540287e-01,6.729528128004104701e+02
7.588700739101456039e-02,7.535976642819741667e-02,7.535976642819741667e-02,7.535976642819738891e-02,6.839519959801616551e+02
-2.232715023926619413e-02,-2.136562254300819128e-02,-2.136562254300819128e-02,-2.136562254300814617e-02,6.943840693153651955e+02
-9.138731782422547523e-02,-8.937922551849154795e-02,-8.937922551849154795e-02,-8.937922551849154795e-02,7.035319566358236898e+02
-1.293402596251595760e-01,-1.267434285567945185e-01,-1.267434285567945185e-01,-1.267434285567944907e-01,7.107015789274931876e+02
-1.406029664148229219e-01,-1.378678163096744014e-01,-1.378678163096744014e-01,-1.378678163096744569e-01,7.153363896025432496e+02
-1.337620522005222023e-01,-1.312903357870827958e-01,-1.312903357870827958e-01,-1.312903357870828513e-01,7.170888192839468047e+02
-1.186713323208508086e-01,-1.167901024094044615e-01,-1.167901024094044615e-01,-1.167901024094043644e-01,7.158613535156864600e+02
-1.041280233964061441e-01,-1.030840174203999510e-01,-1.030840174203999510e-01,-1.030840174203999787e-01,7.118088500268196412e+02
-9.658297154559619679e-02,-9.652500812095562988e-02,-9.652500812095562988e-02,-9.652500812095564375e-02,7.052982942224190310e+02
-9.952513199665392885e-02,-1.004691718272735235e-01,-1.004691718272735235e-01,-1.004691718272734818e-01,6.968437486303307651e+02
-1.134065081403501096e-01,-1.152184075628972931e-01,-1.152184075628972931e-01,-1.152184075628972931e-01,6.870271507556057031e+02
-1.361931521807660528e-01,-1.386109709749485663e-01,-1.386109709749485663e-01,-1.386109709749485663e-01,6.764216454727883274e+02
-1.642963619104671480e-01,-1.669754737755093366e-01,-1.669754737755093366e-01,-1.669754737755094198e-01,6.655453650070453477e+02
-1.934646870490601689e-01,-1.960290395154139220e-01,-1.960290395154139220e-01,-1.960290395154138665e-01,6.548440572844973531e+02
-2.194672667118079401e-01,-2.215702804397053083e-01,-2.215702804397053083e-01,-2.215702804397053083e-01,6.446779746580230039e+02
-2.390510193331148447e-01,-2.404353193153667967e-01,-2.404353193153667967e-01,-2.404353193153667412e-01,6.353059463741705031e+02
-2.510298079120893422e-01,-2.515575783140033272e-01,-2.515575783140033272e-01,-2.515575783140033272e-01,6.268771191340973701e+02
-2.561494677471011783e-01,-2.558003732744805747e-01,-2.558003732744805747e-01,-2.558003732744805747e-01,6.194494873225680749e+02
-2.557770383557826377e-01,-2.546406465766360983e-01,-2.546406465766360983e-01,-2.546406465766360983e-01,6.130282799363558297e+02
-2.510015037022675921e-01,-2.492712911345531246e-01,-2.492712911345531246e-01,-2.492712911345530691e-01,6.075932999753698596e+02
-2.425571269651511652e-01,-2.404977235131814939e-01,-2.404977235131814939e-01,-2.404977235131814939e-01,6.031147188159067127e+02
-2.309423160204720771e-01,-2.288201836085950180e-01,-2.288201836085950180e-01,-2.288201836085950180e-01,5.995645135019185545e+02
-2.168273074872123785e-01,-2.148371815705021615e-01,-2.148371815705021615e-01,-2.148371815705021615e-01,5.969175244841089807e+02
-2.021316026244021069e-01,-2.003485064515846681e-01,-2.003485064515846681e-01,-2.003485064515846126e-01,5.951439975175875361e+02
-1.904227454012275556e-01,-1.887928223000769623e-01,-1.887928223000769623e-01,-1.887928223000769068e-01,5.942039446993537695e+02
-1.851724891220949687e-01,-1.835548624579304566e-01,-1.835548624579304566e-01,-1.835548624579304566e-01,5.940516130804764998e+02
-1.876869032808674287e-01,-1.859299055036136572e-01,-1.859299055036136572e-01,-1.859299055036136294e-01,5.946439101850855877e+02
-1.970141882056775373e-01,-1.950162330138390798e-01,-1.950162330138390798e-01,-1.950162330138390798e-01,5.959553059102022416e+02
-2.111142530681302809e-01,-2.088455608488031245e-01,-2.088455608488031245e-01,-2.088455608488031523e-01,5.979924825691156229e+02
-2.276918470075595113e-01,-2.251944305971066707e-01,-2.251944305971066707e-01,-2.251944305971066707e-01,6.007768566458742043e+02
-2.440992619551381193e-01,-2.414749426379882158e-01,-2.414749426379882158e-01,-2.414749426379882158e-01,6.043102641071750440e+02
-2.568632765632166692e-01,-2.542342142944212235e-01,-2.542342142944212235e-01,-2.542342142944211680e-01,6.085618400289300780e+02
-2.626463904525291326e-01,-2.600957383964519476e-01,-2.600957383964519476e-01,-2.600957383964519476e-01,6.134693380243604679e+02
-2.603980362403072735e-01,-2.579438401782494505e-01,-2.579438401782494505e-01,-2.579438401782493950e-01,6.189411690609932748e+02
-2.508131690758803600e-01,-2.484351420893054774e-01,-2.484351420893054774e-01,-2.484351420893055884e-01,6.248653667433403598e+02
-2.329166138292103339e-01,-2.305946593651842513e-01,-2.305946593651842513e-01,-2.305946593651842236e-01,6.311263816688867792e+02
-2.029875204838190450e-01,-2.007234979426832655e-01,-2.007234979426832655e-01,-2.007234979426831822e-01,6.376118486284435676e+02
-1.571148098513517610e-01,-1.549465558803492238e-01,-1.549465558803492238e-01,-1.549465558803491960e-01,6.442013967129539651e+02
-9.435121902724681597e-02,-9.235676967540758231e-02,-9.235676967540758231e-02,-9.235676967540758231e-02,6.507566588353777206e+02
-1.875990060659763967e-02,-1.702271406296086698e-02,-1.702271406296086698e-02,-1.702271406296086004e-02,6.571321405733701795e+02
6.071635608133976042e-02,6.217530492006196480e-02,6.217530492006196480e-02,6.217530492006198561e-02,6.632033158095287035e+02
1.328551791534962612e-01,1.341141614087331124e-01,1.341141614087331124e-01,1.341141614087331679e-01,6.688932290881782592e+02
1.880788393563531669e-01,1.892916702335819823e-01,1.892916702335819823e-01,1.892916702335819545e-01,6.741901824657267071e+02
2.219818097473119090e-01,2.233357174288541080e-01,2.233357174288541080e-01,2.233357174288541080e-01,6.791480369062703630e+02
2.363294129394173104e-01,2.380046792778504616e-01,2.380046792778504616e-01,2.380046792778505726e-01,6.838616656008448444e+02
2.371168260977485065e-01,2.392334764667597979e-01,2.392334764667597979e-01,2.392334764667598535e-01,6.884349132722379636e+02
2.310103086764459246e-01,2.335804039371242313e-01,2.335804039371242313e-01,2.335804039371239815e-01,6.929596622371476542e+02
2.219322629455240392e-01,2.248686747895793925e-01,2.248686747895793925e-01,2.248686747895793370e-01,6.975133354140314168e+02
2.102066205500178198e-01,2.133957435260707136e-01,2.133957435260707136e-01,2.133957435260708801e-01,7.021585405579000962e+02
1.948241899454466464e-01,1.981951631770032252e-01,1.981951631770032252e-01,1.981951631770031697e-01,7.069238871309042906e+02
1.766121706735810371e-01,1.801413286429032201e-01,1.801413286429032201e-01,1.801413286429033034e-01,7.117860124286437440e+02
1.596093001462118022e-01,1.632835364521037780e-01,1.632835364521037780e-01,1.632835364521038335e-01,7.166737945058923742e+02
1.499439696157826296e-01,1.537486254623429971e-01,1.537486254623429971e-01,1.537486254623432191e-01,7.214866446705874523e+02
1.536543404927632195e-01,1.576065161484028754e-01,1.576065161484028754e-01,1.576065161484029864e-01,7.261065443542117919e+02
1.741211880045286098e-01,1.783031193825726501e-01,1.783031193825726501e-01,1.783031193825726224e-01,7.303941573986364801e+02
2.105579739249283655e-01,2.150963263725441665e-01,2.150963263725441665e-01,2.150963263725440278e-01,7.341839506071491996e+02
2.596341941571806977e-01,2.646331707668373445e-01,2.646331707668373445e-01,2.646331707668370115e-01,7.372838198219649257e+02
3.181399278660285712e-01,3.236315560821076409e-01,3.236315560821076409e-01,3.236315560821075299e-01,7.394748174752228351e+02
3.839292927684791468e-01,3.898833114389170240e-01,3.898833114389170240e-01,3.898833114389168575e-01,7.405073800601527410e+02
4.558212732380635956e-01,4.621934886511487872e-01,4.621934886511487872e-01,4.621934886511487872e-01,7.400892062610558924e+02
5.333916671230244377e-01,5.401610788824189324e-01,5.401610788824189324e-01,5.401610788824182663e-01,7.378779321713938089e+02
6.167423053401330790e-01,6.239127174968427392e-01,6.239127174968427392e-01,6.239127174968425171e-01,7.334807971458710654e+02
7.065295177310912944e-01,7.141126738356208259e-01,7.141126738356208259e-01,7.141126738356209369e-01,7.264441207111455014e+02
8.042957539151910362e-01,8.122977757184648429e-01,8.122977757184648429e-01,8.122977757184649539e-01,7.162315953810476685e+02
9.131216812441862452e-01,9.215221227443337604e-01,9.215221227443337604e-01,9.215221227443337604e-01,7.022127899843081877e+02
1.038829292510643265e+00,1.047538568874213594e+00,1.047538568874213594e+00,1.047538568874213594e+00,6.836916851117475744e+02
1.189830334064108541e+00,1.198643330846670851e+00,1.198643330846670851e+00,1.198643330846670407e+00,6.599790894956925058e+02
1.371445747695016815e+00,1.380044278414225944e+00,1.380044278414225944e+00,1.380044278414225944e+00,6.304913411802328937e+02
1.576837989758520298e+00,1.584940685490200618e+00,1.584940685490200618e+00,1.584940685490200174e+00,5.948604395788541979e+02
1.784522918864966945e+00,1.792252932607214078e+00,1.792252932607214078e+00,1.792252932607213634e+00,5.530377144214970713e+02
1.965387386599948716e+00,1.973710303091190221e+00,1.973710303091190221e+00,1.973710303091190221e+00,5.053842512320990181e+02
2.091817232706649321e+00,2.102711736113446417e+00,2.102711736113446417e+00,2.102711736113445529e+00,4.527427355235960817e+02
2.144003337957333333e+00,2.160216755670456124e+00,2.160216755670456124e+00,2.160216755670456124e+00,3.964622684512398791e+02
2.113629165363359874e+00,2.138139318354205454e+00,2.138139318354205454e+00,2.138139318354205454e+00,3.383455569946809760e+02
2.005201345567269922e+00,2.040266169896096660e+00,2.040266169896096660e+00,2.040266169896096216e+00,2.805097504840707074e+02
1.834467791456584784e+00,1.880141449819550781e+00,1.880141449819550781e+00,1.880141449819550559e+00,2.251704474799108766e+02
1.622636290372384993e+00,1.675871852499717596e+00,1.675871852499717596e+00,1.675871852499717374e+00,1.743600251809345707e+02
1.387309379700361056e+00,1.443230127843824429e+00,1.443230127843824429e+00,1.443230127843824429e+00,1.296242109942238869e+02
1.136852876291974290e+00,1.191402208375747840e+00,1.191402208375747840e+00,1.191402208375747840e+00,9.182105812992824667e+01
8.739671157283895875e-01,9.252016325884949710e-01,9.252016325884949710e-01,9.252016325884949710e-01,6.113083175230210031e+01
6.046906310068324020e-01,6.518637646419666032e-01,6.518637646419666032e-01,6.518637646419666032e-01,3.723192877582928162e+01
3.448883478935743097e-01,3.870622090638388690e-01,3.870622090638388690e-01,3.870622090638388690e-01,1.951109910590210461e+01
1.196827189915915107e-01,1.551140342211871637e-01,1.551140342211871637e-01,1.551140342211871637e-01,7.204287549712162786e+00
-4.612422820121885730e-02,-1.998694264020008104e-02,-1.998694264020008104e-02,-1.998694264020008451e-02,-5.710793766866757437e-01
-1.411082080976311937e-01,-1.270607981301539735e-01,-1.270607981301539735e-01,-1.270607981301539458e-01,-4.806198369867784592e+00
-1.719991279380929661e-01,-1.718639675512697029e-01,-1.718639675512697029e-01,-1.718639675512697307e-01,-6.509267404302595317e+00
-1.577399178109104849e-01,-1.711409281828547846e-01,-1.711409281828547846e-01,-1.711409281828547846e-01,-6.579807277556286138e+00
-1.201238031477355195e-01,-1.442046085091512053e-01,-1.442046085091512053e-01,-1.442046085091512053e-01,-5.735939550037761236e+00
-7.696703811219880731e-02,-1.072400563181179767e-01,-1.072400563181179767e-01,-1.072400563181179906e-01,-4.498785069540208070e+00
-3.938855154570201217e-02,-7.112658991004369713e-02,-7.112658991004369713e-02,-7.112658991004369713e-02,-3.210062673202779937e+00
-1.208804224569636973e-02,-4.162266715915777238e-02,-4.162266715915777238e-02,-4.162266715915777932e-02,-2.065965998727928188e+00
4.881357385605438436e-03,-2.058096845448953091e-02,-2.058096845448953091e-02,-2.058096845448953091e-02,-1.155534573855066638e+00
1.387378046687589433e-02,-7.401275645025763399e-03,-7.401275645025763399e-03,-7.401275645025761664e-03,-4.966449862171026242e-01
1.779179604628045031e-02,-3.230758041353314351e-04,-3.230758041353314351e-04,-3.230758041353314894e-04,-6.540091293811270412e-02
1.907188468387962729e-02,2.643071946200482858e-03,2.643071946200482858e-03,2.643071946200482858e-03,1.819707111657625220e-01
1.940013840146218721e-02,3.203443640380622057e-03,3.203443640380622057e-03,3.203443640380622057e-03,2.943970030170111607e-01
1.976026812526057719e-02,2.602638882902524094e-03,2.602638882902524094e-03,2.602638882902523227e-03,3.170696620995220871e-01
2.055839404877366286e-02,1.636904711108166282e-03,1.636904711108166282e-03,1.636904711108166065e-03,2.870294424419323476e-01
2.175197982983790093e-02,7.444706293822110675e-04,7.444706293822110675e-04,7.444706293822110675e-04,2.318700011365287250e-01
2.296476380766282119e-02,1.122368813672740186e-04,1.122368813672740186e-04,1.122368813672736663e-04,1.702115228408958847e-01
2.367988927298812427e-02,-2.283737696571752358e-04,-2.283737696571752358e-04,-2.283737696571750189e-04,1.132412069328005422e-01
2.356485442116042564e-02,-3.268311629441555391e-04,-3.268311629441555391e-04,-3.268311629441558101e-04,6.651581237829230775e-02
2.265488632523963639e-02,-2.633144513921893129e-04,-2.633144513921893129e-04,-2.633144513921893671e-04,3.172924734782969075e-02
2.127793358111674388e-02,-1.187039845658644161e-04,-1.187039845658644161e-04,-1.187039845658644161e-04,8.224807864877505328e-03
1.994075169197149361e-02,4.235016865746409949e-05,4.235016865746409949e-05,4.235016865746413337e-05,-5.886122916578597451e-03
1.915118702434414830e-02,1.770542771289400244e-04,1.770542771289400244e-04,1.770542771289399973e-04,-1.290171552029141175e-02
1.910664311509180369e-02,2.642280070886764663e-04,2.642280070886764663e-04,2.642280070886764121e-04,-1.505076651296124654e-02
1.954367730935875277e-02,2.998316023041454380e-04,2.998316023041454380e-04,2.998316023041454380e-04,-1.421939501241312707e-02
1.990366312071607108e-02,2.910938171976672553e-04,2.910938171976672553e-04,2.910938171976672011e-04,-1.184876074678070310e-02
1.964282368311779867e-02,2.512380221737446477e-04,2.512380221737446477e-04,2.512380221737446477e-04,-8.947222728931260305e-03
1.862121409959236612e-02,1.944504840213411110e-04,1.944504840213411110e-04,1.944504840213411110e-04,-6.139486260159598280e-03
1.729606201897703616e-02,1.332755395270015532e-04,1.332755395270015532e-04,1.332755395270015532e-04,-3.762039700480509542e-03
1.628540229451283863e-02,7.680073132745091926e-05,7.680073132745091926e-05,7.680073132745090570e-05,-1.941500512493427337e-03
1.583643064145608473e-02,3.048386165546048605e-05,3.048386165546048605e-05,3.048386165546047928e-05,-6.731556624979470604e-04
1.590761326345821111e-02,-3.312717344228328617e-06,-3.312717344228328617e-06,-3.312717344228328617e-06,1.184297248910353817e-04
1.641028006043193654e-02,-2.479920291319097752e-05,-2.479920291319097752e-05,-2.479920291319097752e-05,5.410221042358028757e-04
1.720007645427054643e-02,-3.556062150571538037e-05,-3.556062150571538037e-05,-3.556062150571539393e-05,7.017912864301971637e-04
1.804521655682976219e-02,-3.810392117249387917e-05,-3.810392117249387917e-05,-3.810392117249389272e-05,6.966690463541012424e-04
1.875712452345442913e-02,-3.507282800004434112e-05,-3.507282800004434112e-05,-3.507282800004434112e-05,6.003201588487267057e-04
1.935970744647599190e-02,-2.888950588225957248e-05,-2.888950588225957248e-05,-2.888950588225957925e-05,4.662090021455228897e-04
2.008798095418135379e-02,-2.156643502278484049e-05,-2.156643502278484049e-05,-2.156643502278484049e-05,3.296575667322503402e-04
2.121005237055130499e-02,-1.442800420906540459e-05,-1.442800420906540459e-05,-1.442800420906540629e-05,2.096014518889406696e-04
2.285379365958493253e-02,-8.337371178546516937e-06,-8.337371178546516937e-06,-8.337371178546515243e-06,1.151938365695172252e-04
2.494161492202651501e-02,-3.629971861435106710e-06,-3.629971861435106710e-06,-3.629971861435106286e-06,4.742909261762715955e-05
2.720606497376218402e-02,-3.575720847318079660e-07,-3.575720847318079660e-07,-3.575720847318078601e-07,3.537813907352416506e-06
2.927928237703933054e-02,1.618533019609710483e-06,1.618533019609710483e-06,1.618533019609710483e-06,-2.112795674691084883e-05
3.081393418925757258e-02,2.580576002609277039e-06,2.580576002609277039e-06,2.580576002609277462e-06,-3.205447560077902372e-05
3.157405025168132096e-02,2.785800157452788779e-06,2.785800157452788779e-06,2.785800157452788779e-06,-3.369072362888353049e-05
3.149079609452498651e-02,2.530700941201393619e-06,2.530700941201393619e-06,2.530700941201394043e-06,-3.013953097659382319e-05
3.063568324592746278e-02,2.031031736239425768e-06,2.031031736239425768e-06,2.031031736239425768e-06,-2.410552463889118589e-05
2.914991200480634981e-02,1.461179002652439348e-06,1.461179002652439348e-06,1.461179002652439560e-06,-1.751111235519330729e-05
2.726632269892901445e-02,9.422925073417828674e-07,9.422925073417828674e-07,9.422925073417828674e-07,-1.155626002200929093e-05
2.534196995912904246e-02,5.213955567837523563e-07,5.213955567837523563e-07,5.213955567837522504e-07,-6.656359094838745972e-06
2.373240558619491361e-02,2.298197234439790462e-07,2.298197234439790462e-07,2.298197234439790462e-07,-3.097257957432197538e-06
2.254860050398874508e-02,4.849449543667037877e-08,4.849449543667037877e-08,4.849449543667037877e-08,-6.842954616418188924e-07
2.147741242043802248e-02,-4.184544031494153700e-08,-4.184544031494153700e-08,-4.184544031494153038e-08,7.356554676500576906e-07
1.977403826642000484e-02,-7.006436667858946284e-08,-7.006436667858946284e-08,-7.006436667858946284e-08,1.411614457107797853e-06
1.651931095960890855e-02,-6.478381075557900369e-08,-6.478381075557900369e-08,-6.478381075557900369e-08,1.617695189527693484e-06
1.113016769859854170e-02,-4.300489152588449682e-08,-4.300489152588449682e-08,-4.300489152588450343e-08,1.490243069597623459e-06
3.771210049266043168e-03,-2.094012110157236922e-08,-2.094012110157236922e-08,-2.094012110157236922e-08,1.239471406198475264e-06
-4.541191488413915192e-03,-4.022603862848313696e-09,-4.022603862848313696e-09,-4.022603862848312042e-09,9.229575394196582588e-07
-1.205885414100538004e-02,5.030793973459935884e-09,5.030793973459935884e-09,5.030793973459935884e-09,6.257295982099771413e-07
-1.669197938405874923e-02,7.551578960525114946e-09,7.551578960525114946e-09,7.551578960525116600e-09,3.831611139690392672e-07
-1.669390891398235890e-02,5.677996834602814858e-09,5.677996834602814858e-09,5.677996834602814858e-09,1.872254329227510912e-07
-1.142843080760693950e-02,2.602865042349907995e-09,2.602865042349907995e-09,2.602865042349908408e-09,6.460594246886284997e-08
-1.927496703655011759e-03,-6.827258238814167806e-10,-6.827258238814167806e-10,-6.827258238814166772e-10,-2.047750092174644051e-08
9.022404566982115265e-03,-2.606462737484776110e-09,-2.606462737484776110e-09,-2.606462737484776524e-09,-6.028332591579977923e-08
1.736157978907258356e-02,-3.312398513825524257e-09,-3.312398513825524257e-09,-3.312398513825523843e-09,-7.445263971527004958e-08
1.913452436761521602e-02,-3.263459303504212529e-09,-3.263459303504212529e-09,-3.263459303504210875e-09,-7.538612858061160989e-08
1.325751870756509097e-02,-2.449032790449124734e-09,-2.449032790449124734e-09,-2.449032790449124734e-09,-6.094786250013524905e-08
3.729685461752395379e-03,-1.814375071366324791e-09,-1.814375071366324791e-09,-1.814375071366325618e-09,-4.967176268491824600e-08
-2.831230180526555628e-03,-1.109869888741229363e-09,-1.109869888741229363e-09,-1.109869888741229156e-09,-3.309766260923034099e-08
-3.161740294508723521e-03,-6.818176939456184106e-10,-6.818176939456184106e-10,-6.818176939456186174e-10,-2.124736872397556702e-08
4.219100659465402250e-04,-3.929522113629786797e-10,-3.929522113629786797e-10,-3.929522113629786280e-10,-1.198849913327246977e-08
3.785138848272839081e-03,-1.323044877969911925e-10,-1.323044877969911925e-10,-1.323044877969911925e-10,-3.680448759476404496e-09
5.192640917259703191e-03,-3.684688711369104463e-11,-3.684688711369104463e-11,-3.684688711369105109e-11,-8.420512793397555166e-10
5.573909571603345540e-03,1.182952510777125585e-10,1.182952510777125585e-10,1.182952510777125844e-10,3.021922094448165241e-09
6.077172458217182556e-03,1.326336424558450514e-10,1.326336424558450514e-10,1.326336424558450514e-10,3.199112281014200309e-09
6.681498908044363784e-03,1.459655464669693976e-10,1.459655464669693976e-10,1.459655464669693717e-10,3.537082477416332620e-09
6.961054209977222615e-03,1.411791748787864969e-10,1.411791748787864969e-10,1.411791748787865486e-10,3.431635916147666004e-09
6.822800564497140396e-03,8.094034718383071336e-11,8.094034718383071336e-11,8.094034718383071336e-11,2.126225141803154339e-09
6.325283953710589789e-03,7.788393889037726819e-11,7.788393889037726819e-11,7.788393889037725527e-11,2.160490256238671379e-09
5.486534079103847113e-03,3.042639805358407521e-11,3.042639805358407521e-11,3.042639805358408168e-11,9.244385739945633357e-10
4.361922469967073786e-03,2.276368569086246117e-11,2.276368569086246117e-11,2.276368569086246763e-11,7.697986218108869825e-10
3.094474431412027032e-03,8.927911180485993032e-12,8.927911180485993032e-12,8.927911180485993032e-12,3.366648232807429829e-10
1.862037957880648478e-03,-1.966261814568078336e-12,-1.966261814568078336e-12,-1.966261814568077932e-12,-8.072896673763347700e-11
8.082676730919406824e-04,1.555288365172382052e-12,1.555288365172382052e-12,1.555288365172382254e-12,8.508118786703973085e-11
6.112690441718438407e-06,-6.442859622536434456e-12,-6.442859622536434456e-12,-6.442859622536432841e-12,-3.132171485450968373e-10
-5.321796330122271915e-04,-1.269830641012876337e-12,-1.269830641012876337e-12,-1.269830641012876539e-12,-6.728957225102069372e-11
-8.182535988562878154e-04,-3.685019014084258293e-12,-3.685019014084258293e-12,-3.685019014084258293e-12,-1.938181568812082805e-10
-8.697833664744792932e-04,-2.422258416632984215e-12,-2.422258416632984215e-12,-2.422258416632984618e-12,-1.539311696768881522e-10
-7.224012113714942118e-04,-6.230097744425726174e-13,-6.230097744425726174e-13,-6.230097744425725165e-13,-2.954961769783877067e-11
-4.403541556378940715e-04,-2.190707363030885723e-12,-2.190707363030885723e-12,-2.190707363030886127e-12,-1.435798997527573730e-10
-1.046252672294476719e-04,4.882897740453518889e-13,4.882897740453518889e-13,4.882897740453518889e-13,3.094492917119546499e-11
2.101331466908266834e-04,-9.552175388385428546e-13,-9.552175388385428546e-13,-9.552175388385432585e-13,-6.194095547316696580e-11
4.486487388727834367e-04,1.350007814409558379e-13,1.350007814409558379e-13,1.350007814409558379e-13,6.518357531651826099e-12
5.758073943742151538e-04,2.382120777244088490e-13,2.382120777244088490e-13,2.382120777244087480e-13,1.756897203506105673e-11
5.735902642600088563e-04,-3.453242005351036006e-13,-3.453242005351036006e-13,-3.453242005351035501e-13,-2.495009067402484125e-11
4.382505855006132707e-04,6.154306341236567448e-13,6.154306341236567448e-13,6.154306341236566438e-13,4.425890844167264917e-11
1.848189543130990622e-04,-3.065680824758044007e-13,-3.065680824758044007e-13,-3.065680824758044007e-13,-2.234296345829774631e-11
-1.413655621605184524e-04,3.277535421348746391e-13,3.277535421348746391e-13,3.277535421348745382e-13,2.417586167131814528e-11
-4.599373930779878544e-04,7.831988792027859952e-15,7.831988792027859952e-15,7.831988792027863108e-15,1.540428820183430548e-12
-6.745935073295425497e-04,-4.695594033274885196e-14,-4.695594033274885196e-14,-4.695594033274885196e-14,-4.817679000113013909e-12
-7.259339992046595549e-04,1.984694711900725763e-13,1.984694711900725763e-13,1.984694711900724753e-13,1.723690819896191628e-11
-6.328120274036153591e-04,-1.756068468769009839e-13,-1.756068468769009839e-13,-1.756068468769009839e-13,-1.520661649881989769e-11
-4.581443841662440736e-04,1.567417464069234322e-13,1.567417464069234322e-13,1.567417464069234575e-13,1.344530338781853684e-11
-2.515278261226156615e-04,-8.698522869300892006e-14,-8.698522869300892006e-14,-8.698522869300892006e-14,-7.109964787114989092e-12
-4.798285905201724754e-05,1.150065715527497869e-14,1.150065715527497869e-14,1.150065715527497711e-14,4.048376358982370100e-13
1.095654095584094022e-04,3.867912887395633905e-14,3.867912887395633905e-14,3.867912887395634536e-14,4.013555830567721329e-12
1.791866771831645937e-04,-7.967274798709017170e-14,-7.967274798709017170e-14,-7.967274798709015908e-14,-7.496066037762530608e-12
1.468284190493260256e-04,7.695441036265110037e-14,7.695441036265110037e-14,7.695441036265111300e-14,7.008570564556847818e-12
2.255353562012856792e-05,-6.647527179691629579e-14,-6.647527179691629579e-14,-6.647527179691629579e-14,-5.848778507230735092e-12
-1.854544620420184049e-04,3.135875206103910556e-14,3.135875206103910556e-14,3.135875206103910556e-14,2.602803589290433473e-12
-4.679258401810075605e-04,-1.725920484018576531e-15,-1.725920484018576531e-15,-1.725920484018576531e-15,-3.613959231124155700e-14
-7.988022589045023700e-04,-2.866110388793240457e-14,-2.866110388793240457e-14,-2.866110388793240457e-14,-2.323406897130329025e-12
-1.143706235143223879e-03,4.432632150237784305e-14,4.432632150237784305e-14,4.432632150237784936e-14,3.299092078437573014e-12
-1.464181965736219672e-03,-4.758280116718962604e-14,-4.758280116718962604e-14,-4.758280116718962604e-14,-3.279669397148640933e-12
-1.717810174613095204e-03,3.743792147402989246e-14,3.743792147402989246e-14,3.743792147402987983e-14,2.389230916500847279e-12
-1.878121670823952984e-03,-1.812989365642359592e-14,-1.812989365642359592e-14,-1.812989365642358961e-14,-1.053366653894206854e-12
-1.950311128713472751e-03,-2.240409758699030018e-15,-2.240409758699030018e-15,-2.240409758699030018e-15,-1.918850267186549884e-13
-1.965458835828831283e-03,1.964313557334267260e-14,1.964313557334267260e-14,1.964313557334267575e-14,1.150746595358598479e-12
-1.961089086225642573e-03,-2.764634268216212555e-14,-2.764634268216212555e-14,-2.764634268216212555e-14,-1.530436219950310284e-12
-1.953837736601414347e-03,2.741794641985447922e-14,2.741794641985447922e-14,2.741794641985447291e-14,1.462796848983136115e-12
-1.931550896045450055e-03,-1.923039199822232021e-14,-1.923039199822232021e-14,-1.923039199822231390e-14,-9.966883236855051040e-13
-1.890076742283615732e-03,8.005145820323592606e-15,8.005145820323592606e-15,8.005145820323592606e-15,4.006863814562734329e-13
-1.865732882923296261e-03,3.179690843705280905e-15,3.179690843705280905e-15,3.179690843705280905e-15,1.725205021158735231e-13
-1.908182498049486656e-03,-1.095694690459631744e-14,-1.095694690459631744e-14,-1.095694690459631902e-14,-5.593793001785328647e-13
-2.039569554416667280e-03,1.418913178125879714e-14,1.418913178125879714e-14,1.418913178125879871e-14,7.106234911866309486e-13
-2.257503097970933129e-03,-1.304033393563478485e-14,-1.304033393563478485e-14,-1.304033393563478800e-14,-6.410751599276560717e-13
-2.539248065894064103e-03,8.735186177150522145e-15,8.735186177150522145e-15,8.735186177150523722e-15,4.179520724488690059e-13
-2.829119967180532876e-03,-3.166692876803078135e-15,-3.166692876803078135e-15,-3.166692876803078924e-15,-1.406378605979265274e-13
-3.061459101339106693e-03,-2.118408812890369653e-15,-2.118408812890369653e-15,-2.118408812890369653e-15,-1.108281331121018753e-13
-3.204660747940404290e-03,5.766487971800335914e-15,5.766487971800335914e-15,5.766487971800335125e-15,2.717160693816212923e-13
-3.269133754807758852e-03,-7.292826758553281570e-15,-7.292826758553281570e-15,-7.292826758553281570e-15,-3.256704822973962863e-13
-3.285744401502536244e-03,6.608181956339538345e-15,6.608181956339538345e-15,6.608181956339538345e-15,2.798606881203729124e-13
-3.290340633752292503e-03,-4.342487818608899490e-15,-4.342487818608899490e-15,-4.342487818608900279e-15,-1.733219249206114751e-13
-3.316245622850372624e-03,1.244182307023929754e-15,1.244182307023929754e-15,1.244182307023929951e-15,4.475010502469070130e-14
-3.382401351246565411e-03,1.654526410889534685e-15,1.654526410889534685e-15,1.654526410889534488e-15,6.342593520832947562e-14
-3.485664121315763721e-03,-3.719567437657069188e-15,-3.719567437657069188e-15,-3.719567437657069188e-15,-1.313834431621465184e-13
-3.608768968552932346e-03,4.420126561850475328e-15,4.420126561850475328e-15,4.420126561850476117e-15,1.473460326019579521e-13
-3.736954963915345776e-03,-3.843198625123615354e-15,-3.843198625123615354e-15,-3.843198625123614565e-15,-1.218647004547438895e-13
-3.868495580109967014e-03,2.333018941214680909e-15,2.333018941214680909e-15,2.333018941214680909e-15,7.112186129935669984e-14
-4.012360402100617097e-03,-3.195914069724838074e-16,-3.195914069724838074e-16,-3.195914069724837088e-16,-1.049043750072372129e-14
-4.192703922124067090e-03,-1.188069781610067115e-15,-1.188069781610067115e-15,-1.188069781610067115e-15,-3.146137723922382138e-14
-4.471228721345084194e-03,2.595058903409791120e-15,2.595058903409791120e-15,2.595058903409791120e-15,6.785704285723461317e-14
-4.932022030808857517e-03,-2.304443008675042911e-15,-2.304443008675042911e-15,-2.304443008675043306e-15,-5.861128982328157333e-14
-5.605186378975557382e-03,2.550486636253989831e-15,2.550486636253989831e-15,2.550486636253990225e-15,6.307597197218106682e-14
-6.440271391502711343e-03,-6.398609848913100821e-16,-6.398609848913100821e-16,-6.398609848913100821e-16,-1.594288782180110849e-14
-7.371954474856477063e-03,6.048867283360762532e-16,6.048867283360762532e-16,6.048867283360762532e-16,1.447890749307144383e-14
-8.356021003414287884e-03,1.303552082746956920e-15,1.303552082746956920e-15,1.303552082746957118e-15,2.828760284136611881e-14
-9.361601412923064441e-03,-1.255045179976860572e-15,-1.255045179976860572e-15,-1.255045179976860769e-15,-2.651144027863463154e-14
-1.036675715294429166e-02,9.401650815105962054e-16,9.401650815105962054e-16,9.401650815105960082e-16,1.922124920683442093e-14
-1.130207304388569818e-02,-2.795359735685018980e-15,-2.795359735685018980e-15,-2.795359735685018980e-15,-5.496594808944103885e-14
-1.200500282661392214e-02,-2.777932899814144794e-15,-2.777932899814144794e-15,-2.777932899814144794e-15,-5.278199542331839134e-14
-1.231079840935656554e-02,-5.740191324952188379e-15,-5.740191324952188379e-15,-5.740191324952188379e-15,-1.044205234000339135e-13
-1.221943397640653378e-02,-9.314650129365691915e-15,-9.314650129365691915e-15,-9.314650129365693493e-15,-1.636116944852760350e-13
-1.200593301954665064e-02,-1.137495453385121021e-14,-1.137495453385121021e-14,-1.137495453385121179e-14,-1.918113012846014048e-13
-1.219722253741597172e-02,-1.613571840654245472e-14,-1.613571840654245472e-14,-1.613571840654245472e-14,-2.616775366982864367e-13
-1.342688446891680647e-02,-1.639229591277794695e-14,-1.639229591277794695e-14,-1.639229591277794695e-14,-2.559492734218790592e-13
-1.637394487232626816e-02,-1.577088787078037726e-14,-1.577088787078037726e-14,-1.577088787078037726e-14,-2.363680358844135321e-13
-2.172948714076126941e-02,-8.036924817634289337e-15,-8.036924817634289337e-15,-8.036924817634289337e-15,-1.164819232672016914e-13
-2.969801189498009336e-02,9.187190893583073223e-15,9.187190893583073223e-15,9.187190893583070068e-15,1.281590037455149450e-13
-3.930377525369498776e-02,3.870365623266964549e-14,3.870365623266964549e-14,3.870365623266964549e-14,5.189577809749361664e-13
-4.834421274993773443e-02,8.742756635037921874e-14,8.742756635037921874e-14,8.742756635037920611e-14,1.130053116874142182e-12
-5.407643188061914130e-02,1.544668874490636353e-13,1.544668874490636353e-13,1.544668874490636353e-13,1.929623074619319778e-12
-5.454922017332166501e-02,2.413819773939728816e-13,2.413819773939728816e-13,2.413819773939728816e-13,2.929051707655563937e-12
-4.998579444868640059e-02,3.375347315141984599e-13,3.375347315141984599e-13,3.375347315141984094e-13,4.014002649888407738e-12
-4.264918623209174725e-02,4.240313240494085426e-13,4.240313240494085426e-13,4.240313240494084416e-13,4.999245013977480765e-12
-3.500804109924146590e-02,4.708251819216789063e-13,4.708251819216789063e-13,4.708251819216787043e-13,5.576895732828300550e-12
-2.822542111361947895e-02,4.356869473210102317e-13,4.356869473210102317e-13,4.356869473210103831e-13,5.253019654208789839e-12
-2.218728985620180283e-02,2.745070891469129580e-13,2.745070891469129580e-13,2.745070891469128570e-13,3.406351821904552584e-12
-1.616468963291826585e-02,-5.968538106080072948e-14,-5.968538106080072948e-14,-5.968538106080070423e-14,-7.677932454532349144e-13
-9.365208079647965173e-03,-6.076136448456942800e-13,-6.076136448456942800e-13,-6.076136448456943810e-13,-8.121949395198280560e-12
2.469727777571680775e-03,-1.404669602364446791e-12,-1.404669602364446791e-12,-1.404669602364447195e-12,-1.944139534568889831e-11
9.862004290317015823e-03,-2.475202664586627433e-12,-2.475202664586627433e-12,-2.475202664586627433e-12,-3.518702366216376455e-11
8.984577344353776931e-03,-3.907532954723862172e-12,-3.907532954723862172e-12,-3.907532954723862172e-12,-5.509905420186377926e-11
8.096285353698969359e-03,-5.556630209798955653e-12,-5.556630209798955653e-12,-5.556630209798956461e-12,-7.772156955177693959e-11
