# Pank,Pftd,Par,GRF
1.926531324991065624e-04,5.218618164153665889e-17,1.926531324991587397e-04,-2.868940980160094049e-15
3.739633163217922162e-04,3.683188432990375425e-17,3.739633163218290248e-04,-2.005236863189590642e-15
5.646076930689216539e-04,2.372760302191814903e-17,5.646076930689453979e-04,-1.258250093547047258e-15
6.765464648252682116e-04,1.332137367974191920e-17,6.765464648252815473e-04,-6.758631141858012105e-16
6.609604034202397468e-04,5.519294210461518448e-18,6.609604034202452762e-04,-2.629516671570638813e-16
5.173892503768800794e-04,-5.471713665174930876e-20,5.173892503768800794e-04,7.633898212231882433e-19
2.415243909285535670e-04,-3.799978297903240304e-18,2.415243909285497723e-04,1.467454793663481618e-16
-2.081286550496972614e-04,-6.011686031739539692e-18,-2.081286550497032516e-04,2.075171596987761861e-16
-8.890635762547353851e-04,-6.972145204402121670e-18,-8.890635762547424324e-04,2.136088490205709525e-16
-1.821024804594233550e-03,-6.909243262398091841e-18,-1.821024804594240489e-03,1.880138760871332709e-16
-2.928870981188907117e-03,-6.124166416259620301e-18,-2.928870981188913189e-03,1.487174513301874587e-16
-4.038540062555261503e-03,-4.918224909176901579e-18,-4.038540062555266708e-03,1.071509135593552912e-16
-4.949807930102730590e-03,-3.529662285472564383e-18,-4.949807930102734059e-03,6.933074992954501821e-17
-5.529629522023056173e-03,-2.234564387763013997e-18,-5.529629522023058776e-03,3.975739373238800119e-17
-5.766048689167608578e-03,-1.069809956952506562e-18,-5.766048689167609445e-03,1.732309068122005679e-17
-5.746064449878789983e-03,-2.140086485612653191e-19,-5.746064449878789983e-03,3.160700826850092605e-18
-5.569472046164084499e-03,3.865277805947135455e-19,-5.569472046164083631e-03,-5.272602407358056059e-18
-5.273466924430221699e-03,7.669044797281470835e-19,-5.273466924430220831e-03,-9.643440739857136546e-18
-4.831177124747162988e-03,8.376417378196859360e-19,-4.831177124747162120e-03,-9.728335532606163131e-18
-4.229712765412557175e-03,9.277039633583558657e-19,-4.229712765412556308e-03,-9.969795867228919083e-18
-3.548630982578477450e-03,7.218613142044181491e-19,-3.548630982578477016e-03,-7.172515361696719964e-18
-2.923209817145434181e-03,6.356703455788247492e-19,-2.923209817145433747e-03,-5.828019300394827745e-18
-2.418289124629015557e-03,4.843826826863269185e-19,-2.418289124629015123e-03,-4.091257638890879143e-18
-1.989863514409208507e-03,1.896049453440891191e-19,-1.989863514409208074e-03,-1.468765041695592490e-18
-1.597944278542297531e-03,3.215769965006645885e-19,-1.597944278542297097e-03,-2.281750834765696020e-18
-1.356019706841155676e-03,-1.477734711665675510e-19,-1.356019706841155893e-03,9.579267365248018173e-19
-1.672379305601329278e-03,1.362250977296533560e-19,-1.672379305601329278e-03,-8.090957845836396938e-19
-3.434589421298907697e-03,-1.171463435143400508e-19,-3.434589421298907697e-03,6.407530247374603363e-19
-8.118141280649167693e-03,-2.585406750929853718e-19,-8.118141280649167693e-03,1.286168354245722834e-18
-1.752605517887425440e-02,3.080530374218270909e-19,-1.752605517887425440e-02,-1.423393286460021956e-18
-3.299922302674173497e-02,-6.971431880051039566e-19,-3.299922302674173497e-02,3.049503929799702728e-18
-5.422528051907905128e-02,5.852245747213716471e-19,-5.422528051907905128e-02,-2.463251941963719056e-18
-7.816348653654955903e-02,-5.169240186460470001e-19,-7.816348653654955903e-02,2.151935767310865356e-18
-9.909905174720939902e-02,1.606438255935840950e-20,-9.909905174720939902e-02,-8.888529058278079116e-20
-1.106109770878586501e-01,4.737973856557642660e-19,-1.106109770878586501e-01,-2.054009776628866782e-18
-1.086144753911765098e-01,-9.423134256019498077e-19,-1.086144753911765098e-01,4.476440179942655373e-18
-9.315391030039929521e-02,1.108526889160941189e-18,-9.315391030039929521e-02,-5.978661387783432992e-18
-6.775489899188082143e-02,-9.224897710240358879e-19,-6.775489899188082143e-02,5.908272181295803099e-18
-3.784244024354637553e-02,4.768445132730999911e-19,-3.784244024354637553e-02,-3.851699287429945479e-18
-9.421558421919292922e-03,3.509584504478614307e-20,-9.421558421919292922e-03,-2.451529555593351296e-19
1.268331682638131758e-02,-3.673678512898179084e-19,1.268331682638131758e-02,5.426140809452912443e-18
2.637009815017644226e-02,4.138832818256900665e-19,2.637009815017644226e-02,-1.042888717839406227e-17
3.224014921103258990e-02,-2.119683320872261614e-19,3.224014921103258990e-02,1.333518150711967488e-17
3.253301478900814947e-02,-5.662686403825791495e-20,3.253301478900814947e-02,-1.262054458772822193e-17
2.986078089338907449e-02,1.673761156463825742e-19,2.986078089338907449e-02,7.333494211444761097e-18
2.627358352625044219e-02,5.262410139889038036e-20,2.627358352625044219e-02,2.073288573643823041e-18
2.296945924180015391e-02,-6.359415988890793237e-19,2.296945924180015391e-02,-1.367576874601357029e-17
2.039084800661646740e-02,1.420675622342942786e-18,2.039084800661646740e-02,2.416777923951744054e-17
1.845153711893336018e-02,-2.062224961559434612e-18,1.845153711893335671e-02,-2.961585061514405439e-17
1.685879749309009482e-02,2.120759870120672332e-18,1.685879749309009829e-02,2.660773194735428931e-17
1.539641551998106872e-02,-1.215747909296333886e-18,1.539641551998106872e-02,-1.356076037154689561e-17
1.402261028833207829e-02,-7.799138864923052143e-19,1.402261028833207829e-02,-8.141702205772986009e-18
1.278489490732898949e-02,3.573874983089505188e-18,1.278489490732899296e-02,3.374366359635342645e-17
1.169527635226976295e-02,-6.381151517324638272e-18,1.169527635226975774e-02,-5.567613129733170944e-17
1.070859972341600512e-02,8.019674004803287149e-18,1.070859972341601379e-02,6.530576115597926212e-17
9.858161941389526062e-03,-7.237966703422623035e-18,9.858161941389519123e-03,-5.554489925995002754e-17
9.351450351842031938e-03,3.289026962244934400e-18,9.351450351842033673e-03,2.376528208029523387e-17
9.421461674352421892e-03,3.506416814768211277e-18,9.421461674352425361e-03,2.593578408186062194e-17
1.014862089036768465e-02,-1.155106052074613907e-17,1.014862089036767251e-02,-8.206375363613592627e-17
1.138237332880507116e-02,1.825501043353168234e-17,1.138237332880509024e-02,1.273843799219162908e-16
1.274702860198124142e-02,-2.074865758919080752e-17,1.274702860198122234e-02,-1.430563555568504709e-16
1.381373001287165489e-02,1.682390822446410075e-17,1.381373001287167050e-02,1.145846190617316364e-16
1.433066265992976804e-02,-5.842514921056364147e-18,1.433066265992976110e-02,-3.812209885963478714e-17
1.427374747884262163e-02,-1.062133289324275567e-17,1.427374747884260948e-02,-7.493592544613213498e-17
1.373095953769425462e-02,2.861143271279918474e-17,1.373095953769428237e-02,1.971576096756281555e-16
1.282629467823519741e-02,-4.234992668239842175e-17,1.282629467823515404e-02,-2.895273280033148339e-16
1.175783415960533762e-02,4.570217511032856860e-17,1.175783415960538272e-02,3.112333784764850759e-16
1.082383207495382464e-02,-3.433892326313428112e-17,1.082383207495378995e-02,-2.330854958239887133e-16
1.035553532033061004e-02,7.939569160883816912e-18,1.035553532033061698e-02,5.108544987676596244e-17
1.060984694497097737e-02,2.848175621920610647e-17,1.060984694497100686e-02,2.044465980735707263e-16
1.166129986839170400e-02,-6.497839701846439189e-17,1.166129986839163982e-02,-4.686830622025783329e-16
1.335223863565662000e-02,8.911444970621939317e-17,1.335223863565670847e-02,6.538537190680321194e-16
1.537149895985024002e-02,-8.980904881155029049e-17,1.537149895985015155e-02,-6.722255159924046680e-16
1.741874612590979532e-02,6.122732129593961073e-17,1.741874612590985777e-02,4.661455757826278189e-16
1.930669058351036291e-02,-5.570160665035318014e-18,1.930669058351035597e-02,-3.703958150696333712e-17
2.090922948116993516e-02,-6.579745116941165332e-17,2.090922948116986924e-02,-5.368841087583213081e-16
2.204984264648874107e-02,1.334097497367644159e-16,2.204984264648887637e-02,1.103761019289111119e-15
2.248118053826927282e-02,-1.737785987930284837e-16,2.248118053826909588e-02,-1.467373927795540922e-15
2.196235709164465547e-02,1.665632447446012985e-16,2.196235709164482200e-02,1.440661866040627129e-15
2.036463058618947011e-02,-1.029252771453802047e-16,2.036463058618936603e-02,-9.125718256427124149e-16
1.774326119511917058e-02,-8.366613787873519112e-18,1.774326119511916364e-02,-9.051935093514318749e-17
1.435235606413588771e-02,1.402631491643661119e-16,1.435235606413602823e-02,1.371516903337499716e-15
1.065178102935290631e-02,-2.533839392732462795e-16,1.065178102935265304e-02,-2.577500000192916500e-15
7.240194467148026135e-03,3.072638651491131326e-16,7.240194467148334048e-03,3.272551719488117214e-15
4.601185188403584224e-03,-2.736924196267771599e-16,4.601185188403311005e-03,-3.061410722346312196e-15
2.875466014700280622e-03,1.483511956885100243e-16,2.875466014700428941e-03,1.737303030745265982e-15
1.895529661702932429e-03,4.298011760053099291e-17,1.895529661702975363e-03,5.892457212645225756e-16
1.294544179221340579e-03,-2.471967575363415357e-16,1.294544179221093381e-03,-3.430526022190093311e-15
5.669389546989343949e-04,3.973392929788192353e-16,5.669389546993317550e-04,5.972445706852320577e-15
-7.547730521162707498e-04,-4.352884648519289832e-16,-7.547730521167060570e-04,-7.252702924051513842e-15
-2.817235095184847816e-03,3.388862317527120728e-16,-2.817235095184509111e-03,6.444525482754545934e-15
-5.295451952247186983e-03,-1.430575311533072010e-16,-5.295451952247330098e-03,-3.181470357301648360e-15
-7.505995361079946006e-03,-6.105269026238148236e-17,-7.505995361080007588e-03,-2.175474250075070224e-15
-8.702867557006948793e-03,1.613143110709529947e-16,-8.702867557006787463e-03,8.437322683955205712e-15
-8.351161921627667586e-03,-8.930259508346182175e-17,-8.351161921627756057e-03,-1.373929644765478484e-14
-6.125034945559366603e-03,-1.158898168235982466e-16,-6.125034945559481962e-03,1.597083583027891889e-14
-1.732649672916338921e-03,2.889617636145218601e-16,-1.732649672916050090e-03,-1.342261370604483357e-14
4.818004299326397732e-03,-1.937389479771222899e-16,4.818004299326204311e-03,5.494997176673673395e-15
1.228863062070451213e-02,-3.512696310484505784e-16,1.228863062070416172e-02,6.754854445241317768e-15
1.745233096324737970e-02,1.315968484586259653e-15,1.745233096324869809e-02,-2.046459619751426257e-14
1.619732903741464419e-02,-2.353883924231804080e-15,1.619732903741228844e-02,3.139103154585784731e-14
7.363637599056684600e-03,2.871851824895755957e-15,7.363637599059556435e-03,-3.493645666251419863e-14
-4.405212533716543546e-03,-2.344106434941733938e-15,-4.405212533718887158e-03,2.761494887804198471e-14
-1.218905131023554321e-02,7.102375680172039558e-16,-1.218905131023483371e-02,-8.585509815549040274e-15
-1.300727032733384712e-02,1.496155164504045438e-15,-1.300727032733235006e-02,-1.924213579327951319e-14
-8.462664349011810722e-03,-3.420813227058290230e-15,-8.462664349015229862e-03,4.905290941424537948e-14
-1.368793559245040561e-03,4.314924139784659469e-15,-1.368793559240725653e-03,-7.125172310089157208e-14
5.909951833831876902e-03,-3.864811404571392469e-15,5.909951833828011938e-03,7.589664026595695314e-14
1.156939036977290558e-02,2.323054534891215808e-15,1.156939036977523011e-02,-5.599198257433090737e-14
1.459589526605874557e-02,-3.608781553835137475e-16,1.459589526605838475e-02,1.079017563217868762e-14
1.490312959933373822e-02,-1.301334969704855067e-15,1.490312959933243891e-02,5.202206219982430796e-14
1.314899350477099008e-02,2.219912292253320628e-15,1.314899350477320879e-02,-1.163735356901622021e-13
1.030691436890697303e-02,-2.318074170556170856e-15,1.030691436890465544e-02,1.606986757877866956e-13
7.197208627786321269e-03,1.791442407415835776e-15,7.197208627788112371e-03,-1.636742507842408087e-13
4.306566051862091397e-03,-9.417314082021960186e-16,4.306566051861149443e-03,1.115267170631123656e-13
1.942763407893890451e-03,3.331498980855732556e-17,1.942763407893923844e-03,-5.158081772021803235e-15
3.601398604715979343e-04,7.557251715906003960e-16,3.601398604723536775e-04,-1.357447276583216906e-13
-3.368643558201457871e-04,-1.300710866496168611e-15,-3.368643558214465044e-04,2.735609209868981459e-13
-2.872861012432447857e-04,1.505430697207452474e-15,-2.872861012417393710e-04,-3.601736689621192867e-13
2.039053463066534588e-04,-1.317106018205218521e-15,2.039053463053363700e-04,3.501842097444509863e-13
8.163882497473279928e-04,7.531020178729767707e-16,8.163882497480809712e-04,-2.172033709760911316e-13
1.299358750553813351e-03,8.210689886743250495e-17,1.299358750553895533e-03,-3.099661688048299483e-14
1.485405381282675760e-03,-9.978584065421557195e-16,1.485405381281677860e-03,3.451467437100295028e-13
1.295633909629269939e-03,1.742406628250504775e-15,1.295633909631012468e-03,-6.377031991923342950e-13
7.448213775442911891e-04,-2.071256753211507422e-15,7.448213775422199293e-04,8.022993554856065120e-13
-7.250372383106850867e-05,1.820295886746639775e-15,-7.250372382924821454e-05,-7.426624224554132817e-13
-1.008711577296577755e-03,-9.676340935658484680e-16,-1.008711577297545297e-03,4.107323620343183262e-13
-1.895557907742429372e-03,-3.477981596986037964e-16,-1.895557907742777184e-03,1.642441620895912842e-13
-2.580821291379008231e-03,1.824342937452333319e-15,-2.580821291377183736e-03,-8.599818952817666562e-13
-2.951542345308596094e-03,-3.039832155505492544e-15,-2.951542345311635764e-03,1.475351631035370160e-12
-2.938194520417668036e-03,3.554386857062339114e-15,-2.938194520414113588e-03,-1.775923866759228682e-12
-2.526100138839750334e-03,-3.035082880653564831e-15,-2.526100138842785232e-03,1.559681434880441478e-12
-1.784353954207595775e-03,1.388996775694741199e-15,-1.784353954206206695e-03,-7.453695164437546256e-13
-8.727620239608086146e-04,1.191959507618361317e-15,-8.727620239596166427e-04,-5.784042470515414333e-13
1.581727660034175660e-05,-4.153431377455342066e-15,1.581727659618832377e-05,2.107068771757437385e-12
7.425477384637318729e-04,6.645983350137669795e-15,7.425477384703778154e-04,-3.390975715462660157e-12
1.250134531965802539e-03,-7.594708862432260231e-15,1.250134531958207919e-03,3.903272356770193344e-12
1.527755994722782007e-03,6.184911909926069736e-15,1.527755994728967164e-03,-3.242694339069392519e-12
1.589188193947737486e-03,-2.234775809470023092e-15,1.589188193945502729e-03,1.265828758339725565e-12
1.474426821727549755e-03,-3.629595871706258417e-15,1.474426821723920280e-03,1.755681792212705908e-12
1.236307436720914497e-03,1.009764537377399296e-14,1.236307436731012106e-03,-5.094839656620028959e-12
9.148904387031736325e-04,-1.536181071379260116e-14,9.148904386878117887e-04,7.743857487281746949e-12
5.248822641446541275e-04,1.702633049562805933e-14,5.248822641616805468e-04,-8.513470389655387404e-12
6.612201767475251867e-05,-1.337309533284922395e-14,6.612201766137941342e-05,6.673280810050895597e-12
-4.491453185226142869e-04,3.425256428241700257e-15,-4.491453185191890754e-04,-1.889277604692924419e-12
-9.698806767180123602e-04,1.155922682572819086e-14,-9.698806767064530304e-04,-4.898468317782730481e-12
-1.407043467716639473e-03,-2.963213225231063212e-14,-1.407043467746271585e-03,1.222978224144955811e-11
-1.674998451714389660e-03,4.558403043472029281e-14,-1.674998451668805680e-03,-1.750848929545492996e-11
-1.736666614314278257e-03,-5.258889448963249344e-14,-1.736666614366867267e-03,1.850178033104802812e-11
-1.604399498110960090e-03,4.176464054364523559e-14,-1.604399498069195322e-03,-1.348015618737662408e-11
-1.313145853956292552e-03,-6.087197211981153658e-15,-1.313145853962379697e-03,2.116721573335118063e-12
-9.001674532514668519e-04,-5.110223345600413225e-14,-9.001674533025692034e-04,1.302881110680837612e-11
-3.978955582149896922e-04,1.208863099844493410e-13,-3.978955580941033725e-04,-2.918399181565553709e-11
1.511924802932100684e-04,-1.701830327866636534e-13,1.511924801230270547e-04,3.905621971816920713e-11
6.706965422237861924e-04,1.821576812303685743e-13,6.706965424059438668e-04,-4.039466277178356943e-11
1.067876313640050935e-03,-1.189650291425532766e-13,1.067876313521085984e-03,2.600439532633732231e-11
1.292156775173588547e-03,8.972430907324924521e-16,1.292156775174485833e-03,-9.692629448825699339e-13
1.357337639198143110e-03,1.744669805728663225e-13,1.357337639372610105e-03,-3.481964141392364252e-11
1.301863944821089096e-03,-3.432388068261400078e-13,1.301863944477850421e-03,6.761141372082477427e-11
1.154157028666792737e-03,4.591360820972482850e-13,1.154157029125928938e-03,-8.783702838334526855e-11
9.369166498897158130e-04,-4.687148140004270534e-13,9.369166494210009024e-04,8.678599694216053411e-11
6.782876746896719352e-04,2.677834704819229169e-13,6.782876749574554519e-04,-4.826394975825069727e-11
4.092135012276846423e-04,4.729471174441193515e-14,4.092135012749793300e-04,-4.192597187766309465e-12
1.453340158067555640e-04,-6.550969089209056506e-13,1.453340151516586563e-04,9.497867719407218155e-11
-1.411362684578880661e-04,1.083682794717342167e-12,-1.411362673742052806e-04,-1.467689202312745789e-10
-5.167689297573756051e-04,-1.656560731454628024e-12,-5.167689314139363443e-04,2.099210910344413970e-10
-1.023776305738100098e-03,1.407524036778096450e-12,-1.023776304330576044e-03,-1.658212290147431576e-10
-1.629298627054857852e-03,-9.906174880324460601e-13,-1.629298628045475162e-03,1.095145031918149510e-10
-2.246135718849582956e-03,-6.112667077173019799e-13,-2.246135719460849202e-03,5.159829266738072203e-11
-2.783436332257498234e-03,2.632876235086172099e-12,-2.783436329624621678e-03,-2.215548589710374280e-10
-3.186754280713184444e-03,-4.446928919889124939e-12,-3.186754285160113380e-03,3.369353249726344204e-10
-3.451042042784228936e-03,7.181677034010961523e-12,-3.451042035602552242e-03,-4.939649314278324979e-10
-3.599472701699967057e-03,-4.455607797605392277e-12,-3.599472706155574814e-03,2.749239062077900302e-10
-3.666505923049723052e-03,5.862991481692137820e-12,-3.666505917186731970e-03,-3.296693482753848361e-10
-3.693575624113573479e-03,7.226894216131735393e-12,-3.693575616886679482e-03,-3.666127634818485912e-10
-3.715848251503312862e-03,-5.587066637117515824e-12,-3.715848257090379695e-03,2.586875479754710127e-10
-3.756038287915764318e-03,2.653451559875165217e-11,-3.756038261381248414e-03,-1.135655445182610523e-09
-3.831805344169954882e-03,-1.700238479417413750e-11,-3.831805361172340059e-03,6.698756976278441554e-10
-3.966390717250613263e-03,2.637329439902434079e-11,-3.966390690877319089e-03,-9.704675333786955384e-10
-4.181027033409589685e-03,-9.643457405358318388e-12,-4.181027043053046725e-03,3.223305324804922963e-10
-4.472032374615090601e-03,-2.741829794507887518e-11,-4.472032402033388268e-03,8.759706789503689676e-10
-4.822606935548816483e-03,7.870933070670432493e-12,-4.822606927677883411e-03,-2.456332767893069722e-10
-5.231666314088581800e-03,-1.341792267397679924e-10,-5.231666448267808557e-03,3.770188644465809084e-09
-5.695565617183321466e-03,-3.231909744594608357e-11,-5.695565649502419385e-03,8.499575352534441169e-10
-6.156616937065776708e-03,-2.335934673229006886e-10,-6.156617170659244194e-03,5.748156590485816449e-09
-6.500912460816550900e-03,-2.141067358300279299e-10,-6.500912674923287581e-03,4.913847675679741487e-09
-6.654857877915521663e-03,-2.317957802803688721e-10,-6.654858109711302150e-03,4.933011991834118410e-09
-6.696128635741503687e-03,-4.732795120794994197e-10,-6.696129109021014755e-03,9.270083262693848029e-09
-6.851169846325829565e-03,-2.597742378456635706e-11,-6.851169872303252903e-03,4.912680512516081213e-10
-7.400695612699265125e-03,-3.380037532917381857e-10,-7.400695950703018583e-03,5.553320062870265717e-09
-8.620506075348548583e-03,6.148057602739901388e-10,-8.620505460542788462e-03,-9.226451878234339783e-09
-1.079755832794189289e-02,1.228555912549168117e-09,-1.079755709938597964e-02,-1.684427922455519875e-08
-1.425884422468260901e-02,2.400350909651798330e-09,-1.425884182433169965e-02,-3.012294246020988053e-08
-1.942617720667420833e-02,5.379442082743228228e-09,-1.942617182723212557e-02,-6.178602123512606753e-08
-2.700948252954426393e-02,6.592578645472039363e-09,-2.700947593696562121e-02,-6.987878495378107900e-08
-3.821449619927797664e-02,1.167853523516548167e-08,-3.821448452074274055e-02,-1.150663278369896391e-07
-5.443961641856268074e-02,1.291410331620184161e-08,-5.443960350445935931e-02,-1.200554940054897436e-07
-7.597345567320973325e-02,1.494321889601087402e-08,-7.597344072999083486e-02,-1.336154184591150482e-07
-1.001468487766040000e-01,1.398211689693002994e-08,-1.001468347944871051e-01,-1.232578147828554227e-07
-1.208617291378024788e-01,3.983525814896281751e-09,-1.208617251542766641e-01,-3.535472328896498785e-08
-1.308724333838520437e-01,-5.297193297172406949e-09,-1.308724386810453666e-01,5.173781153901686634e-08
-1.252395817241248321e-01,-2.876253875199319946e-08,-1.252396104866635995e-01,3.032105915996493515e-07
-1.034010658084763834e-01,-4.801676378436495623e-08,-1.034011138252401707e-01,5.796859726172983134e-07
-6.909340100772851101e-02,-6.947422301473311130e-08,-6.909347048195152441e-02,1.004564602079334808e-06
-2.878033174567740451e-02,-8.439206769496608549e-08,-2.878041613774509622e-02,1.535830629489333701e-06
1.047237931687894190e-02,-8.298114252464513280e-08,1.047229633573641683e-02,2.023090033796566625e-06
4.294646483071097587e-02,-7.346558979558224256e-08,4.294639136512117678e-02,2.600350957690240364e-06
6.542096532812509413e-02,-4.903073304888775232e-08,6.542091629739205105e-02,2.774858583080951470e-06
7.716694919602340441e-02,-2.669015881945900744e-08,7.716692250586458524e-02,2.638638620963963244e-06
7.934970983215429430e-02,-1.926340477397183410e-08,7.934969056874952020e-02,1.626785216425508465e-06
7.450452167583702934e-02,-4.853228089518290307e-08,7.450447314355614081e-02,-6.410058944344696439e-07
6.584005745371279694e-02,-1.357433200348322937e-07,6.583992171039275421e-02,-4.333896116625653279e-06
5.618500779561059338e-02,-3.197115004152217816e-07,5.618468808411018062e-02,-1.039121882938873152e-05
4.713047756014427520e-02,-6.061484860649099598e-07,4.712987141165821126e-02,-1.829066879964990727e-05
3.906147701061519345e-02,-1.019239266693238073e-06,3.906045777134849878e-02,-2.859583135976242772e-05
3.182133062810890700e-02,-1.507493125515750224e-06,3.181982313498339654e-02,-4.005230435595954520e-05
2.518100189706772365e-02,-1.979401493635050954e-06,2.517902249557408753e-02,-5.087695675954172209e-05
1.891849195065585520e-02,-2.303397458436810797e-06,1.891618855319741888e-02,-5.870865728500241401e-05
1.284970642778772952e-02,-2.167380875072145999e-06,1.284753904691265762e-02,-5.761508388100462341e-05
7.058832043271116852e-03,-1.297767163547555011e-06,7.057534276107569823e-03,-4.281383562167987469e-05
2.015265223068705026e-03,8.114876118346887510e-07,2.016076710680539917e-03,-4.698095717669097149e-06
-1.687658093815998022e-03,4.556437413924356244e-06,-1.683101656402073536e-03,6.494010280597839599e-05
-3.661580705787247439e-03,1.027032221279147886e-05,-3.651310383574456111e-03,1.745478070481594696e-04
-3.800548079361232377e-03,1.814238587899026024e-05,-3.782405693482242086e-03,3.317831936901356445e-04
-2.176784510263268888e-03,2.769764898707023987e-05,-2.149086861276198503e-03,5.331644588799696466e-04
1.011138613755207432e-03,3.820453738631988684e-05,1.049343151141527352e-03,7.702764998470909867e-04
5.306971557863157316e-03,4.766646347526875069e-05,5.354638021338426791e-03,1.009884874820994680e-03
9.893558558810413087e-03,5.310738288540497282e-05,9.946665941695818913e-03,1.198458395676969823e-03
1.380091452018073275e-02,5.002873346265977148e-05,1.385094325364339372e-02,1.249820395627520989e-03
1.629036763146371816e-02,3.232855810680179399e-05,1.632269618957052359e-02,1.035727746265507248e-03
1.713925462947453807e-02,-6.170355303573517961e-06,1.713308427417096699e-02,4.025622408836347882e-04
1.662253701291747238e-02,-7.157671651279352170e-05,1.655096029640467856e-02,-8.450581560077767779e-04
1.523134679205652951e-02,-1.663861469670304262e-04,1.506496064508949795e-02,-2.890897604285651377e-03
1.347880906527212756e-02,-2.886571032363468236e-04,1.319015196203577982e-02,-5.887706998160367224e-03
1.189601166502612245e-02,-4.293862703138275538e-04,1.146662539471229522e-02,-9.879023486805067408e-03
1.100086643344271205e-02,-5.698287927198562083e-04,1.043103764072285736e-02,-1.468680670487331613e-02
1.111661923203929002e-02,-6.815471084466896831e-04,1.043507212359260153e-02,-1.982351385526192125e-02
1.220962654162878816e-02,-7.239678290668353144e-04,1.148565871256195317e-02,-2.428446403800560080e-02
1.396950597072189014e-02,-6.490687962638867900e-04,1.332043717445800454e-02,-2.646116707589961717e-02
1.604485226470109618e-02,-4.023523518084759867e-04,1.564249991289261982e-02,-2.397254506821907410e-02
1.820136706213387745e-02,7.353074906290502847e-05,1.827489781119678164e-02,-1.364617568734613137e-02
2.027178607975745062e-02,8.331723737699850939e-04,2.110495845352743441e-02,8.310436500956487268e-03
2.199466443140154701e-02,1.919265282923390522e-03,2.391392971432493644e-02,4.600463825315845301e-02
2.301879479934679229e-02,3.334056376543343553e-03,2.635285117589013584e-02,1.029428961590161257e-01
2.306938523011109812e-02,5.006821023030382997e-03,2.807620625314148285e-02,1.808855125366786443e-01
2.203377095700705460e-02,6.745563730877643556e-03,2.877933468788469729e-02,2.778597808078645537e-01
1.994709134793184666e-02,8.199829599354122381e-03,2.814692094728596730e-02,3.856686884864598541e-01
1.697315884016960610e-02,8.853014014044213037e-03,2.582617285421381567e-02,4.869661990127939211e-01
1.340898111039073512e-02,8.047036714662203147e-03,2.145601782505293653e-02,5.517993689401797797e-01
9.636895148576216791e-03,5.075883116978817909e-03,1.471277826555503557e-02,5.351081709089645644e-01
5.932026573350810371e-03,-6.548977602129036832e-04,5.277128813137906688e-03,3.750314249637498598e-01
2.322843783231644688e-03,-9.352113392421701477e-03,-7.029269609190056355e-03,-5.343475164564499488e-03
-1.309451911348148527e-03,-2.046601313144479420e-02,-2.177546504279294359e-02,-6.914721285708407272e-01
-5.021571699652950874e-03,-3.231100834132773214e-02,-3.733258004098068822e-02,-1.763895764840876845e+00
-8.668227221475730687e-03,-4.186754991481629606e-02,-5.053577713629203022e-02,-3.273981200380180034e+00
-1.186559160352422364e-02,-4.510281449031477291e-02,-5.696840609383899828e-02,-5.208803557011632002e+00
-1.398543816653733708e-02,-3.803752689459084790e-02,-5.202296506112819713e-02,-7.441662559691639700e+00
-1.428268375920348221e-02,-1.865347996795707619e-02,-3.293616372716055840e-02,-9.670987131570417006e+00
-1.239525073890772669e-02,1.071022828834588929e-02,-1.685022450561837618e-03,-1.135301915161975472e+01
-9.123070045164539260e-03,4.135869821032459037e-02,3.223562816516005458e-02,-1.163768252388528524e+01
-6.703785608121432850e-03,5.778230002127193038e-02,5.107851441315050534e-02,-9.326486818356958253e+00
-7.512260980404768425e-03,3.973000037164964304e-02,3.221773939124487202e-02,-2.883564031377941372e+00
-1.130923219010729862e-02,-3.230214563786681231e-02,-4.361137782797411266e-02,9.454493760355019205e+00
-1.337872650946185862e-02,-1.674459383086647768e-01,-1.808246648181266458e-01,2.942954835766181887e+01
-7.072871955555296887e-03,-3.516245888283265342e-01,-3.586974607838818163e-01,5.832462090432447610e+01
7.229054725935013873e-03,-5.371744826508283444e-01,-5.299454279248932975e-01,9.628653966069964554e+01
1.186401808422045054e-02,-6.484366935144958433e-01,-6.365726754302755142e-01,1.414677302337589708e+02
-2.293153329380050176e-02,-6.195775961619580663e-01,-6.425091294557585542e-01,1.898215554389467741e+02
-1.100607820944408538e-01,-4.495203009838288910e-01,-5.595810830782697032e-01,2.367684218555898497e+02
-2.231933587277515341e-01,-2.119285826143053608e-01,-4.351219413420569504e-01,2.796671148195371757e+02
-3.119332085201118043e-01,1.086669607491105556e-03,-3.108465389126207068e-01,3.184720263333331332e+02
-3.356049035656549218e-01,1.365841159284431339e-01,-1.990207876372117879e-01,3.545978330025810692e+02
-2.842132701137766171e-01,1.895007878643545918e-01,-9.471248224942201144e-02,3.897998402388680006e+02
-1.793713967874099313e-01,1.802402801941422050e-01,8.688834067322745783e-04,4.254721741576707359e+02
-6.060005717944296627e-02,1.352300110839600444e-01,7.462995390451708511e-02,4.621178352955045057e+02
3.564240320258774131e-02,7.892687574074280787e-02,1.145692789433305631e-01,4.992542008665571416e+02
9.263597118790510565e-02,2.912667719436838609e-02,1.217626483822734917e-01,5.359226198229077909e+02
1.148450462544707840e-01,-5.955201349194061064e-03,1.088898449052767281e-01,5.713445084797454001e+02
1.166669111206690701e-01,-2.529892854573085118e-02,9.136798257493823627e-02,6.050794075969622554e+02
1.115405742784714854e-01,-3.069509335924135510e-02,8.084548091923013380e-02,6.367466377120459811e+02
1.078579439973832987e-01,-2.517576943783854035e-02,8.268217455954476880e-02,6.658442076503595217e+02
1.087555562261512676e-01,-1.335886174364315018e-02,9.539669448250812089e-02,6.918012474292258958e+02
1.129240712665824098e-01,-6.994092696653842183e-04,1.122246619969170106e-01,7.140712941606984714e+02
1.163251787145585386e-01,8.752873912571757301e-03,1.250780526271303150e-01,7.322300704884622746e+02
1.145788909191462479e-01,1.373392360980318395e-02,1.283128145289494371e-01,7.461203323992665446e+02
1.048329513361254267e-01,1.496672431607963365e-02,1.197996756522050621e-01,7.559310452699675125e+02
8.638768929992192425e-02,1.380433584525700419e-02,1.001920251451789146e-01,7.621082252954972773e+02
6.035728619103980508e-02,1.182416286759620933e-02,7.218144905863600747e-02,7.651628631846217559e+02
2.892394628429120415e-02,1.080471631312424595e-02,3.972866259741544837e-02,7.655022709286578220e+02
-5.519736003972971171e-03,1.232803606135282268e-02,6.808300057379851507e-03,7.633654645645877963e+02
-4.109102084796992932e-02,1.734232792988461488e-02,-2.374869291808531790e-02,7.588722174071110658e+02
-7.642835632513879374e-02,2.596088157933329824e-02,-5.046747474580549897e-02,7.521404233292483923e+02
-1.100719079696877850e-01,3.735227532479890727e-02,-7.271963264488888468e-02,7.433874179383393539e+02
-1.404037560868362233e-01,4.999325274660507828e-02,-9.041050334023115198e-02,7.329445259616751400e+02
-1.662434251819486231e-01,6.231074628352829131e-02,-1.039326788984203248e-01,7.212054573106186126e+02
-1.870672226844768138e-01,7.309031037400115505e-02,-1.139769123104756865e-01,7.085767310421580305e+02
-2.029587866413192498e-01,8.160761411700313828e-02,-1.213511725243161116e-01,6.954621297435877523e+02
-2.145360611460364053e-01,8.772249737342828479e-02,-1.268135637726081344e-01,6.822729521281385132e+02
-2.224841591683358044e-01,9.156954272509409964e-02,-1.309146164432417048e-01,6.694284111619866735e+02
-2.274088894135865846e-01,9.297721013518525646e-02,-1.344316792784013281e-01,6.573243314306032516e+02
-2.305895007389656137e-01,9.148723690761656480e-02,-1.391022638313490489e-01,6.462934414812003752e+02
-2.344947150916324163e-01,8.708729462617066652e-02,-1.474074204654617359e-01,6.365798143110096134e+02
-2.421660597865759601e-01,8.077313047731880802e-02,-1.613929293092571382e-01,6.283281249225070724e+02
-2.558412795721693445e-01,7.413064894878877709e-02,-1.817106306233805257e-01,6.215848966458025870e+02
-2.758036728192630460e-01,6.819691322292524560e-02,-2.076067595963378143e-01,6.163072077819311971e+02
-3.005250663581029991e-01,6.289169325546145606e-02,-2.376333731026415153e-01,6.123825895988426282e+02
-3.281019052157373439e-01,5.770055694798060381e-02,-2.704013482677567470e-01,6.096664652084413092e+02
-3.575671796188640283e-01,5.254802250455187923e-02,-3.050191571143121561e-01,6.080238476362746951e+02
-3.886604220508636520e-01,4.759067289944898804e-02,-3.410697491514146362e-01,6.073534464802246475e+02
-4.203783592062314556e-01,4.244801670921918152e-02,-3.779303424970122949e-01,6.075882807315231275e+02
-4.503612918372918994e-01,3.624373717235399722e-02,-4.141175546649379369e-01,6.086790520682907299e+02
-4.762347982224629517e-01,2.852339260937362259e-02,-4.477114056130893638e-01,6.105716164408855775e+02
-4.972896251762582431e-01,1.995226164940295741e-02,-4.773373635268552961e-01,6.131986915566560583e+02
-5.145104204079747889e-01,1.213925145577974575e-02,-5.023711689521950241e-01,6.164906496351229634e+02
-5.294777673061155099e-01,7.025561401486420110e-03,-5.224522059046291522e-01,6.203887583224923219e+02
-5.438956765033016172e-01,6.502017185358551117e-03,-5.373936593179430288e-01,6.248523978671003078e+02
-5.597140768033571634e-01,1.207909022784288758e-02,-5.476349865755142376e-01,6.298581359203618604e+02
-5.785496905539053714e-01,2.406812263288084577e-02,-5.544815679210245429e-01,6.353912344534941212e+02
-6.005274139539956701e-01,4.073520916667235786e-02,-5.597922047873233886e-01,6.414389721147889531e+02
-6.239402437604139040e-01,5.863610166441454719e-02,-5.653041420959993291e-01,6.479934779069926662e+02
-6.462725879207069646e-01,7.420214501458570477e-02,-5.720704429061213014e-01,6.550630337689974567e+02
-6.656563019993103625e-01,8.519161073558258190e-02,-5.804646912637277945e-01,6.626806122067911247e+02
-6.815587654309948062e-01,9.105536941859310174e-02,-5.905033960124017600e-01,6.709021181582673989e+02
-6.944307541260371641e-01,9.254653079871666410e-02,-6.018842233273205000e-01,6.797964901097419670e+02
-7.046933319765721349e-01,9.105096244832097674e-02,-6.136423695282512414e-01,6.894255776461153573e+02
-7.118369726081267279e-01,8.786524904644352207e-02,-6.239717235616832891e-01,6.998151026339335203e+02
-7.145437530377667379e-01,8.382368126969677591e-02,-6.307200717680699897e-01,7.109306386778296201e+02
-7.118938514114849792e-01,7.954123177033987913e-02,-6.323526196411450861e-01,7.226696041090178824e+02
-7.048043666457477485e-01,7.609082947403522645e-02,-6.287135371717124110e-01,7.348684037904704383e+02
-6.959420615366970209e-01,7.523946281606570807e-02,-6.207025987206313822e-01,7.473199859013345758e+02
-6.870020344677557622e-01,7.805478412760197271e-02,-6.089472503401537340e-01,7.597897965953238781e+02
-6.761595695289996932e-01,8.290332469594371978e-02,-5.932562448330559457e-01,7.720199073566507195e+02
-6.596031837819742449e-01,8.627952408895742109e-02,-5.733236596930167961e-01,7.837310276217788214e+02
-6.352872015785080428e-01,8.632138785423500160e-02,-5.489658137242731106e-01,7.946282657635555324e+02
-6.038689283514748762e-01,8.428074283428614588e-02,-5.195881855171887720e-01,8.044093979964786740e+02
-5.666265909624839114e-01,8.274355672370124759e-02,-4.838830342387827055e-01,8.127811271904822661e+02
-5.230051843387716337e-01,8.379530964817526184e-02,-4.392098746905963580e-01,8.194766508411507857e+02
-4.690013383693228954e-01,8.844301387843285511e-02,-3.805583244908900542e-01,8.242701336638187968e+02
-3.984324638208234792e-01,9.662545433271099715e-02,-3.018070094881124543e-01,8.269921382698452135e+02
-3.082989808460847581e-01,1.076126935360176978e-01,-2.006862873100670464e-01,8.275339030429779541e+02
-2.032559533984632794e-01,1.206161663481631757e-01,-8.263978705030008975e-02,8.258319524351981045e+02
-9.236445486128554150e-02,1.351971366341524761e-01,4.283268177286692069e-02,8.218427177686018013e+02
1.867525109803517408e-02,1.512941202515611649e-01,1.699693713495963321e-01,8.155180839144185256e+02
1.300007011454985539e-01,1.688368295517287954e-01,2.988375306972273493e-01,8.067875469722637263e+02
2.441212173604384861e-01,1.872215634241461979e-01,4.313427807845846007e-01,7.955471587242935811e+02
3.632203470603169726e-01,2.050917546124431667e-01,5.683121016727601393e-01,7.816505198372922223e+02
4.897976566854116975e-01,2.202676423160967734e-01,7.100652990015084987e-01,7.648978081637064861e+02
6.280948756645348130e-01,2.302255120380182485e-01,8.583203877025531447e-01,7.450284473615162142e+02
7.828264710203642895e-01,2.336441135585306250e-01,1.016470584578894831e+00,7.217252977520291779e+02
9.559821596080211314e-01,2.307426254487440487e-01,1.186724785056765263e+00,6.946322312896613766e+02
1.145609381241043279e+00,2.212227266166135742e-01,1.366832107857656631e+00,6.633914773290805442e+02
1.346633133750295697e+00,2.032660566292284476e-01,1.549899190379524061e+00,6.276974784912500809e+02
1.551017779550157849e+00,1.752989964140252710e-01,1.726316775964183092e+00,5.873474414849600862e+02
1.746947940971520952e+00,1.382009101493534564e-01,1.885148851120874269e+00,5.422913521461545088e+02
1.918480881286382722e+00,9.629299728162259153e-02,2.014773878568005383e+00,4.927072606307805245e+02
2.046051059225251212e+00,5.712573938694358311e-02,2.103176798612194531e+00,4.391032810284167454e+02
2.107083977139783126e+00,3.097538438608161623e-02,2.138059361525864510e+00,3.824102342326459620e+02
2.077711157583709056e+00,2.995230366296128613e-02,2.107663461246670256e+00,3.240166427046135027e+02
1.938387419051891492e+00,6.414905458772725277e-02,2.002536473639618730e+00,2.657188077026414703e+02
1.683841892389651651e+00,1.338987544438730026e-01,1.817740646833524654e+00,2.095991875050988540e+02
1.333480645440680235e+00,2.223709545971808699e-01,1.555851600037861049e+00,1.578351759095036755e+02
9.343228200705196995e-01,2.962274567387695456e-01,1.230550276809289079e+00,1.123892521136822040e+02
5.494804363586646145e-01,3.195304878505361712e-01,8.690109242092008968e-01,7.461523539994057330e+01
2.364077133628692262e-01,2.740342770068198153e-01,5.104419903696890692e-01,4.498776639465830129e+01
2.867341516148675523e-02,1.698948959327027108e-01,1.985683110941894591e-01,2.313662972480764068e+01
-7.101710287322633708e-02,3.995215923106351652e-02,-3.106494364216282403e-02,8.127749658076179884e+00
-8.701686719277015869e-02,-7.683685865283129690e-02,-1.638537258456014556e-01,-1.241413004300465417e+00
-5.683559815059179704e-02,-1.530420991391575336e-01,-2.098776972897493098e-01,-6.265381097577464864e+00
-1.372345063322889282e-02,-1.811110149784184997e-01,-1.948344656116473839e-01,-8.208772124167410311e+00
2.271447245214912314e-02,-1.696429708802690839e-01,-1.469284984281199469e-01,-8.184116569527860818e+00
4.552809885653322924e-02,-1.344271945393263334e-01,-8.889909568279309726e-02,-7.072445478868262470e+00
5.528600298890377213e-02,-9.093905530992328623e-02,-3.565305232101950716e-02,-5.507840564449167253e+00
5.572524805262510372e-02,-5.042244464499118228e-02,5.302803407633921440e-03,-3.902479571814761350e+00
5.113109891825885073e-02,-1.901888054442028159e-02,3.211221837383856914e-02,-2.490182096636719411e+00
4.490780340249321545e-02,1.390777724490665102e-03,4.629858112698388012e-02,-1.374401281436936628e+00
3.905722766854889672e-02,1.177092300062447874e-02,5.082815066917337199e-02,-5.725071661374865339e-01
3.429942938866159530e-02,1.456597376295115306e-02,4.886540315161274489e-02,-5.195880234748130599e-02
3.048758801033635626e-02,1.262719064430355316e-02,4.311477865463991116e-02,2.430240230452972439e-01
2.708824674722781767e-02,8.501708785601655091e-03,3.558995553282946755e-02,3.735890678943218912e-01
2.358281448642255904e-02,4.062955773854412013e-03,2.764577026027697365e-02,3.956629576428075112e-01
1.970341542508186744e-02,4.238468312244208580e-04,2.012726225630628515e-02,3.547406907633345874e-01
1.550406037610136366e-02,-1.964144008665329871e-03,1.353991636743603379e-02,2.844628315570754684e-01
1.132659336501996503e-02,-3.113577817019312632e-03,8.213015548000652394e-03,2.073819799465154712e-01
7.695824405816328873e-03,-3.291717789588832679e-03,4.404106616227495760e-03,1.368842477289722026e-01
5.146007701833248821e-03,-2.851082246699520630e-03,2.294925455133728191e-03,7.950062470591989783e-02
4.038726726993866444e-03,-2.116696075026166645e-03,1.922030651967699798e-03,3.707433042798289474e-02
4.481272722643385789e-03,-1.334354435585554657e-03,3.146918287057831349e-03,8.623270007625132016e-03
6.363386555193861760e-03,-6.543631828765659238e-04,5.709023372317296487e-03,-8.275642365017934002e-03
9.397304881699425697e-03,-1.429458208061851535e-04,9.254359060893240299e-03,-1.651483148475780399e-02
1.309287670926255476e-02,1.921267631975215752e-04,1.328500347246007462e-02,-1.885448806346222764e-02
1.678171392682710830e-02,3.751221783345294125e-04,1.715683610516163804e-02,-1.761805376506651519e-02
1.980035175213176735e-02,4.410087623118487399e-04,2.024136051444361609e-02,-1.456739974374199505e-02
2.170761586908856108e-02,4.261566078869968334e-04,2.213377247697555922e-02,-1.092361203570498332e-02
2.235671544645361983e-02,3.628648543080966100e-04,2.271958030076171378e-02,-7.440844945398594756e-03
2.183135543726138703e-02,2.772053328017552156e-04,2.210856077006314105e-02,-4.514323368800201956e-03
2.035726593372124901e-02,1.885807412175756123e-04,2.054584667493882313e-02,-2.289453065809664029e-03
1.828035445307188769e-02,1.094623082103242498e-04,1.838981676128221068e-02,-7.506064940022022253e-04
1.609672876037593695e-02,4.694949409786864508e-05,1.614367825447380472e-02,2.012974422501209314e-04
1.438545946611870241e-02,3.209501603790564574e-06,1.438866896772249097e-02,7.010189601325197972e-04
1.359041407757399442e-02,-2.293798967187794449e-05,1.356747608790211633e-02,8.834437322587525808e-04
1.383004451424782108e-02,-3.474365222282454552e-05,1.379530086202499645e-02,8.655441582267298876e-04
1.490705087125127927e-02,-3.647361738880528951e-05,1.487057725386247212e-02,7.396390597671559028e-04
1.646394182005094312e-02,-3.208426126707946335e-05,1.643185755878386403e-02,5.704589158739038768e-04
1.813515782984917793e-02,-2.493599132391517904e-05,1.811022183852526238e-02,4.003709811409816551e-04
1.964899412982002228e-02,-1.727730711747625024e-05,1.963171682270254542e-02,2.524721474360205908e-04
2.085267499551169551e-02,-1.047003654564781295e-05,2.084220495896604852e-02,1.366933790631434643e-04
2.159383339966860701e-02,-5.184950541085418575e-06,2.158864844912751838e-02,5.437366859938703913e-05
2.156201380816653509e-02,-1.538250412990512770e-06,2.156047555775354729e-02,1.422786771901413875e-06
2.038176255704987616e-02,6.065226848720184632e-07,2.038236907973474746e-02,-2.797891566115888375e-05
1.795125959462198773e-02,1.615100561718243520e-06,1.795287469518370635e-02,-4.053714879355872715e-05
1.462337256452690692e-02,1.855571225090347904e-06,1.462522813575199698e-02,-4.203369134041518159e-05
1.099331933981509413e-02,1.663438064946644064e-06,1.099498277788004026e-02,-3.719132583244058132e-05
7.558091554931307791e-03,1.294661430103259378e-06,7.559386216361410962e-03,-2.956193369933406322e-05
4.619307416979936270e-03,8.959527993482004890e-07,4.620203369779284260e-03,-2.132392606946114559e-05
2.372298132984952158e-03,5.595234107612435497e-07,2.372857656395713308e-03,-1.393946269569373692e-05
9.140741272694408257e-04,3.077039044665837674e-07,9.143818311739073963e-04,-7.963080176789478034e-06
1.790473691461378605e-04,1.425661724168143745e-07,1.791899353185546573e-04,-3.589154107570488916e-06
-1.654269916762139700e-05,4.819954056088554443e-08,-1.649449962706051016e-05,-7.022918857541506290e-07
1.191451849492587874e-04,2.233813325128133159e-09,1.191474187625838976e-04,1.007436637851178436e-06
3.266593770228908033e-04,-1.068399065727329101e-08,3.266486930322335639e-04,1.793470125297974341e-06
3.397725338475718468e-04,-8.036737212409373515e-09,3.397644971103594360e-04,1.998828401923608361e-06
1.993106855848832040e-04,1.509947357125624887e-09,1.993121955322403203e-04,1.831546018477065493e-06
4.512228868437176410e-04,1.072663684062381172e-08,4.512336134805582859e-04,1.487727909325472073e-06
1.907679244478080807e-03,1.611940857443293732e-08,1.907695363886655450e-03,1.101554710018087118e-06
5.113481489309699111e-03,1.682342249628822736e-08,5.113498312732195350e-03,7.310278835563012748e-07
9.693339167142522514e-03,1.377576332357299580e-08,9.693352942905845981e-03,4.445465584813871426e-07
1.382278923162195278e-02,8.759521318328757309e-09,1.382279799114327114e-02,2.370406552661903250e-07
1.456368375013491166e-02,4.444337051068295354e-09,1.456368819447196282e-02,1.246157883543433767e-07
1.000658487988151032e-02,2.619108354293289019e-09,1.000658749898986587e-02,9.547877104991622794e-08
1.774368512453665349e-03,4.017650797353466570e-09,1.774372530104462685e-03,1.321468794025217924e-07
-5.905852766786390956e-03,8.947580090583301731e-09,-5.905843819206300915e-03,2.276071323253237923e-07
-1.002176384420812132e-02,1.566396938641552780e-08,-1.002174818023873586e-02,3.477558193535669700e-07
-1.014985788075901084e-02,2.276756995366968440e-08,-1.014983511318905650e-02,4.722712913619136775e-07
-6.761972215901079775e-03,2.723100892600785413e-08,-6.761944984892153711e-03,5.536464536819679662e-07
-6.276622140265432012e-04,2.584090289289622590e-08,-6.276363731236502420e-04,5.368744483190839329e-07
6.345607633162018112e-03,1.588275450719478405e-08,6.345623515916524668e-03,3.517766171601172331e-07
1.157962492170025622e-02,-3.794908832619484584e-09,1.157962112679142286e-02,-9.401319952912185819e-08
1.352353023048424342e-02,-3.179869391633009949e-08,1.352349843179032757e-02,-8.898647234423349870e-07
1.192053065641594800e-02,-6.674867988241488783e-08,1.192046390773606607e-02,-2.126056269630446132e-06
1.028261100732436560e-02,-1.089022196641357352e-07,1.028250210510470164e-02,-3.849954011213590924e-06
9.709564527438844725e-03,-1.707709292522498741e-07,9.709393756509593007e-03,-6.034381008084128071e-06
9.092757170360414934e-03,-2.405671060566230674e-07,9.092516603254358065e-03,-8.520286518518578120e-06
