# Pank,Pftd,Par,GRF
1.257753644098056700e-03,-4.588141234660865774e-21,1.257753644098056700e-03,1.169575548763622267e-18
1.089260780480612962e-03,-3.106859746272406767e-21,1.089260780480612962e-03,8.000811821561304842e-19
9.225223275407305962e-04,-1.905126551620421168e-21,9.225223275407305962e-04,4.883041839605571587e-19
8.085399071773853412e-04,-1.003296966525372711e-21,8.085399071773853412e-04,2.501836444141603671e-19
7.592519762457806791e-04,-3.590325860061576565e-22,7.592519762457806791e-04,8.481920944201284309e-20
7.393725049616050498e-04,7.948316546667717634e-23,7.393725049616050498e-04,-1.795049775027717001e-20
6.910177840955771368e-04,3.510480403206792948e-22,6.910177840955771368e-04,-7.258857502873879155e-20
5.975246614864422210e-04,4.819081468886819121e-22,5.975246614864422210e-04,-9.284448784090116593e-20
4.992074300677570072e-04,5.125685748834658456e-22,4.992074300677570072e-04,-9.178033764863602964e-20
4.238057320553774974e-04,4.796692087921850640e-22,4.238057320553774974e-04,-7.877557815150664376e-20
3.409397286905926851e-04,4.087312333564526996e-22,3.409397286905926851e-04,-6.092362751096836907e-20
2.075921572159871234e-04,3.178131826544331007e-22,2.075921572159871234e-04,-4.313834660973407125e-20
2.675101887429770904e-05,2.159021118765381126e-22,2.675101887429770904e-05,-2.707122597859784696e-20
-1.695083090364746508e-04,1.278255661769595886e-22,-1.695083090364746508e-04,-1.504281452140104836e-20
-3.714161121917091118e-04,5.357752549156862274e-23,-3.714161121917091118e-04,-5.959949914168880193e-21
-5.823942376630473041e-04,2.877810250874937270e-24,-5.823942376630473041e-04,-2.867965064891816169e-22
-7.793352242361035673e-04,-2.651342777057298517e-23,-7.793352242361035673e-04,2.656754463591046133e-21
-9.298186719522309523e-04,-4.874641233892640773e-23,-9.298186719522309523e-04,4.587442677481495134e-21
-1.034288222141589372e-03,-4.614745527920057851e-23,-1.034288222141589372e-03,4.050215368528440201e-21
-1.118633474886342660e-03,-5.267280923230020682e-23,-1.118633474886342660e-03,4.292081377325523601e-21
-1.200836536112602276e-03,-4.012987816670668048e-23,-1.200836536112602276e-03,3.014823509028517469e-21
-1.286505215574745191e-03,-3.097743883828454124e-23,-1.286505215574745191e-03,2.127535547822145499e-21
-1.387017617914339208e-03,-3.183268776783193473e-23,-1.387017617914339208e-03,2.001907794843887407e-21
-1.520130384004015614e-03,-1.780980290669834101e-24,-1.520130384004015614e-03,9.069691406059090151e-23
-1.692464073449176506e-03,-2.474310021323192019e-23,-1.692464073449176506e-03,1.261344653297295744e-21
-1.909993990718423336e-03,1.328508400595916319e-23,-1.909993990718423336e-03,-6.066177907242538683e-22
-2.206464371884100332e-03,-3.083368402797605051e-24,-2.206464371884100332e-03,1.231415043409097614e-22
-2.615198533561142753e-03,-7.223020742263327792e-24,-2.615198533561142753e-03,2.733618723570939591e-22
-3.102245515999714313e-03,4.151669293831614124e-23,-3.102245515999714313e-03,-1.414059713109956043e-21
-3.573097813679990478e-03,-4.971209154022442292e-23,-3.573097813679990478e-03,1.560267269648043678e-21
-3.958165445280277528e-03,7.033867358801118135e-23,-3.958165445280277528e-03,-2.044197126847791998e-21
-4.261992958585438494e-03,-4.737356626551575310e-23,-4.261992958585438494e-03,1.280953210154456228e-21
-4.539005611673033007e-03,1.500512572952088433e-23,-4.539005611673033007e-03,-3.750006020400676824e-22
-4.866187473046680069e-03,5.555098349274882677e-23,-4.866187473046680069e-03,-1.306178654293196436e-21
-5.306141904391570643e-03,-1.300280595719505448e-22,-5.306141904391570643e-03,2.829603179610799237e-21
-5.831764313606986432e-03,1.976521295718978500e-22,-5.831764313606986432e-03,-3.974021400664471804e-21
-6.338846565102166861e-03,-2.194245463990769342e-22,-6.338846565102166861e-03,4.065893286599209658e-21
-6.766074240758947027e-03,1.639866599527081499e-22,-6.766074240758947027e-03,-2.790915143664626477e-21
-7.105487162434151807e-03,-1.308230761884115007e-23,-7.105487162434151807e-03,1.973980881187377545e-22
-7.293763995826534931e-03,-2.307303474654812889e-22,-7.293763995826534931e-03,3.302249573427008580e-21
-7.241445087196277108e-03,5.156403765267417000e-22,-7.241445087196277108e-03,-6.708833987841360288e-21
-6.990403689975870777e-03,-7.540891135022094989e-22,-6.990403689975870777e-03,8.903118842361396927e-21
-6.709511833067091473e-03,8.125326767819227316e-22,-6.709511833067091473e-03,-8.697901532648209855e-21
-6.517142346592182979e-03,-5.642904705725253159e-22,-6.517142346592182979e-03,5.471802147878431977e-21
-6.395921127280576428e-03,-6.743156134665837343e-23,-6.395921127280576428e-03,6.334590028184442307e-22
-6.287179621111959119e-03,1.032357391968337641e-21,-6.287179621111959119e-03,-8.394844947600563401e-21
-6.237286614566566779e-03,-2.110411557698178761e-21,-6.237286614566566779e-03,1.567567952327210978e-20
-6.453617204459713083e-03,2.905348025566180780e-21,-6.453617204459713083e-03,-1.983223663575492681e-20
-7.246379230414569210e-03,-2.927842921908524141e-21,-7.246379230414569210e-03,1.847888582379318696e-20
-8.933773494488594924e-03,1.770517311634663065e-21,-8.933773494488594924e-03,-1.038509467525932626e-20
-1.173615581982701515e-02,6.682865420345397823e-22,-1.173615581982701515e-02,-3.757952784538916674e-21
-1.566761361160928095e-02,-3.988507206314067576e-21,-1.566761361160928095e-02,2.096805918798719667e-20
-2.051543999783997721e-02,7.233608996615509501e-21,-2.051543999783997721e-02,-3.630169437413296119e-20
-2.598453069318805084e-02,-9.064860828326794945e-21,-2.598453069318805084e-02,4.392970660460096313e-20
-3.185852078883907867e-02,8.201525327621865644e-21,-3.185852078883907867e-02,-3.886982937193153380e-20
-3.795220858309387990e-02,-4.022664973024877806e-21,-3.795220858309387990e-02,1.894590267366962299e-20
-4.392810703548938323e-02,-2.898433389515281858e-21,-4.392810703548938323e-02,1.359855087168517962e-20
-4.907672680128993825e-02,1.063765006601833391e-20,-4.907672680128993825e-02,-5.150986291429633860e-20
-5.210375898943695600e-02,-1.638349191767671515e-20,-5.210375898943695600e-02,8.346328956255654187e-20
-5.116334220713335268e-02,1.753180912739418849e-20,-5.116334220713335268e-02,-9.668609138503037937e-20
-4.405413845590694377e-02,-1.304840840987853790e-20,-4.405413845590694377e-02,8.088425381755312888e-20
-2.905069038563306075e-02,4.396624183995233181e-21,-2.905069038563306075e-02,-3.252888451893237338e-20
-7.497748558422397125e-03,4.694297325819130462e-21,-7.497748558422397125e-03,-4.185187640213568471e-20
1.485152900885479584e-02,-1.002601797991640354e-20,1.485152900885479584e-02,1.248111695849506720e-19
3.197852046014745125e-02,9.588530510999201611e-21,3.197852046014745125e-02,-1.905928288370989534e-19
4.205069290913050067e-02,-4.924739909307225714e-21,4.205069290913050067e-02,2.113895676460546507e-19
4.618450618262776725e-02,-8.782400653043634171e-24,4.618450618262776725e-02,-1.662298040042369257e-19
4.567168873203839019e-02,1.231494229134707535e-21,4.567168873203839019e-02,5.026155820962697160e-20
4.162018176360094551e-02,3.284035430847326506e-21,4.162018176360094551e-02,1.186228789900261914e-19
3.547814402985705051e-02,-1.264124922887703462e-20,3.547814402985705051e-02,-2.989077692532967780e-19
2.882613471983402550e-02,2.303727404141312412e-20,2.882613471983402550e-02,4.323905498895505538e-19
2.278049601335082816e-02,-2.881886898396080523e-20,2.278049601335082816e-02,-4.589666123646122190e-19
1.774211844459081672e-02,2.451116792530465116e-20,1.774211844459081672e-02,3.366179246988087817e-19
1.360304928806564673e-02,-7.067069715642577032e-21,1.360304928806564673e-02,-6.136579647641823575e-20
1.018279323986610342e-02,-2.259995641239218971e-20,1.018279323986610342e-02,-3.196533918643841404e-19
7.490355135831388428e-03,5.874447891068283892e-20,7.490355135831388428e-03,7.085830501406909750e-19
5.587086401427026824e-03,-9.011561330315770300e-20,5.587086401427026824e-03,-9.747248668406582486e-19
4.410842591590189050e-03,1.010604298020296695e-19,4.410842591590189050e-03,9.891647955841833222e-19
3.768711747357397866e-03,-7.643346363326115259e-20,3.768711747357397866e-03,-6.694509885320380338e-19
3.468943944946355912e-03,9.459372681936772054e-21,3.468943944946355912e-03,2.212537393987397835e-20
3.487414511936849561e-03,9.093523441620961278e-20,3.487414511936849561e-03,8.321110174604804997e-19
3.889598079218680848e-03,-1.984931192548692236e-19,3.889598079218680848e-03,-1.664561059452679459e-18
4.657182621677336508e-03,2.749999578495364266e-19,4.657182621677336508e-03,2.183560443809230976e-18
5.646780561499975537e-03,-2.800667846452212220e-19,5.646780561499975537e-03,-2.114927024162466058e-18
6.616830149174328032e-03,1.846040179138797751e-19,6.616830149174328032e-03,1.301199375288643911e-18
7.261649361168576178e-03,1.408849957349430115e-20,7.261649361168576178e-03,2.085197821019003570e-19
7.334601219407115361e-03,-2.802859352647750399e-19,7.334601219407115361e-03,-2.111762662931037481e-18
6.878747530591059096e-03,5.378603068672405532e-19,6.878747530591059964e-03,3.878212889309471873e-18
6.236590451940879874e-03,-6.873444837011739439e-19,6.236590451940879007e-03,-4.861074182842719742e-18
5.699538227629474818e-03,6.419114665092016610e-19,5.699538227629475685e-03,4.482606037947914734e-18
5.308530537405728097e-03,-3.647013687486092849e-19,5.308530537405728097e-03,-2.453154680566366242e-18
5.002635700965754259e-03,-1.100860784460854826e-19,5.002635700965754259e-03,-1.040982472155659212e-18
4.751786411051252962e-03,6.750676256162559692e-19,4.751786411051253829e-03,5.254764052513518094e-18
4.554969484871358200e-03,-1.166593450657223688e-18,4.554969484871357333e-03,-8.967380089176575615e-18
4.413058244197614471e-03,1.402659605650561186e-18,4.413058244197616206e-03,1.075363878382634356e-17
4.323859292740385094e-03,-1.237101923518212624e-18,4.323859292740383359e-03,-9.408885788364303867e-18
4.286265589600325200e-03,6.171417907926449146e-19,4.286265589600326067e-03,4.429280781270959116e-18
4.307144129847053846e-03,3.729802243137577596e-19,4.307144129847053846e-03,3.599924957067379731e-18
4.394102061217340649e-03,-1.501192088532096020e-18,4.394102061217338914e-03,-1.286935146386994718e-17
4.523735426818878066e-03,2.424553051765106925e-18,4.523735426818880669e-03,2.058790012102431725e-17
4.640580332367889339e-03,-2.778135564040522420e-18,4.640580332367886737e-03,-2.363586327862267988e-17
4.704537137349915250e-03,2.300247490269528054e-18,4.704537137349917852e-03,1.953163726577123005e-17
4.712460950216429759e-03,-9.523500169481174335e-19,4.712460950216428891e-03,-7.477696421153162302e-18
4.651496890120603717e-03,-1.018051160849541533e-18,4.651496890120602849e-03,-1.084781309825970390e-17
4.447685520748256849e-03,3.106024738055294402e-18,4.447685520748260318e-03,3.110316089791892908e-17
3.977570734976973096e-03,-4.665519070580294525e-18,3.977570734976967892e-03,-4.694902534654697205e-17
3.147233020528922027e-03,5.079245813930946667e-18,3.147233020528927231e-03,5.160336530410294629e-17
2.005191816781782752e-03,-3.952145191986916931e-18,2.005191816781778848e-03,-4.002664519464656623e-17
7.666887345176630168e-04,1.280428502192745479e-18,7.666887345176643179e-04,1.118350246756973268e-17
-2.840471240615132864e-04,2.461616483868349249e-18,-2.840471240615107928e-04,3.036979818634909662e-17
-8.653449376269326801e-04,-6.326637173578799189e-18,-8.653449376269389684e-04,-7.432312991764728115e-17
-7.346001216136660442e-04,9.043202203729715488e-18,-7.346001216136570453e-04,1.063699228717992215e-16
1.598895835559002439e-04,-9.390513607000271762e-18,1.598895835558908384e-04,-1.118737646969503013e-16
1.530184776636289105e-03,6.718589485121670738e-18,1.530184776636295610e-03,8.077702242978787571e-17
2.850338095415108977e-03,-1.384274326550679442e-18,2.850338095415107242e-03,-1.245363643450862092e-17
3.633821796936077212e-03,-5.145024333639302647e-18,3.633821796936071574e-03,-8.117220635699073225e-17
3.636928588369617559e-03,1.069098191006735838e-17,3.636928588369628835e-03,1.758431284230172952e-16
2.926579015512329168e-03,-1.320474144346247228e-17,2.926579015512315723e-03,-2.394742122541652596e-16
1.849537825111192534e-03,1.169746129719379048e-17,1.849537825111204244e-03,2.407255441755412360e-16
8.983087779650038383e-04,-6.804737034612363188e-18,8.983087779649968994e-04,-1.599596183031344655e-16
4.766543925665725316e-04,6.720206703370533247e-19,4.766543925665732363e-04,-4.330100370633866922e-19
6.367833518281754580e-04,3.857974949789073174e-18,6.367833518281792527e-04,2.100685954666571137e-16
1.023842771529807991e-03,-4.538031276305357095e-18,1.023842771529803438e-03,-4.123508258716853191e-16
1.182337569839719349e-03,1.121330626914813313e-18,1.182337569839720434e-03,5.357721384833210709e-16
9.303982501327239191e-04,3.749163366655875408e-18,9.303982501327277138e-04,-5.137999630259207403e-16
4.606381285608084054e-04,-4.990919834301743265e-18,4.606381285608033638e-04,3.091831261329161365e-16
3.001449527205326921e-04,-2.603606230926003317e-18,3.001449527205300900e-04,6.427956296574506715e-17
1.155759821459005328e-03,2.078211946180180986e-17,1.155759821459026145e-03,-5.307425892133092009e-16
3.365368953959359949e-03,-4.492733825022817026e-17,3.365368953959315280e-03,9.591699178279545040e-16
6.207650338337760039e-03,6.400304894642610457e-17,6.207650338337824224e-03,-1.191193844294068525e-15
7.998866570314939681e-03,-6.431581763711552946e-17,7.998866570314875496e-03,1.086910645072217876e-15
7.723689789883286111e-03,3.640056244490960989e-17,7.723689789883322540e-03,-5.784543410722279956e-16
6.647873744619134904e-03,1.791526766450907647e-17,6.647873744619153119e-03,-2.845853241429627863e-16
6.924547836278173961e-03,-8.358045543508052775e-17,6.924547836278089827e-03,1.315973509284290288e-15
8.508408196594962822e-03,1.378448255621952890e-16,8.508408196595101600e-03,-2.214495827248179382e-15
8.799393793900756738e-03,-1.585140111558139065e-16,8.799393793900597144e-03,2.631666681480155721e-15
5.410818203545706730e-03,1.309369209495246570e-16,5.410818203545836834e-03,-2.276456421745427102e-15
-1.233478362723988957e-03,-5.548486031622852403e-17,-1.233478362724044469e-03,1.032610126039945083e-15
-8.091098056125777330e-03,-4.647818731009592312e-17,-8.091098056125825902e-03,9.477356790107296547e-16
-1.219024714594185883e-02,1.378083355284217501e-16,-1.219024714594172006e-02,-3.213493070212869698e-15
-1.269925866552577137e-02,-1.841256874142125684e-16,-1.269925866552595525e-02,5.076951060958363841e-15
-1.056254492401818498e-02,1.717312164015495327e-16,-1.056254492401801325e-02,-5.776363292962316322e-15
-7.232114580017464170e-03,-1.116945140988605440e-16,-7.232114580017576060e-03,4.713835393086855455e-15
-3.964208390022154645e-03,3.110772436033936362e-17,-3.964208390022123420e-03,-1.710540118399341627e-15
-1.552790577431784535e-03,4.066088148455545127e-17,-1.552790577431743769e-03,-2.803140430113901210e-15
-2.211475704086158644e-04,-8.396610965282674997e-17,-2.211475704086998358e-04,7.747202696698655422e-15
2.528990949790489370e-04,9.411531839171063656e-17,2.528990949791430458e-04,-1.156180708588934497e-14
2.538700700896952852e-04,-7.831365640530398751e-17,2.538700700896170059e-04,1.259336770332004042e-14
1.111228061490040754e-04,4.790224246185520644e-17,1.111228061490519836e-04,-9.631729763622067532e-15
2.123150131219014833e-05,-1.130424813308589449e-17,2.123150131217884553e-05,2.461123383443913712e-15
5.061404415402720935e-05,-2.825395881445376832e-17,5.061404415399895911e-05,7.760181569155161844e-15
1.706655324882692915e-04,6.836676675624394746e-17,1.706655324883376505e-04,-1.847245855724755216e-14
3.151899032032158933e-04,-1.002101735482651170e-16,3.151899032031157130e-04,2.616043509370050987e-14
4.353176382548281189e-04,1.078324197105287255e-16,4.353176382549359428e-04,-2.726054603237958937e-14
5.179658091543649359e-04,-7.759409550125582398e-17,5.179658091542874154e-04,1.936826844407734409e-14
5.709051674453487343e-04,1.006516673843370893e-17,5.709051674453588174e-04,-2.415329232690925129e-15
6.016515028333451962e-04,7.589556610726084074e-17,6.016515028334210903e-04,-2.058459891917152984e-14
6.069200216713065100e-04,-1.504562876071085619e-16,6.069200216711560228e-04,4.362083952253661845e-14
5.767540638565186659e-04,1.859612280579678947e-16,5.767540638567044981e-04,-5.881945309252279408e-14
5.072653742467509016e-04,-1.678320092031717383e-16,5.072653742465830671e-04,5.856271807290466466e-14
4.073717068150105054e-04,9.907484235563961682e-17,4.073717068151096014e-04,-3.818253751243350361e-14
2.924194093690987120e-04,2.510264912385315888e-18,2.924194093691012599e-04,-1.547250836408196287e-15
1.716578156999160054e-04,-1.115761199319555347e-16,1.716578156998044139e-04,5.297670983016962341e-14
4.351106112018281218e-05,2.017418062631891584e-16,4.351106112038455510e-05,-1.021155332750197452e-13
-9.490704207609483730e-05,-2.489464586132102657e-16,-9.490704207634378367e-05,1.314231678763771855e-13
-2.376776607299124278e-04,2.331795711440399595e-16,-2.376776607296792701e-04,-1.247765872471089638e-13
-3.731468568483423142e-04,-1.401731807429150450e-16,-3.731468568484824474e-04,7.336428556004587464e-14
-4.936804650774415408e-04,-3.222413318718434401e-17,-4.936804650774737416e-04,1.899057032322525584e-14
-6.016093771326066304e-04,2.612152215499247733e-16,-6.016093771323454461e-04,-1.332788787735145199e-13
-7.058590666300277542e-04,-4.879916621199787465e-16,-7.058590666305156452e-04,2.371575021692035496e-13
-8.076337081705016073e-04,6.235984228339674238e-16,-8.076337081698779742e-04,-2.918044718850310646e-13
-8.929799682891614333e-04,-5.788239470364039839e-16,-8.929799682897401805e-04,2.634569310235581116e-13
-9.493007810143631355e-04,3.082481498036430222e-16,-9.493007810140548968e-04,-1.360997821787249295e-13
-9.879529159288564719e-04,1.457336442983051807e-16,-9.879529159287107551e-04,-7.693371383580649789e-14
-1.046562248942935506e-03,-6.491448171534559222e-16,-1.046562248943584727e-03,3.293928775166119092e-13
-1.158658105475102304e-03,1.031686498295860119e-15,-1.158658105474070577e-03,-5.466663644964513525e-13
-1.309268880125456606e-03,-1.170513331022270997e-15,-1.309268880126626894e-03,6.438748859503071683e-13
-1.438540652103951220e-03,1.003587797878703925e-15,-1.438540652102947683e-03,-5.505243960766060952e-13
-1.498133141221461625e-03,-4.865549680798423287e-16,-1.498133141221948215e-03,2.399223695410308465e-13
-1.475654722589454055e-03,-3.671453855302393683e-16,-1.475654722589821166e-03,2.481505677936164748e-13
-1.366548767503073230e-03,1.378888089495830867e-15,-1.366548767501694342e-03,-8.022536711137918262e-13
-1.149899766242921777e-03,-2.223810375127493009e-15,-1.149899766245145475e-03,1.251178603161268545e-12
-7.908376548552159156e-04,2.586532719564837650e-15,-7.908376548526294429e-04,-1.411880955538189055e-12
-2.666569015128443455e-04,-2.212799302710958477e-15,-2.666569015150571480e-04,1.136236733435830367e-12
4.009739094017645026e-04,9.135523148428147330e-16,4.009739094026780514e-04,-3.899628757846229476e-13
1.137074057088517144e-03,1.415974500350121112e-15,1.137074057089932895e-03,-7.232258312162319628e-13
1.824767033006141799e-03,-4.522470670192331566e-15,1.824767033001619375e-03,1.928135997323944717e-12
2.330478593626100076e-03,7.630464585726416754e-15,2.330478593633730690e-03,-2.846516427046838865e-12
2.551684465733125486e-03,-9.379912048647271012e-15,2.551684465723745836e-03,3.073367035608478021e-12
2.459970762175415788e-03,8.048450872102340246e-15,2.459970762183464037e-03,-2.313465355711312138e-12
2.100370523197606174e-03,-2.207276698501155650e-15,2.100370523195398739e-03,5.392530068947304068e-13
1.567404112106394586e-03,-8.468825882140669470e-15,1.567404112097925666e-03,1.987433532102290838e-12
9.922464939252628995e-04,2.178495446978423619e-14,9.922464939470479906e-04,-4.577634458160060707e-12
5.193607661389008706e-04,-3.378978283936369382e-14,5.193607661051111678e-04,6.447376516246966560e-12
2.577961284996128834e-04,3.767092274326845256e-14,2.577961285372838132e-04,-6.622393769801281503e-12
2.576434884985367058e-04,-2.801924779462170084e-14,2.576434884705174522e-04,4.658891266634826349e-12
5.257924506737994639e-04,2.873984776717581465e-15,5.257924506766734670e-04,-4.196763539866543138e-13
1.020194559197884054e-03,3.016719083078810525e-14,1.020194559228051329e-03,-5.207595934453751714e-12
1.640337560471404922e-03,-6.042475988699265651e-14,1.640337560410980167e-03,1.080373481698090806e-11
2.259286531284389853e-03,7.842746499633497322e-14,2.259286531362817135e-03,-1.448747470661226144e-11
2.767916231118124244e-03,-7.633786117743409709e-14,2.767916231041786437e-03,1.415231650022869002e-11
3.091567209357861268e-03,5.192106862502308253e-14,3.091567209409782409e-03,-9.254158382046117612e-12
3.180496168327497878e-03,4.756897557077735866e-15,3.180496168332254923e-03,-9.559473524105116062e-13
3.014966418596099623e-03,-8.354057435619744487e-14,3.014966418512559244e-03,1.304748122328810969e-11
2.619818181603889365e-03,1.817087863199421106e-13,2.619818181785598180e-03,-2.564611497798616130e-11
2.057220347940737215e-03,-2.479499099797599721e-13,2.057220347692787551e-03,3.183051689514368017e-11
1.407191147357590884e-03,2.605195009479435281e-13,1.407191147618110571e-03,-3.064971840829182433e-11
7.439258594335275898e-04,-1.581947056778292354e-13,7.439258592753329518e-04,1.718087402053030894e-11
1.254205172957318596e-04,-5.491194964201257870e-14,1.254205172408199198e-04,5.581503069016761255e-12
-3.950916338368739124e-04,3.466491863300327706e-13,-3.950916334902247707e-04,-3.273877095087268645e-11
-7.812805776499208172e-04,-6.825701814589188346e-13,-7.812805783324910285e-04,6.018633506591604406e-11
-1.050938462248045355e-03,8.346284410394328930e-13,-1.050938461413416765e-03,-6.871748752465657064e-11
-1.269913175240955979e-03,-8.869832456609239113e-13,-1.269913176127939174e-03,6.804159500458886354e-11
-1.490964470504155823e-03,3.654627553540483017e-13,-1.490964470138692955e-03,-2.611808751277898445e-11
-1.713804760534724152e-03,2.013026473084540245e-13,-1.713804760333421419e-03,-1.326283990251485121e-11
-1.914703355178983468e-03,-1.476378068736975451e-12,-1.914703356655361515e-03,9.071304826762088866e-11
-2.092972665296371614e-03,2.223693408191123838e-12,-2.092972663072678163e-03,-1.268713181788012887e-10
-2.285474389967165777e-03,-3.062338704645954535e-12,-2.285474393029504787e-03,1.630713099148435967e-10
-2.559587946587317531e-03,2.683640251498578848e-12,-2.559587943903677328e-03,-1.332794980132206583e-10
-2.980283179266083986e-03,-9.452380107630287388e-13,-2.980283180211321797e-03,4.492047696697183726e-11
-3.563911522051613646e-03,-8.674261807289648567e-13,-3.563911522919039569e-03,3.782305564268877322e-11
-4.266001129659031943e-03,6.128570763798816584e-12,-4.266001123530461202e-03,-2.499079340585493714e-10
-5.015749972217384625e-03,-5.938878243341496199e-12,-5.015749978156262487e-03,2.292959915962759283e-10
-5.761930800536356131e-03,1.267336682884894645e-11,-5.761930787862989435e-03,-4.576239436212731537e-10
-6.475620080324338834e-03,-3.735257718167889491e-12,-6.475620084059596597e-03,1.275770518861647142e-10
-7.120226239383088337e-03,8.150566475536790598e-12,-7.120226231232522178e-03,-2.595869143826105256e-10
-7.652852083673901060e-03,1.219422502717707857e-11,-7.652852071479676263e-03,-3.611481948112333128e-10
-8.041536732626098846e-03,-1.245131516081651371e-11,-8.041536745077414866e-03,3.402352781615498542e-10
-8.256910319228798895e-03,2.894934641435167246e-11,-8.256910290279452502e-03,-7.418401806429103836e-10
-8.271095431618519581e-03,-3.802625815902398161e-11,-8.271095469644778805e-03,8.961013570505428691e-10
-8.086977996692208334e-03,4.882790310356022792e-12,-8.086977991809417982e-03,-1.055680054888376686e-10
-7.745400543627656287e-03,-4.997375350111140277e-11,-7.745400593601410588e-03,1.005320500982127002e-09
-7.276741797894212271e-03,-1.061806391989150583e-10,-7.276741904074851205e-03,1.975031904854621829e-09
-6.671996035106765068e-03,-5.954236115390034703e-11,-6.671996094649126560e-03,1.021916160022799971e-09
-5.939668400901237065e-03,-2.849377930989454444e-10,-5.939668685839030043e-03,4.466224194866054316e-09
-5.186297275706443222e-03,-1.298168707432125909e-10,-5.186297405523314016e-03,1.875649134962436699e-09
-4.650256055407645667e-03,-3.682318519588612457e-10,-4.650256423639497795e-03,4.853651558119522757e-09
-4.691340037793091146e-03,-2.657169907231403379e-10,-4.691340303510082091e-03,3.218855658753617374e-09
-5.732158761338711044e-03,-3.731144757786036908e-11,-5.732158798650159245e-03,3.460316320998309852e-10
-8.184954366903642378e-03,-1.060476239468576102e-10,-8.184954472951267920e-03,1.010239184469247839e-09
-1.242359236724882229e-02,1.079409843900042653e-09,-1.242359128783897780e-02,-1.084060567130712880e-08
-1.873982680384725721e-02,1.278929893157939598e-09,-1.873982552491736467e-02,-1.222689860681618166e-08
-2.719711252669773302e-02,3.206232463689928014e-09,-2.719710932046526947e-02,-2.922142329210199184e-08
-3.736489915770036668e-02,4.634138482985106375e-09,-3.736489452356188401e-02,-4.129331257820919231e-08
-4.795089069425621103e-02,5.958266751239690766e-09,-4.795088473598946299e-02,-5.296506440333493297e-08
-5.664996879415453573e-02,8.420330962609480780e-09,-5.664996037382357547e-02,-7.656053247782979074e-08
-6.077127451961973625e-02,7.395011211223067081e-09,-6.077126712460852176e-02,-7.060655177354405511e-08
-5.843484902915330875e-02,7.906792851784723472e-09,-5.843484112236046329e-02,-8.163037678593120434e-08
-4.923916926597923099e-02,4.012113873415301556e-09,-4.923916525386536069e-02,-4.449771472984236622e-08
-3.411721329317898149e-02,-3.240060689909037791e-10,-3.411721361718505346e-02,1.111684534045374915e-08
-1.515433133716346560e-02,-5.181123083715372775e-09,-1.515433651828654825e-02,1.040595774260341277e-07
4.635598239077758781e-03,-1.112213603228476892e-08,4.635587116941726309e-03,2.855485627736618259e-07
2.216852174313195187e-02,-1.225610745970031002e-08,2.216850948702449309e-02,4.744688729960551832e-07
3.527033783077587054e-02,-1.089957553805365529e-08,3.527032693120032980e-02,7.872819955539179140e-07
4.299161827022143778e-02,-3.541488579532566255e-09,4.299161472873286316e-02,1.082831348248533054e-06
4.552105515472222586e-02,7.756049065632582014e-09,4.552106291077129274e-02,1.395847187424837854e-06
4.397439600459546183e-02,2.007641335261882982e-08,4.397441608100881305e-02,1.643948745397846241e-06
3.993973840814060705e-02,2.532471932472480734e-08,3.993976373285993559e-02,1.597337586260809610e-06
3.492793422929760944e-02,1.833107011396200275e-08,3.492795256036772267e-02,1.286496464053043291e-06
3.002097831948905005e-02,-2.126645560646986558e-08,3.002095705303344658e-02,2.213440636292463937e-07
2.581110799927821206e-02,-9.982912373819752134e-08,2.581100817015447371e-02,-1.592708239768957835e-06
2.249435238720868396e-02,-2.399604212596903271e-07,2.249411242678742498e-02,-4.559069551397362088e-06
1.996793106941297663e-02,-4.552062791405909649e-07,1.996747586313383366e-02,-8.883899046575824759e-06
1.794765087469899975e-02,-7.363376847202976054e-07,1.794691453701427811e-02,-1.431014965451279663e-05
1.613926254316532666e-02,-1.087557724508756081e-06,1.613817498544082088e-02,-2.101368667882936493e-05
1.437463210762652405e-02,-1.424013842444228406e-06,1.437320809378407963e-02,-2.761028289355395811e-05
1.264945727588620908e-02,-1.677013786768474905e-06,1.264778026209944194e-02,-3.317295837610116248e-05
1.110249482946079960e-02,-1.672050090163598328e-06,1.110082277937063551e-02,-3.505325717251631947e-05
9.944299088501334927e-03,-1.192530117984578286e-06,9.943106558383350141e-03,-2.973791446090561953e-05
9.331200796281368531e-03,-1.274502856053246689e-08,9.331188051252808230e-03,-1.347756439421850458e-05
9.248180273557249712e-03,2.228129452919438175e-06,9.250408403010168534e-03,2.002379827064685821e-05
9.458469150054811189e-03,5.738343985974712544e-06,9.464207494040784499e-03,7.480148685257823516e-05
9.593574499448569853e-03,1.077600827762325965e-05,9.604350507726193767e-03,1.563499097706379920e-04
9.385107270576406938e-03,1.721141140068088143e-05,9.402318681977087436e-03,2.656205839762527661e-04
8.807106985585438225e-03,2.445740764365170346e-05,8.831564393229089996e-03,3.980814405048206076e-04
7.978538917540991399e-03,3.139981449396508689e-05,8.009938732034956391e-03,5.422212152890182324e-04
7.029680597191447292e-03,3.594648196878572755e-05,7.065627079160232728e-03,6.692374605017144956e-04
6.096069210386876290e-03,3.557376817398068318e-05,6.131642978560856994e-03,7.383544777027741327e-04
5.337536888581361633e-03,2.670984752368897000e-05,5.364246736105050643e-03,6.826690054623031417e-04
4.887223378212915414e-03,5.482900382664563797e-06,4.892706278595579904e-03,4.164914824426165169e-04
4.789165817253006330e-03,-3.208553175361413191e-05,4.757080285499392693e-03,-1.641892676985220372e-04
4.979836975375771975e-03,-8.946283345819070615e-05,4.890374141917581269e-03,-1.177059045201514888e-03
5.312435497808507857e-03,-1.674211367587800632e-04,5.145014361049727279e-03,-2.717791873593691961e-03
5.623786428442218745e-03,-2.634742898709162566e-04,5.360312138571301892e-03,-4.847161284722969164e-03
5.811661920186069787e-03,-3.688943434905964081e-04,5.442767576695472891e-03,-7.516627773932964274e-03
5.875400722894020926e-03,-4.678422364751429587e-04,5.407558486418877208e-03,-1.051697436926717077e-02
5.875271139335289453e-03,-5.349368954876838585e-04,5.340334243847605702e-03,-1.339114509086110349e-02
5.831375770164667037e-03,-5.332167410849040405e-04,5.298159029079763105e-03,-1.532836901490440031e-02
5.713167970644153493e-03,-4.159813000772245167e-04,5.297186670566928976e-03,-1.511885943011779566e-02
5.548174949591280075e-03,-1.278550702510992780e-04,5.420319879340180363e-03,-1.106158165353619653e-02
5.457699487003499043e-03,3.870047243622728918e-04,5.844704211365772152e-03,-1.048803886850720743e-03
5.572130948362262644e-03,1.177970840215187328e-03,6.750101788577449538e-03,1.730188455582955948e-02
5.906206280660215337e-03,2.273399424803878004e-03,8.179605705464092907e-03,4.627971448494776208e-02
6.283051403574251709e-03,3.657291907149955428e-03,9.940343310724207571e-03,8.740532622021353337e-02
6.410624999587741756e-03,5.239035683243155155e-03,1.164966068283089691e-02,1.405439661713727695e-01
6.076989596300569341e-03,6.803989703324533032e-03,1.288097929962510151e-02,2.024567782604700938e-01
5.326315284138692478e-03,7.972589140889061246e-03,1.329890442502775286e-02,2.652314589886355933e-01
4.449721104603125872e-03,8.182746589606189683e-03,1.263246769420931469e-02,3.143221891594388806e-01
3.724568266667603079e-03,6.738054189406863723e-03,1.046262245607446593e-02,3.267343692291489465e-01
3.153212584663995892e-03,2.930172828122755251e-03,6.083385412786751142e-03,2.699083713827180042e-01
2.464720738620143452e-03,-3.768349026196321852e-03,-1.303628287576178400e-03,1.016372200372786250e-01
1.307469209552406366e-03,-1.341225830461575431e-02,-1.210478909506334730e-02,-2.271311715945934229e-01
-5.361099386743665334e-04,-2.527234472061008763e-02,-2.580845465928445492e-02,-7.662401808152540239e-01
-2.944389715086394993e-03,-3.755627048889167291e-02,-4.050066020397806443e-02,-1.554700877625030175e+00
-5.357717060119193166e-03,-4.729054695907526640e-02,-5.264826401919446563e-02,-2.602367662506429369e+00
-6.980247643275360250e-03,-5.062159992305206857e-02,-5.760184756632742709e-02,-3.864431924318865175e+00
-7.310195661369250399e-03,-4.379569335712092670e-02,-5.110588901849018317e-02,-5.207504491786154155e+00
-6.604362456793133607e-03,-2.502343468177258348e-02,-3.162779713856572056e-02,-6.370955356204566655e+00
-5.728814052543967049e-03,2.720741853495369476e-03,-3.008072199048598006e-03,-6.927520601207863393e+00
-5.445184378831176113e-03,2.854249301877968825e-02,2.309730863994851474e-02,-6.251945010092140542e+00
-5.507639980152399285e-03,3.217419140777682401e-02,2.666655142762442560e-02,-3.512158936895178218e+00
-3.705424936706442577e-03,-1.248165668027569238e-02,-1.618708161698213452e-02,2.291955210157520018e+00
4.694303185509251554e-03,-1.261381932690056884e-01,-1.214438900834964585e-01,1.221510537828342358e+01
2.552557935304099190e-02,-3.066664627183697811e-01,-2.811408833653287753e-01,2.715455772710526361e+01
6.005559868865083251e-02,-5.139873849531505501e-01,-4.539317862644997592e-01,4.751035264507540745e+01
9.533315711570605755e-02,-6.720743520069322186e-01,-5.767411948912261055e-01,7.269694396028171468e+01
9.989601299503066134e-02,-7.015698060368376066e-01,-6.016737930418070146e-01,1.007261002837006600e+02
4.119625481256172089e-02,-5.753777956881270805e-01,-5.341815408755654637e-01,1.286962310700078547e+02
-8.317749636572943639e-02,-3.466699375875016420e-01,-4.298474339532311062e-01,1.544884485439626758e+02
-2.388745129727579963e-01,-1.079865811111036383e-01,-3.468610940838616208e-01,1.779748835569076562e+02
-3.793137428022849145e-01,7.356325811931985204e-02,-3.057504846829650624e-01,2.003418387953450974e+02
-4.706428243737306172e-01,1.795426790412646967e-01,-2.911001453324659205e-01,2.227179648080127379e+02
-5.010390388066232603e-01,2.233210850762430144e-01,-2.777179537303802181e-01,2.455372695786082602e+02
-4.768721957947482659e-01,2.267586924441211405e-01,-2.501135033506271532e-01,2.684939417612676493e+02
-4.131032308856795732e-01,2.078745900242406075e-01,-2.052286408614389657e-01,2.906882710127632095e+02
-3.251803462993663185e-01,1.785424986942555081e-01,-1.466378476051108104e-01,3.110091413668243945e+02
-2.258601903225179175e-01,1.457363784828890618e-01,-8.012381183962886955e-02,3.286942523461144106e+02
-1.261325774303358738e-01,1.132167551612907747e-01,-1.291582226904511820e-02,3.436766109827503897e+02
-3.649735642251497603e-02,8.311506695106085640e-02,4.661771052854587344e-02,3.564675289098247504e+02
3.395344014155665668e-02,5.663311290661640629e-02,9.058655304817306297e-02,3.678127831041254581e+02
7.941481430204391789e-02,3.416627412323910984e-02,1.135810884252830416e-01,3.784534481095292335e+02
9.854151145867014183e-02,1.568005411338731919e-02,1.142215655720574541e-01,3.890651115409215208e+02
9.465823468250238182e-02,1.112501276113635326e-03,9.577073595861601563e-02,4.003016354870175633e+02
7.482685709821683406e-02,-9.570413561488612386e-03,6.525644353672821474e-02,4.128489922686146656e+02
4.763376929080058442e-02,-1.647356108001401739e-02,3.116020821078657049e-02,4.274048545610993983e+02
2.049118803784567150e-02,-1.980217186522980136e-02,6.890161726158732869e-04,4.445732216124670231e+02
-2.128147247525361691e-03,-1.986220491215139744e-02,-2.199035215967675913e-02,4.647348741134560441e+02
-1.869919901000888576e-02,-1.716629150117825187e-02,-3.586549051118713416e-02,4.879448792991381652e+02
-2.953228233761801338e-02,-1.256323303140558130e-02,-4.209551536902359642e-02,5.138884376146597788e+02
-3.577772460408734645e-02,-7.130589659851267054e-03,-4.290831426393861003e-02,5.419095676978304255e+02
-3.882848040627914082e-02,-1.839124139611073711e-03,-4.066760454589021107e-02,5.710901801177526522e+02
-3.980269903442725660e-02,2.727832167102448545e-03,-3.707486686732480718e-02,6.003542418339566211e+02
-3.932890959052324359e-02,6.440841171556981395e-03,-3.288806841896626393e-02,6.285873605683387950e+02
-3.785295372714799628e-02,9.470684802378094569e-03,-2.838226892476990518e-02,6.547524608844533986e+02
-3.604869875493146164e-02,1.204854134821745429e-02,-2.400015740671400735e-02,6.779791694291740214e+02
-3.494737743117254380e-02,1.443272880456543394e-02,-2.051464862660710639e-02,6.976166786652762539e+02
-3.558612656353410397e-02,1.689202269340286250e-02,-1.869410387013123800e-02,7.132420590333845212e+02
-3.839989241773916068e-02,1.933948196181470985e-02,-1.906041045592445429e-02,7.246309251209742115e+02
-4.340282993522048133e-02,2.130140258159551880e-02,-2.210142735362496252e-02,7.317270960655512226e+02
-5.106563856292361397e-02,2.261652932974619196e-02,-2.844910923317742549e-02,7.346362347143550551e+02
-6.216784270841914373e-02,2.379378229054616295e-02,-3.837406041787298078e-02,7.336180035663351191e+02
-7.643869946658059245e-02,2.558417996032727459e-02,-5.085451950625332479e-02,7.290488196786164963e+02
-9.199406368560358871e-02,2.849640347154173622e-02,-6.349766021406186289e-02,7.213823453912103787e+02
-1.067198564705417185e-01,3.259510474535805974e-02,-7.412475172518365185e-02,7.111380215791057253e+02
-1.199728700989136226e-01,3.746394698109854760e-02,-8.250892311781507504e-02,6.988998278323294926e+02
-1.324836342348159612e-01,4.234614802071635237e-02,-9.013748621409961581e-02,6.853028257145953148e+02
-1.451304518167967073e-01,4.654076224824050395e-02,-9.858968956855621024e-02,6.710045371399529586e+02
-1.583974457368605149e-01,4.990975062236895771e-02,-1.084876951144915641e-01,6.566456742396202344e+02
-1.725606497820438012e-01,5.317433066232064853e-02,-1.193863191197231527e-01,6.428099802920228285e+02
-1.877817185986743465e-01,5.762615723554325581e-02,-1.301555613631311115e-01,6.299950904123853661e+02
-2.038962979943877429e-01,6.413226848131967084e-02,-1.397640295130680443e-01,6.186044830663968241e+02
-2.202382377957610438e-01,7.230093818617419621e-02,-1.479372996095868753e-01,6.089522454721675331e+02
-2.357709902312591366e-01,8.079210331073383156e-02,-1.549788869205253328e-01,6.012633736633093804e+02
-2.493795416337681592e-01,8.825935814754522213e-02,-1.611201834862229509e-01,5.956661578162031674e+02
-2.601216500815324295e-01,9.386823677653612086e-02,-1.662534133049963225e-01,5.921779150857307741e+02
-2.674673563187861536e-01,9.729999200304119411e-02,-1.701673643157449733e-01,5.906993417583615837e+02
-2.716471948335147935e-01,9.862219103665975650e-02,-1.730250037968550370e-01,5.910326149019089144e+02
-2.740031890427943595e-01,9.811132496723759533e-02,-1.758918640755567364e-01,5.929086974019908212e+02
-2.768018784161471180e-01,9.601443510031114348e-02,-1.807874433158359329e-01,5.960175761224627422e+02
-2.820539452594535423e-01,9.245857521498970777e-02,-1.895953700444638623e-01,6.000460549689444179e+02
-2.902037479884022053e-01,8.765886174273794518e-02,-2.025448862456642740e-01,6.047073412219606325e+02
-3.002986585513150453e-01,8.215386284885196899e-02,-2.181447957024630624e-01,6.097508003931316125e+02
-3.112359893257939381e-01,7.663756797343528049e-02,-2.345984213523586437e-01,6.149553774985402015e+02
-3.223990409616416253e-01,7.158494495629098842e-02,-2.508140960053505952e-01,6.201161192296663103e+02
-3.339156957279264537e-01,6.745960013319322879e-02,-2.664560955947332110e-01,6.250396900388939230e+02
-3.470076206675277719e-01,6.524906801694989322e-02,-2.817585526505778648e-01,6.295572635004283484e+02
-3.633126137375733977e-01,6.609357210855984488e-02,-2.972190416290135251e-01,6.335438151160497000e+02
-3.834425347150622332e-01,7.025582300189305018e-02,-3.131867117131691969e-01,6.369271410837332041e+02
-4.064081337500196622e-01,7.680246304874764618e-02,-3.296056707012720022e-01,6.396880993060997298e+02
-4.302601598749560829e-01,8.431503199422896166e-02,-3.459451278807270658e-01,6.418590836637622488e+02
-4.535051099786656659e-01,9.203520998839691269e-02,-3.614698999902687948e-01,6.435134354972811934e+02
-4.760979540924966114e-01,1.003181694104955668e-01,-3.757797846820010723e-01,6.447485619893276407e+02
-4.985582585696622937e-01,1.096744690980263198e-01,-3.888837894716359878e-01,6.456775434021085402e+02
-5.203215896096431425e-01,1.196468512969598164e-01,-4.006747383126832984e-01,6.464234581341802368e+02
-5.395381944119694850e-01,1.288986490822473796e-01,-4.106395453297221332e-01,6.471048377414426795e+02
-5.541266273414808818e-01,1.360220250309612244e-01,-4.181046023105196574e-01,6.478259046428620422e+02
-5.625656566037593453e-01,1.400686918957365634e-01,-4.224969647080227819e-01,6.486855629670685630e+02
-5.638767437888753120e-01,1.405188615477934722e-01,-4.233578822410818399e-01,6.497921653068100341e+02
-5.573408302152891292e-01,1.369737738139045757e-01,-4.203670564013844979e-01,6.512650532679765547e+02
-5.425022560142557237e-01,1.289311240276855008e-01,-4.135711319865702507e-01,6.532200163513399502e+02
-5.193063249165000839e-01,1.157834925326399200e-01,-4.035228323838602194e-01,6.557501322298745663e+02
-4.881014340304816179e-01,9.711800542938424374e-02,-3.909834286010973603e-01,6.589191506759552794e+02
-4.496745642690981315e-01,7.324570005766842251e-02,-3.764288642114296812e-01,6.627697809966043678e+02
-4.056210185120491807e-01,4.575095009556636588e-02,-3.598700684164827801e-01,6.673186349227522669e+02
-3.591438819640572766e-01,1.806747249938715771e-02,-3.410764094646701050e-01,6.725267473971541676e+02
-3.152710427806513227e-01,-4.475860676734609231e-03,-3.197469034573859337e-01,6.782820631367059150e+02
-2.784468457296740418e-01,-1.671680981582680803e-02,-2.951636555455008359e-01,6.844067288460657892e+02
-2.485136306190031119e-01,-1.709189586439633507e-02,-2.656055264833994678e-01,6.906700943948470695e+02
-2.200454629233752624e-01,-8.475454600997606169e-03,-2.285209175243728685e-01,6.968115562454675000e+02
-1.865601368602304300e-01,4.442412503797302237e-03,-1.821177243564331139e-01,7.025719315324129184e+02
-1.448677205890607778e-01,1.768358417780541147e-02,-1.271841364112553663e-01,7.077150892397128246e+02
-9.567286253741709434e-02,2.869944620969095903e-02,-6.697341632772613185e-02,7.120382047201208024e+02
-4.160183420695608147e-02,3.635998526270010911e-02,-5.241848944255974099e-03,7.153737329397627036e+02
1.475835178995089231e-02,4.084565571510388737e-02,5.560400750505477968e-02,7.175758406369633349e+02
7.184371003750081308e-02,4.339207501746687734e-02,1.152357850549676904e-01,7.184978393719038650e+02
1.291523939056806458e-01,4.600690574935929061e-02,1.751592996550399295e-01,7.179885455737489792e+02
1.869013496451325529e-01,5.113933126905850779e-02,2.380406809141910607e-01,7.159071607508077477e+02
2.461440360497527957e-01,6.093666489345092585e-02,3.070807009432037216e-01,7.121241868846690295e+02
3.093617958761338826e-01,7.640020482034423632e-02,3.857620006964781467e-01,7.064994770720860515e+02
3.804286019786484729e-01,9.740947604526795089e-02,4.778380780239164238e-01,6.988556761401296171e+02
4.634035693624195540e-01,1.233433652635812922e-01,5.867469346260008045e-01,6.889682460204143126e+02
5.612909740662047620e-01,1.530874847629911106e-01,7.143784588291959281e-01,6.765795471337532945e+02
6.754515576987671910e-01,1.844355954231021999e-01,8.598871531218694741e-01,6.614289716144215845e+02
8.047780515751850050e-01,2.138951021972186062e-01,1.018673153772403639e+00,6.432892273963101388e+02
9.445108631809002731e-01,2.374356940830605056e-01,1.181946557263960917e+00,6.219995995496104797e+02
1.086014843789119499e+00,2.519204253506316382e-01,1.337935269139751027e+00,5.974882193163512056e+02
1.218847404907987597e+00,2.561015304713306073e-01,1.474948935379318149e+00,5.697697513408885470e+02
1.334773682908288572e+00,2.499553171143856223e-01,1.584729000022674139e+00,5.389203640281385788e+02
1.430577644080704536e+00,2.332670847260785441e-01,1.663844728806783024e+00,5.050669649573030142e+02
1.506947560236756800e+00,2.056312076418937151e-01,1.712578767878650376e+00,4.684121138540616585e+02
1.564783126407718328e+00,1.676516412562853164e-01,1.732434767664003505e+00,4.292765808107901080e+02
1.601897895159412943e+00,1.218220885338579113e-01,1.723719983693270841e+00,3.881385867168378354e+02
1.611778599633082676e+00,7.296566706286983228e-02,1.684744266695952453e+00,3.456606534976055514e+02
1.584762559304340623e+00,2.837930173381086885e-02,1.613141861038151603e+00,3.026855436758958717e+02
1.510939016603631169e+00,-2.943641330742740366e-03,1.507995375272888516e+00,2.601803895797913242e+02
1.383991498006766019e+00,-1.253600857564774948e-02,1.371455489431118391e+00,2.191464254022528735e+02
1.205037044906194899e+00,4.299997352521024371e-03,1.209337042258715744e+00,1.805253817765865563e+02
9.848742473611573622e-01,4.546014434626174244e-02,1.030334391707419028e+00,1.451082161207177705e+02
7.436271317320430896e-01,1.007347065898989424e-01,8.443618383219420043e-01,1.134498805054621471e+02
5.073092172017797941e-01,1.535129418819906610e-01,6.608221590837703996e-01,8.581926857692582189e+01
3.013689319631192576e-01,1.858273228210933492e-01,4.871962547842126345e-01,6.222874858488999905e+01
1.434975694002710578e-01,1.853720731841217995e-01,3.288696425843928850e-01,4.255056907909886377e+01
3.953281124625813298e-02,1.511185810607930946e-01,1.906513923070512484e-01,2.665776041570234156e+01
-1.570555290441500926e-02,9.399445173377792007e-02,7.828889882936290734e-02,1.446187640854919998e+01
-3.397870480942039723e-02,3.142456564368071442e-02,-2.554139165739681069e-03,5.779019086044408837e+00
-2.857642572272564227e-02,-2.097877512050332072e-02,-4.955520084322895952e-02,1.868036449689042255e-01
-1.119400516503886098e-02,-5.468548690603359380e-02,-6.587949207107245131e-02,-2.939273018012870331e+00
9.058232493292331725e-03,-6.851996274791272157e-02,-5.946173025462039852e-02,-4.277519958477493667e+00
2.601188706602040879e-02,-6.629103766037718060e-02,-4.027915059435677181e-02,-4.444567325849410722e+00
3.671969540661908921e-02,-5.403789334526293286e-02,-1.731819793864384366e-02,-3.940159683907398236e+00
4.089770167349471991e-02,-3.779538808086517487e-02,3.102313592629546771e-03,-3.131821878739886156e+00
3.983169251505370295e-02,-2.217360659641306325e-02,1.765808591864063970e-02,-2.264006287378840465e+00
3.553835100171465200e-02,-9.840497355534775364e-03,2.569785364617987664e-02,-1.479841658511647617e+00
3.007662298519712951e-02,-1.700679328625771423e-03,2.837594365657136047e-02,-8.472570406740249638e-01
2.495924802227502196e-02,2.578798020121720897e-03,2.753804604239674242e-02,-3.834822562272657831e-01
2.092545282477944329e-02,3.968648818705771547e-03,2.489410164348521484e-02,-7.540040725136203104e-02
1.810482007012110053e-02,3.583559171117722906e-03,2.168837924123882127e-02,1.051778773779710185e-01
1.630084611575642259e-02,2.378933282020226792e-03,1.867977939777664895e-02,1.909663011272431654e-01
1.514194124775153187e-02,1.025317411070016550e-03,1.616725865882154972e-02,2.127799403285766389e-01
1.420102986584867444e-02,-9.509950720704752637e-05,1.410593035864162598e-02,1.962810697485954936e-01
1.319918253411960646e-02,-8.257334828300286070e-04,1.237344905128957839e-02,1.607907708892427900e-01
1.210499241818797748e-02,-1.160685869717401021e-03,1.094430654847057711e-02,1.195641160586825291e-01
1.104118135789503019e-02,-1.179002021702261257e-03,9.862179336192770235e-03,8.069989101961946854e-02
1.016369626828615355e-02,-9.928045674235483776e-04,9.170891700862606258e-03,4.835792830160529077e-02
9.573254650686070788e-03,-7.107006655420726069e-04,8.862553985143999807e-03,2.397316573785267246e-02
9.244268683525262362e-03,-4.165353416805514151e-04,8.827733341844711326e-03,7.260125779778355687e-03
9.061480580479227415e-03,-1.633567703878721199e-04,8.898123810091354211e-03,-2.960261933797914483e-03
8.902373336863176126e-03,2.438509478141006741e-05,8.926758431644586309e-03,-8.217624920136560457e-03
8.678042282858691725e-03,1.426923430794173960e-04,8.820734625938108850e-03,-1.002350060805814493e-02
8.377627505787098305e-03,2.000449763525029127e-04,8.577672482139602275e-03,-9.675428157021015788e-03
8.079397437756820691e-03,2.111903728215304183e-04,8.290587810578351272e-03,-8.184838584225574004e-03
7.878823211216677905e-03,1.916599462135398964e-04,8.070483157430217991e-03,-6.260004274993481548e-03
7.791987999468397152e-03,1.552947796536558660e-04,7.947282779122053289e-03,-4.354967653513327173e-03
7.751426580044574501e-03,1.127821755364233336e-04,7.864208755580998078e-03,-2.716094770570005867e-03
7.696969921752025955e-03,7.181854191584455109e-05,7.768788463667870153e-03,-1.444279512568019197e-03
7.655470395695709862e-03,3.729562829272117542e-05,7.692766023988431220e-03,-5.472282957055963747e-04
7.718140956175041124e-03,1.137377193412988096e-05,7.729514728109171742e-03,2.314257982472842188e-05
7.904821916717146013e-03,-5.672963753907583792e-06,7.899148952963237769e-03,3.351654227741198105e-04
8.096641217015714334e-03,-1.506295249382554792e-05,8.081578264521887753e-03,4.630099897380978054e-04
8.178035138247450112e-03,-1.856931066751052716e-05,8.159465827579939767e-03,4.715706645301662322e-04
8.195588063779391669e-03,-1.807986209626413117e-05,8.177508201683126796e-03,4.128060324039961441e-04
8.268604364169904880e-03,-1.533324209468500785e-05,8.253271122075219249e-03,3.251184425073942795e-04
8.391782179267800665e-03,-1.164494691789929311e-05,8.380137232349902515e-03,2.326878845375609031e-04
8.496650276115005548e-03,-7.992471254747241709e-06,8.488657804860256714e-03,1.504885798666200526e-04
8.615997030518202787e-03,-4.870076056154635748e-06,8.611126954462047789e-03,8.471686143914200409e-05
8.832888674456250075e-03,-2.490312120578265612e-06,8.830398362335671603e-03,3.693534964093660996e-05
9.162460830460227371e-03,-8.592970326951451220e-07,9.161601533427531432e-03,5.627480707311722855e-06
9.547804451250184801e-03,1.504196080075829040e-07,9.547954870858191972e-03,-1.257045723780072392e-05
9.899676250445755762e-03,6.692760768970817168e-07,9.900345526522653233e-03,-2.083702278944949001e-05
1.012374513008801845e-02,8.624823216915951287e-07,1.012460761240971049e-02,-2.269131442758377579e-05
1.015985660801834931e-02,8.444593549919094280e-07,1.016070106737334069e-02,-2.063863656560896209e-05
1.001056405623108533e-02,7.141634355134812230e-07,1.001127821966659760e-02,-1.671846337334577506e-05
9.696557005529436030e-03,5.436527871776851976e-07,9.697100658316613192e-03,-1.234802808810831054e-05
9.152647819970346696e-03,3.698864766137884629e-07,9.153017706446961096e-03,-8.216285224728279968e-06
8.289169367962912621e-03,2.261839938053804561e-07,8.289395551956717928e-03,-4.877126990565696179e-06
7.250396269702154804e-03,1.162020016481024429e-07,7.250512471703801642e-03,-2.341819318985334107e-06
6.422801359556837113e-03,4.400849194297650195e-08,6.422845368048779764e-03,-6.357562128724321766e-07
6.065235655823743820e-03,3.237827819626511806e-09,6.065238893651563046e-03,3.850804468247638499e-07
5.994400267598432551e-03,-1.594948972909699622e-08,5.994384318108703612e-03,9.193712842888898564e-07
5.555888749830546758e-03,-1.960565386776821676e-08,5.555869144176679014e-03,1.066113113535642114e-06
3.883748571692803141e-03,-1.703157992558270781e-08,3.883731540112877242e-03,1.026104108151180435e-06
5.045027171014573051e-04,-1.126229571464449009e-08,5.044914548057426867e-04,8.525843061011073894e-07
-4.035061123407973453e-03,-5.789783798271239472e-09,-4.035066913191771680e-03,6.457191984781778293e-07
-8.177939008201953394e-03,-1.738554961631560330e-09,-8.177940746756914847e-03,4.494921578792904232e-07
-1.008457381309886547e-02,6.208444123765016853e-10,-1.008457319225445313e-02,2.703701036422335706e-07
-8.545144614097959293e-03,1.342725116722743655e-09,-8.545143271372842436e-03,1.465060602144903228e-07
-3.649399227887067942e-03,7.841509127980540687e-10,-3.649398443736155337e-03,4.874430559381705759e-08
3.081836575964191829e-03,-2.612373705372037000e-10,3.081836314726821117e-03,-6.354120250918060932e-09
9.211162189012245260e-03,-1.396516768110025617e-09,9.211160792495476715e-03,-3.699743016571682305e-08
1.232447524281302109e-02,-2.333972620819512280e-09,1.232447290884040002e-02,-5.169442935018358438e-08
1.146480405929908505e-02,-2.475352178952619700e-09,1.146480158394690661e-02,-4.803537315951427971e-08
8.487846361419811025e-03,-2.501579635566166342e-09,8.487843859840176614e-03,-4.477409865929370534e-08
6.738545213453205063e-03,-1.895376840330009609e-09,6.738543318076364343e-03,-3.282876860173965814e-08
7.238366269443264125e-03,-1.379070126048767113e-09,7.238364890373136934e-03,-2.402939564920100394e-08
7.505580706248015342e-03,-8.728993224343424208e-10,7.505579833348692206e-03,-1.575705255015490723e-08
4.645143210856965583e-03,-3.966241910475248530e-10,4.645142814232774628e-03,-7.634474107235489095e-09
-1.612643320684985053e-03,-2.085286790345407838e-10,-1.612643529213664186e-03,-4.399380540424891338e-09
-8.912240554929409808e-03,1.375978628905508274e-11,-8.912240541169623095e-03,3.207863658747976005e-10
-1.426416400340829033e-02,4.056921331565340763e-11,-1.426416396283907914e-02,1.119659509516500449e-09
-1.591529841730077860e-02,6.841424877659167697e-11,-1.591529834888652864e-02,2.282000061680444336e-09
-1.397627885972816709e-02,6.290619712145411606e-11,-1.397627879682196948e-02,2.663055624632384759e-09
-9.946167943460947070e-03,3.315677948634462832e-11,-9.946167910304167664e-03,1.783797453122161372e-09
-5.747611672465053820e-03,2.901133258638918127e-11,-5.747611643453721421e-03,2.124583734381850730e-09
-2.771672627021858678e-03,9.916711257364818309e-12,-2.771672617105147562e-03,9.845484191059991893e-10
-1.417532833666867087e-03,6.989094138849422410e-12,-1.417532826677773104e-03,9.737411076837476383e-10
-1.297219350753212128e-03,2.489372176882857720e-12,-1.297219348263839922e-03,5.041444608341411237e-10
-1.735284110199608034e-03,4.321701264222007852e-13,-1.735284109767437893e-03,1.016236170786258899e-10
-2.144933599967218611e-03,6.471666614605647110e-13,-2.144933599320051829e-03,2.323027328040153827e-10
-2.187404267027143016e-03,-5.282304280616941337e-13,-2.187404267555373254e-03,-2.210034694681544145e-10
-1.787107686651059164e-03,6.195376979433393413e-14,-1.787107686589105683e-03,2.018410633647614187e-11
-1.055720888428647716e-03,-4.587149288509934507e-13,-1.055720888887362813e-03,-1.658047463431003252e-10
-1.761320880309751827e-04,-3.734666116836923256e-13,-1.761320884044417941e-04,-1.236118437867091574e-10
6.939951550806631401e-04,-1.040863352213574229e-13,6.939951549765766958e-04,-2.539515946800001224e-11
1.462446267532603551e-03,-5.410968338419241781e-13,1.462446266991506653e-03,-1.478789567002589006e-10
2.088441188874760358e-03,8.447506401033160612e-14,2.088441188959235320e-03,3.246432499691952044e-11
2.559648478200638681e-03,-3.055653713825050579e-13,2.559648477895073212e-03,-7.465081888247442071e-11
2.884526774833696006e-03,-1.003634927013013682e-14,2.884526774823659330e-03,9.388059553156927162e-12
3.078968816825320125e-03,9.752509881815045689e-17,3.078968816825417704e-03,1.306345258337456222e-11
3.157846916001296692e-03,-8.456147585037619118e-14,3.157846915916735428e-03,-2.231869279683178364e-11
3.144129389810019180e-03,1.271836421856497504e-13,3.144129389937202600e-03,4.917808143469054853e-11
3.060446732844975763e-03,-4.629799409736218207e-14,3.060446732798677728e-03,-2.290565983578348135e-11
2.904695963754920594e-03,3.905876122395906435e-14,2.904695963793979194e-03,2.611754805863331718e-11
2.651593713360850257e-03,-1.524633077768263010e-13,2.651593713208386712e-03,-1.110653761438386213e-11
2.280318149793900736e-03,-4.207334886038048337e-13,2.280318149373166976e-03,-2.711878292801956483e-11
1.798777562838853534e-03,-7.985989568952016384e-13,1.798777562040254716e-03,-2.671193556763821619e-11
1.244994680657524402e-03,-1.498429922384126399e-12,1.244994679159094767e-03,-8.569961659510028971e-11
6.719985894474562712e-04,-2.146469480303208732e-12,6.719985873009867456e-04,-8.444982708271357651e-11
1.343613047606838893e-04,-2.887694620502224838e-12,1.343613018729892757e-04,-1.378121172134608727e-10
-3.188989339357458188e-04,-3.258106102771493188e-12,-3.188989371938518976e-04,-1.498511698991044331e-10
-6.342993120651002755e-04,-3.100110509239321171e-12,-6.342993151652107217e-04,-1.514275863074933840e-10
-7.494289003470490937e-04,-2.095843903174496556e-12,-7.494289024428929915e-04,-1.308945772542343221e-10
-6.474138707810024292e-04,3.526155672706020982e-13,-6.474138704283868145e-04,-2.875795088622311542e-11
-4.098689155229320695e-04,4.732397180174786472e-12,-4.098689107905348697e-04,1.232501957417643951e-10
-1.845376631357806068e-04,1.160607379706511251e-11,-1.845376515297068116e-04,4.021369994444190173e-10
-3.371145300759754889e-05,2.093233247054447457e-11,-3.371143207526507564e-05,7.875235104178783154e-10
-2.516977050679196430e-05,3.290079910195879924e-11,-2.516973760599286122e-05,1.298257113792449784e-09
-1.674791039165250366e-05,4.656690639124761313e-11,-1.674786382474611262e-05,1.914265724692847707e-09
