# Pank,Pftd,Par,GRF
-4.285063551316480946e-04,2.198981200831679432e-18,-4.285063551316458720e-04,-1.163087788061041166e-16
-5.429772831807052735e-04,1.630603528787713274e-18,-5.429772831807036472e-04,-8.512312577597021062e-17
-7.620235839629502803e-04,1.116289715079234867e-18,-7.620235839629491961e-04,-5.643730124529468265e-17
-1.074849622588083418e-03,6.847359974391806568e-19,-1.074849622588082768e-03,-3.298109100241715982e-17
-1.467843443171794977e-03,3.442361014628496656e-19,-1.467843443171794543e-03,-1.558814893783990870e-17
-1.902600831372967382e-03,9.150298133501162194e-20,-1.902600831372967382e-03,-3.853479611743462576e-18
-2.312290841954848554e-03,-8.148240389850224289e-20,-2.312290841954848554e-03,3.138091461550517146e-18
-2.630821029746832369e-03,-1.880531694184749595e-19,-2.630821029746832369e-03,6.596912375283150076e-18
-2.831767431203524935e-03,-2.401223236706935598e-19,-2.831767431203525368e-03,7.625092846563270531e-18
-2.936183287452676007e-03,-2.492086686986894767e-19,-2.936183287452676441e-03,7.153518645746001872e-18
-2.992880632616112986e-03,-2.295762874772084648e-19,-2.992880632616113420e-03,5.963860388834323211e-18
-3.058279576096073309e-03,-1.894690205751577346e-19,-3.058279576096073309e-03,4.463690477147960289e-18
-3.200436401631501573e-03,-1.434731303058356898e-19,-3.200436401631501573e-03,3.073365796677158142e-18
-3.508811345049199851e-03,-9.557986285506666636e-20,-3.508811345049199851e-03,1.868342129864915557e-18
-4.035372575208763177e-03,-5.274977515405604754e-20,-4.035372575208763177e-03,9.449926166077351504e-19
-4.707636628859458716e-03,-2.116244405964130612e-20,-4.707636628859458716e-03,3.487302848272382347e-19
-5.370429444308399448e-03,6.666300825540105833e-21,-5.370429444308399448e-03,-1.020437222142308601e-19
-5.937725517862042779e-03,1.743235715100391801e-20,-5.937725517862042779e-03,-2.464643218741554609e-19
-6.452172238475064291e-03,2.879308264703282329e-20,-6.452172238475064291e-03,-3.758326669851048135e-19
-6.991739334495486284e-03,2.934322957760051190e-20,-6.991739334495486284e-03,-3.540361800620623663e-19
-7.568772202908280976e-03,2.430544336394730515e-20,-7.568772202908280976e-03,-2.707790571223637131e-19
-8.112841422389865248e-03,2.831430943705541282e-20,-8.112841422389865248e-03,-2.909646378935111288e-19
-8.488907558865544517e-03,9.732463697024031428e-21,-8.488907558865544517e-03,-9.230342502797411860e-20
-8.555791725508665388e-03,1.967110696467607267e-20,-8.555791725508665388e-03,-1.714294852217477499e-19
-8.281745419290491295e-03,2.445369419943505047e-21,-8.281745419290491295e-03,-1.958014307465889244e-20
-7.767768687956636518e-03,1.188562800405381879e-21,-7.767768687956636518e-03,-8.753745526362825505e-21
-7.117514307914315705e-03,1.163451418158918113e-20,-7.117514307914315705e-03,-7.831984802405925563e-20
-6.363849410636486167e-03,-2.327551869842206560e-20,-6.363849410636486167e-03,1.436980579797443293e-19
-5.615298573983715062e-03,2.534692757596115045e-20,-5.615298573983715062e-03,-1.437893675418404734e-19
-5.263954103303480729e-03,-3.029475355721389472e-20,-5.263954103303480729e-03,1.581039183561567381e-19
-5.998555787292875023e-03,1.090171964067156832e-20,-5.998555787292875023e-03,-5.276554162400729217e-20
-8.632969628097833178e-03,8.762037332968998910e-21,-8.632969628097833178e-03,-3.891438857541270993e-20
-1.385235507962966767e-02,-4.734382793754148548e-20,-1.385235507962966767e-02,1.978491383605122091e-19
-2.181328276508955055e-02,7.555116568805772319e-20,-2.181328276508955055e-02,-2.992226436456548731e-19
-3.171245572842109478e-02,-9.343264604286036653e-20,-3.171245572842109478e-02,3.554513062698694453e-19
-4.178888662324141412e-02,7.855686946585999509e-20,-4.178888662324141412e-02,-2.917895884631072583e-19
-5.002314902331494312e-02,-3.142211450090164823e-20,-5.002314902331494312e-02,1.162590059923285056e-19
-5.516201852447875920e-02,-4.189937395945396434e-20,-5.516201852447875920e-02,1.553369593919757934e-19
-5.713681986037615762e-02,1.194892515414134276e-19,-5.713681986037615762e-02,-4.584646520291225686e-19
-5.624100241171860887e-02,-1.714763432019831394e-19,-5.624100241171860887e-02,6.952562805373994532e-19
-5.193839508418539308e-02,1.749863339178441430e-19,-5.193839508418539308e-02,-7.702747857377101768e-19
-4.287643836132592340e-02,-1.216491688192090391e-19,-4.287643836132592340e-02,6.015548418005355599e-19
-2.814038505985061445e-02,3.036953708352111881e-20,-2.814038505985061445e-02,-1.776289641165414896e-19
-8.367554883525862852e-03,6.198028162643785812e-20,-8.367554883525862852e-03,-4.396770875534421430e-19
1.406734590127192187e-02,-1.147688667167129765e-19,1.406734590127192187e-02,1.095161933290743512e-18
3.552957772611223253e-02,1.084321370837866340e-19,3.552957772611223253e-02,-1.578486215051599802e-18
5.200607425071103462e-02,-5.713671525349451978e-20,5.200607425071103462e-02,1.669853562124943546e-18
6.044380717724643498e-02,3.337833871428197849e-21,6.044380717724643498e-02,-1.217920514715200527e-18
6.014570983634789231e-02,6.650966980886760098e-21,6.014570983634789231e-02,2.099269971821779151e-19
5.321098792789867582e-02,4.996381668136416824e-20,5.321098792789867582e-02,1.180440313016450399e-18
4.340105552117182880e-02,-1.580123184652431031e-19,4.340105552117182880e-02,-2.594727754668738146e-18
3.414268957204411037e-02,2.683703891722754137e-19,3.414268957204411037e-02,3.556485029255992040e-18
2.714172678753962176e-02,-3.148860619040953887e-19,2.714172678753962176e-02,-3.596852439046843099e-18
2.239688281982581478e-02,2.380162252573797460e-19,2.239688281982581478e-02,2.418519991717762584e-18
1.912131532140377496e-02,-1.175623894376791955e-20,1.912131532140377496e-02,-4.937519096279852644e-20
1.655755897309785923e-02,-3.337067717199069088e-19,1.655755897309785923e-02,-3.066175703959304809e-18
1.426993640673456312e-02,7.059409529576579680e-19,1.426993640673456312e-02,6.091573941978944139e-18
1.208860446383671315e-02,-9.670805744243829192e-19,1.208860446383671142e-02,-7.963397099083523012e-18
9.950886570453166408e-03,9.725686920997091790e-19,9.950886570453168142e-03,7.685684570938222644e-18
7.856274684022560711e-03,-6.215689948664007470e-19,7.856274684022560711e-03,-4.691576002813370640e-18
5.914569847503356285e-03,-9.502711331279514197e-20,5.914569847503356285e-03,-8.305137784786792492e-19
4.270761587174597661e-03,1.057855264501547838e-18,4.270761587174598528e-03,7.768772439398707018e-18
2.957308952764452041e-03,-2.009190132162766955e-18,2.957308952764450306e-03,-1.418427751994958692e-17
1.900886616133392205e-03,2.592170635172383190e-18,1.900886616133394807e-03,1.771995305468801752e-17
1.071080450430450613e-03,-2.449338585504739655e-18,1.071080450430448227e-03,-1.627870072176672243e-17
5.395404528444611766e-04,1.370470666100131986e-18,5.395404528444625860e-04,8.821275898517986071e-18
3.732897049459287355e-04,5.646995060277857677e-19,3.732897049459292776e-04,3.952187425541115887e-18
5.486989572618764530e-04,-2.928772312538269292e-18,5.486989572618735257e-04,-1.930623329895117584e-17
9.789007646279815865e-04,5.011961416815755676e-18,9.789007646279863570e-04,3.277969026296576589e-17
1.570392624211727761e-03,-6.000998233302775530e-18,1.570392624211721906e-03,-3.918136078300492382e-17
2.246299866260826738e-03,5.234710377651218697e-18,2.246299866260831942e-03,3.414221185134952579e-17
2.942934195183977402e-03,-2.472267647652208054e-18,2.942934195183975234e-03,-1.586411189071235855e-17
3.600771966964190583e-03,-1.912565241050553829e-18,3.600771966964188848e-03,-1.347296866379230202e-17
4.164420888852366116e-03,6.892562308533107998e-18,4.164420888852373055e-03,4.723216886393250267e-17
4.605127268356447832e-03,-1.095544055400138597e-17,4.605127268356436557e-03,-7.521914339341241184e-17
4.959035677797927685e-03,1.248046375814978627e-17,4.959035677797939828e-03,8.607619380364846339e-17
5.319064094280854041e-03,-1.025101421336210711e-17,5.319064094280843633e-03,-7.081187138480648688e-17
5.736972427004025793e-03,3.964002025975948195e-18,5.736972427004030130e-03,2.660749770877310788e-17
6.160634808327202817e-03,5.421341309353593373e-18,6.160634808327208889e-03,4.031714001663732756e-17
6.513354148229872666e-03,-1.565106594578794045e-17,6.513354148229857053e-03,-1.140495743224970934e-16
6.798702989481349504e-03,2.356181317865003999e-17,6.798702989481372923e-03,1.714468957495375915e-16
7.113481302434717518e-03,-2.584555223920771839e-17,7.113481302434692365e-03,-1.878312351357072600e-16
7.569379628437919103e-03,2.007303093229677364e-17,7.569379628437939919e-03,1.449645728654498308e-16
8.193998228884391555e-03,-5.788816328478773024e-18,8.193998228884384616e-03,-3.927484507499282579e-17
8.915595166122518636e-03,-1.466226067156563064e-17,8.915595166122503024e-03,-1.124050575233513564e-16
9.621685832485600900e-03,3.602807332203408293e-17,9.621685832485637330e-03,2.723158745645566775e-16
1.021117931206676557e-02,-5.113309423186405042e-17,1.021117931206671527e-02,-3.882532643152006474e-16
1.061906924038475038e-02,5.299099377445701670e-17,1.061906924038480415e-02,4.069896109984502075e-16
1.083646899616962263e-02,-3.754838090730681418e-17,1.083646899616958446e-02,-2.921792848976438947e-16
1.093013585158700979e-02,6.048432271526099117e-18,1.093013585158701673e-02,4.199860786300080074e-17
1.103280055256560671e-02,3.417916029913821094e-17,1.103280055256564141e-02,2.995990300143649147e-16
1.129842292483833853e-02,-7.122744802434542021e-17,1.129842292483826741e-02,-6.438325390193744909e-16
1.181151604146112380e-02,9.211729523413811974e-17,1.181151604146121400e-02,8.736791441494704707e-16
1.243614101741936234e-02,-8.722463541070610164e-17,1.243614101741927561e-02,-8.752360963962430890e-16
1.274536356740924893e-02,5.432519806367237702e-17,1.274536356740930271e-02,5.776709431232693428e-16
1.221849042639580434e-02,-6.678787338787306873e-19,1.221849042639580434e-02,9.268388040301232331e-18
1.057058627761025930e-02,-5.826173092401313404e-17,1.057058627761020032e-02,-7.737767559265426878e-16
7.860450432624829786e-03,1.032800730759570210e-16,7.860450432624933870e-03,1.508836498524435005e-15
4.333668710782781312e-03,-1.180893472331653397e-16,4.333668710782663351e-03,-1.953760937513505938e-15
2.348270302544751471e-04,9.619899590683926785e-17,2.348270302545713700e-04,1.866905016056083108e-15
-4.151349146655122432e-03,-4.647380832054582256e-17,-4.151349146655169270e-03,-1.114242925403749861e-15
-8.069050087658676679e-03,-5.453080948595903576e-18,-8.069050087658680148e-03,-2.516082112801505466e-16
-9.985578242574828442e-03,2.496175915094461988e-17,-9.985578242574802421e-03,1.951932127490486494e-15
-8.290258167618672416e-03,1.141470800393943323e-17,-8.290258167618662008e-03,-3.507686768961373700e-15
-2.685040257794987697e-03,-9.092159305535038883e-17,-2.685040257795078770e-03,4.341806789223465863e-15
5.303760026436916269e-03,1.541299941223812263e-16,5.303760026437070660e-03,-3.946543482217871978e-15
1.326549471397392432e-02,-1.169904732552086094e-16,1.326549471397380810e-02,2.078623814871402207e-15
1.883108151312855652e-02,-7.738376262429501980e-17,1.883108151312847672e-02,1.076031804114308710e-15
1.954646436097959641e-02,4.052338119678433905e-16,1.954646436098000581e-02,-4.833799830581619855e-15
1.349016984772920084e-02,-7.445357669473992262e-16,1.349016984772845665e-02,8.094068280627478613e-15
2.007305957408854046e-03,9.182490974926364237e-16,2.007305957409772149e-03,-9.587641063972064872e-15
-9.559598022464971603e-03,-7.884136012227684905e-16,-9.559598022465760903e-03,8.259184473792367763e-15
-1.618213964857744686e-02,3.398428751278307102e-16,-1.618213964857710685e-02,-3.694472961168713719e-15
-1.689328854228267993e-02,3.105956136506861682e-16,-1.689328854228237115e-02,-3.540574164278542429e-15
-1.385674365249657015e-02,-9.631431821280413609e-16,-1.385674365249753293e-02,1.179157820919823740e-14
-9.964068131997558253e-03,1.391292081173989695e-15,-9.964068131996168740e-03,-1.854704276568394125e-14
-7.141259605491513326e-03,-1.414184273777450048e-15,-7.141259605492927126e-03,2.103395603630396641e-14
-5.457485344869877214e-03,9.963293925389479081e-16,-5.457485344868881483e-03,-1.708653077131720626e-14
-3.999813961759936080e-03,-2.967952598249683079e-16,-3.999813961760232718e-03,6.074751834344917302e-15
-2.311023556129857166e-03,-4.081645553774661254e-16,-2.311023556130265260e-03,1.040760389246958018e-14
-5.119267004611352794e-04,8.745317499791272470e-16,-5.119267004602608704e-04,-2.840263366894739285e-14
1.107368377409775374e-03,-9.959666514226229824e-16,1.107368377408779426e-03,4.221694261237624031e-14
2.228200714110368554e-03,8.166864392204266639e-16,2.228200714111185175e-03,-4.583346497975868092e-14
2.666216119119432099e-03,-4.700181566976514762e-16,2.666216119118961989e-03,3.487502060427145376e-14
2.542366789941521380e-03,9.037419102250291748e-17,2.542366789941611586e-03,-8.603395657240343797e-15
2.197459419213840855e-03,2.408214446794286441e-16,2.197459419214081548e-03,-2.870284718548656102e-14
1.947312931942598050e-03,-4.884956632056863123e-16,1.947312931942109509e-03,6.767203055354190892e-14
1.944766349252013927e-03,6.258578217325637435e-16,1.944766349252639945e-03,-9.547710837382142106e-14
2.204347534044737416e-03,-6.128086892304981669e-16,2.204347534044124191e-03,9.916019423508757399e-14
2.671440478298385893e-03,4.141943426210261906e-16,2.671440478298800058e-03,-7.003706203025687619e-14
3.248552053551722121e-03,-4.642731042320941806e-17,3.248552053551675717e-03,7.966365190526854356e-15
3.795150646108960777e-03,-3.878949760134877854e-16,3.795150646108572633e-03,7.593787840047079807e-14
4.155095197185121672e-03,7.235818164813519830e-16,4.155095197185845052e-03,-1.596951932685591421e-13
4.210609720811150057e-03,-8.161478785343775392e-16,4.210609720810333870e-03,2.145675710548127344e-13
3.919713605300296881e-03,6.337513054780972918e-16,3.919713605300930923e-03,-2.129016065190398378e-13
3.325435473335296155e-03,-2.908509446665453008e-16,3.325435473335005155e-03,1.378332545498440397e-13
2.535864351398858015e-03,-5.042060961920526327e-18,2.535864351398852811e-03,7.527681433466623825e-15
1.673036099432952898e-03,7.094417783703605138e-17,1.673036099433023805e-03,-1.950681909262786887e-13
8.244676039472428625e-04,1.342626634772082506e-16,8.244676039473770868e-04,3.736114993186965234e-13
2.703180153660812197e-05,-4.643212588304490109e-16,2.703180153614380223e-05,-4.791904116318040090e-13
-7.166110678399087398e-04,6.509646282248500553e-16,-7.166110678392576764e-04,4.533430615597730356e-13
-1.400515269339328364e-03,-4.599709215627675614e-16,-1.400515269339788283e-03,-2.642116877158102877e-13
-2.000068188978775148e-03,-1.374032680871538828e-16,-2.000068188978912191e-03,-7.340953078239265830e-14
-2.501520580587670520e-03,8.957793919044343177e-16,-2.501520580586774536e-03,4.901096611501054860e-13
-2.916712550198687515e-03,-1.401126459806463229e-15,-2.916712550200088738e-03,-8.670908005781735516e-13
-3.253572747532278413e-03,1.334241300657581164e-15,-3.253572747530944411e-03,1.063598744883786651e-12
-3.496196824290964070e-03,-7.375718018472940644e-16,-3.496196824291701328e-03,-9.563760454841004955e-13
-3.613117520515511660e-03,1.081739067424495162e-16,-3.613117520515403674e-03,4.887209931944100151e-13
-3.563558965556857215e-03,-1.646717612533822165e-16,-3.563558965557022014e-03,2.898449893652740618e-13
-3.304570320171622017e-03,1.333338204139350796e-15,-3.304570320170288449e-03,-1.209883141788639746e-12
-2.822040161161679106e-03,-3.267318052282365864e-15,-2.822040161164946458e-03,1.997387024556701604e-12
-2.157524635269349785e-03,4.827397416964482150e-15,-2.157524635264522483e-03,-2.346324930003768257e-12
-1.386515736869601417e-03,-4.655082281710425063e-15,-1.386515736874256548e-03,1.995802054447114834e-12
-5.839332153239751430e-04,2.070318116081314153e-15,-5.839332153219047505e-04,-8.589604115797692861e-13
1.630196058362306079e-04,2.479395162766202790e-15,1.630196058387100157e-04,-9.275411976870182143e-13
7.332443973003012483e-04,-7.431559148745106659e-15,7.332443972928695845e-04,2.941113682948161085e-12
1.012985320224008218e-03,1.082554764232805139e-14,1.012985320234833760e-03,-4.572192772767614126e-12
9.612371161982416609e-04,-1.116256947626734484e-14,9.612371161870790406e-04,5.139664858596661829e-12
6.246817657713872509e-04,8.158948954779296411e-15,6.246817657795461975e-04,-4.116893614601105707e-12
1.115114854572635505e-04,-2.498900561826857038e-15,1.115114854547646271e-04,1.385774700561970623e-12
-4.447946252802538274e-04,-5.101633366127598780e-15,-4.447946252853554323e-04,2.691205844783032287e-12
-9.160619676269369334e-04,1.371369480960608991e-14,-9.160619676132232938e-04,-7.052911506117654682e-12
-1.208819192932469129e-03,-2.201673746414819130e-14,-1.208819192954485805e-03,1.041537855995706784e-11
-1.298264510672512669e-03,2.651309754400451009e-14,-1.298264510645999589e-03,-1.115309331776995312e-11
-1.211987093108575411e-03,-2.269090979139625323e-14,-1.211987093131266461e-03,8.413629999013853657e-12
-9.649198396725062847e-04,5.422576476488762453e-15,-9.649198396670837560e-04,-1.831062261237493546e-12
-5.486630884756074980e-04,2.473258101871390258e-14,-5.486630884508748949e-04,-7.304036500372532224e-12
1.341350782832219990e-05,-6.021817143965289708e-14,1.341350776810402729e-05,1.679583305572154981e-11
6.386093835972100376e-04,8.570573964914494131e-14,6.386093836829157856e-04,-2.353169059349193218e-11
1.218766343844172135e-03,-8.483057360063178368e-14,1.218766343759341772e-03,2.402645495605491413e-11
1.662783126547675910e-03,5.572776937262897249e-14,1.662783126603403468e-03,-1.698898077188669394e-11
1.920115473256490003e-03,-2.665401217769654411e-15,1.920115473253824600e-03,1.054567315282803685e-12
2.006834105487002255e-03,-5.678319728342299122e-14,2.006834105430219117e-03,1.877845581341302357e-11
2.010401983136669065e-03,1.247699083428996843e-13,2.010401983261439051e-03,-4.014984804722749042e-11
2.029973448851072650e-03,-1.796713281730025421e-13,2.029973448671401268e-03,5.206550796854358713e-11
2.094547175050831458e-03,2.084332428850986650e-13,2.094547175259264555e-03,-5.234916846435765369e-11
2.144305703974238708e-03,-1.499678424161655152e-13,2.144305703824270562e-03,3.247910643419047187e-11
2.089189273549230119e-03,-1.816722075689974673e-14,2.089189273531063228e-03,3.230654232981856892e-12
1.876439829349224424e-03,2.962638002123647022e-13,1.876439829645488305e-03,-4.821793571422917055e-11
1.508537574827879205e-03,-6.535947787934983274e-13,1.508537574174284406e-03,9.465034233736585305e-11
1.023276566219220429e-03,8.803250205363034983e-13,1.023276567099545538e-03,-1.135812227639985715e-10
4.709658479593228225e-04,-1.001324759382339854e-12,4.709658469579981483e-04,1.161651654500265704e-10
-1.004323103527157387e-04,5.177152204266685513e-13,-1.004323098350005141e-04,-5.393105072933916949e-11
-6.597462072628739729e-04,1.101087820901768883e-13,-6.597462071527651108e-04,-9.822540022010879340e-12
-1.196670300033639582e-03,-1.621418700848457116e-12,-1.196670301655058293e-03,1.357267096619039158e-10
-1.697867890377382106e-03,2.691836232909727008e-12,-1.697867887685545769e-03,-2.015292981089100338e-10
-2.140266667251335825e-03,-4.046107155193362986e-12,-2.140266671297443024e-03,2.701052332877977382e-10
-2.532350992383289312e-03,3.856469881852799952e-12,-2.532350988526819481e-03,-2.299984691460051286e-10
-2.917732072841596608e-03,-1.903475329463214969e-12,-2.917732074745072249e-03,1.015034456186165369e-10
-3.319670581106982238e-03,-8.476429797419686766e-13,-3.319670581954625374e-03,4.072180557346520717e-11
-3.725905711491137983e-03,8.505453806454728664e-12,-3.725905702985684263e-03,-3.730525647536153829e-10
-4.124495935556460151e-03,-9.438447806437664765e-12,-4.124495944994907570e-03,3.785315740841899010e-10
-4.530892175744127490e-03,2.011520949491019410e-11,-4.530892155628917645e-03,-7.397223409562014392e-10
-4.989469179094494292e-03,-7.766354612228395325e-12,-4.989469186860849559e-03,2.635507537819320225e-10
-5.552958255070833578e-03,1.469692362859920382e-11,-5.552958240373910212e-03,-4.598944603273546244e-10
-6.256225367885182194e-03,1.769237311089342486e-11,-6.256225350192808586e-03,-5.161455259326841305e-10
-7.109762256637071343e-03,-1.871268865542633908e-11,-7.109762275349760727e-03,5.015306625474235345e-10
-8.091908875541847443e-03,4.884397858694595140e-11,-8.091908826697869969e-03,-1.225454327014160675e-09
-9.115926412760554792e-03,-6.199468712194855760e-11,-9.115926474755241954e-03,1.421273034107693359e-09
-1.002967745195383967e-02,1.761677526827987816e-11,-1.002967743433706357e-02,-3.879037397410643312e-10
-1.067927246136762473e-02,-7.993716554368999266e-11,-1.067927254130478926e-02,1.562184824776574344e-09
-1.096116856186088971e-02,-1.545929489470786862e-10,-1.096116871645383926e-02,2.804044886771005596e-09
-1.081780600765297300e-02,-8.408299959669138907e-11,-1.081780609173597224e-02,1.405502808864944069e-09
-1.021844796345186893e-02,-4.449053142111892280e-10,-1.021844840835718117e-02,6.849683965920172309e-09
-9.170489352883254286e-03,-1.802685037411979377e-10,-9.170489533151757536e-03,2.561523010704666922e-09
-7.752878435700225404e-03,-6.037563144358491898e-10,-7.752879039456539445e-03,7.819048408786571486e-09
-6.136600668823479973e-03,-4.173341778594944966e-10,-6.136601086157658473e-03,4.937001912578444641e-09
-4.628690404579484906e-03,-1.257728714013447039e-10,-4.628690530352356190e-03,1.315947600345447012e-09
-3.780206182720711756e-03,-2.853551375568592950e-10,-3.780206468075849278e-03,2.690999699862809428e-09
-4.446218941959974476e-03,1.636856981233294509e-09,-4.446217305102993789e-03,-1.531657503246025233e-08
-7.619978145638325526e-03,1.813293176939361580e-09,-7.619976332345148456e-03,-1.592541985521505711e-08
-1.402756956134488912e-02,5.258920945229369578e-09,-1.402756430242394284e-02,-4.268362568294867923e-08
-2.375196309273377646e-02,7.743375240471756081e-09,-2.375195534935853683e-02,-5.956740964632772407e-08
-3.613555826006256688e-02,1.060040781318923266e-08,-3.613554765965475146e-02,-7.852547041580789907e-08
-4.976218472457640679e-02,1.595778948736035310e-08,-4.976216876678692114e-02,-1.156556362405286802e-07
-6.236268955793585617e-02,1.485880460897299538e-08,-6.236267469913124584e-02,-1.078075107110600098e-07
-7.119839501152534778e-02,1.767731998438970837e-08,-7.119837733420536496e-02,-1.309433412054135923e-07
-7.413476620340814227e-02,1.017259223489700986e-08,-7.413475603081590148e-02,-7.751066647752884417e-08
-7.033784424730074591e-02,1.051986325299798244e-09,-7.033784319531442841e-02,-3.836894535596120541e-09
-5.988067904554236764e-02,-1.248591082751013272e-08,-5.988069153145320067e-02,1.292408345620555338e-07
-4.316461023584711870e-02,-3.372798731458992439e-08,-4.316464396383443147e-02,3.949563249534163584e-07
-2.116429326792170287e-02,-4.646893313835697472e-08,-2.116433973685484526e-02,6.695187965576869184e-07
3.927601135523249055e-03,-5.977978780346748005e-08,3.927541355735445980e-03,1.145203400919008205e-06
2.871858732231601444e-02,-5.561791893609442747e-08,2.871853170439707392e-02,1.591689271822862316e-06
4.935319504724484246e-02,-3.930818049427496052e-08,4.935315573906434716e-02,2.092714970616205225e-06
6.242146760448612219e-02,-1.226945020143569119e-08,6.242145533503592331e-02,2.509393468891582731e-06
6.608825978903332121e-02,1.353523150445903400e-08,6.608827332426481238e-02,2.510912004019906008e-06
6.114952085757927730e-02,2.394343414577309051e-08,6.114954480101342238e-02,2.159480206641674697e-06
5.090483963597311479e-02,-1.439128062094567365e-08,5.090482524469249620e-02,6.848249450767807360e-07
3.947624588913116461e-02,-1.148206206821447402e-07,3.947613106851048659e-02,-1.860791478392145592e-06
2.979454377268278206e-02,-3.127681786331638736e-07,2.979423100450415141e-02,-6.159826292528567999e-06
2.281928291570030007e-02,-6.240989383545568172e-07,2.281865881676194835e-02,-1.251483725625936960e-05
1.814961062959377647e-02,-1.025884257411247369e-06,1.814858474533636440e-02,-2.061086243876292660e-05
1.500813736777895091e-02,-1.524420436628563862e-06,1.500661294734232168e-02,-3.083016024380013010e-05
1.279470824352377765e-02,-1.992843378025765281e-06,1.279271540014575124e-02,-4.112182786043360860e-05
1.114545824815339065e-02,-2.360775971498409952e-06,1.114309747218189192e-02,-5.034057567577092406e-05
9.842771148921665089e-03,-2.408223228069429660e-06,9.840362925693594762e-03,-5.451919115481229997e-05
8.810255742860036848e-03,-1.866861864363529191e-06,8.808388880995672576e-03,-4.857816637901484202e-05
8.099520865220382129e-03,-4.412100672372470957e-07,8.099079655153143889e-03,-2.690930663648220309e-05
7.776854923733071516e-03,2.396217146402837616e-06,7.779251140879473933e-03,2.013591912709352622e-05
7.818721971734582388e-03,6.958943985783094009e-06,7.825680915720365644e-03,9.875315350119933549e-05
8.099809943189867703e-03,1.371787016251714957e-05,8.113527813352384294e-03,2.181166064905949926e-04
8.444457327797154703e-03,2.263831219550406341e-05,8.467095639992658698e-03,3.804839692420052683e-04
8.689563052958286168e-03,3.308647939766950547e-05,8.722649532355956914e-03,5.808389544619471656e-04
8.748395428043714145e-03,4.361589639176559200e-05,8.792011324435479100e-03,8.040592840041913469e-04
8.647602266904565183e-03,5.120073509779770747e-05,8.698803002002363297e-03,1.009288414832488351e-03
8.478232889218980176e-03,5.222524410551339298e-05,8.530458133324493250e-03,1.138582940824081364e-03
8.318666584298306521e-03,4.159534927068515213e-05,8.360261933568990250e-03,1.093400091300776198e-03
8.203319526011306276e-03,1.396096856090821934e-05,8.217280494572213462e-03,7.469575930287228327e-04
8.150559332891216258e-03,-3.631098452351811989e-05,8.114248348367696789e-03,-5.840866059215868623e-05
8.237168578980314654e-03,-1.146274335153884351e-04,8.122541145464925311e-03,-1.504811703044388110e-03
8.602559025604481283e-03,-2.231372680597541237e-04,8.379421757544726346e-03,-3.746912046567804112e-03
9.341710093988115499e-03,-3.596846020428590683e-04,8.982025491945256485e-03,-6.897119574223700006e-03
1.042774079695248796e-02,-5.121634784249625653e-04,9.915577318527525608e-03,-1.091182730562040293e-02
1.174278813735108763e-02,-6.573434291996820998e-04,1.108544470815140542e-02,-1.552021752083298893e-02
1.314674710465513728e-02,-7.586360443886876366e-04,1.238811106026644834e-02,-2.008814205853835799e-02
1.451223451572541089e-02,-7.650654724356156875e-04,1.374716904328979541e-02,-2.345706617038572847e-02
1.572470076821014598e-02,-6.154223059542552211e-04,1.510927846225588837e-02,-2.386832869272748070e-02
1.669432792349653805e-02,-2.395187948297267274e-04,1.645480912866681064e-02,-1.880304439967846186e-02
1.738680841718273640e-02,4.282671504053007605e-04,1.781507556758803526e-02,-5.094058438136524723e-03
1.783289563814896561e-02,1.437507543201690420e-03,1.927040318135065516e-02,2.091999311257046815e-02
1.810604523433108001e-02,2.801496901616345493e-03,2.090754213594742464e-02,6.287512563443949098e-02
1.827014593462079201e-02,4.470399549892497756e-03,2.274054548451328803e-02,1.234185344266596762e-01
1.831062405828955478e-02,6.304346619899604473e-03,2.461497067818916099e-02,2.029263466340703870e-01
1.808846725723012999e-02,8.030239524860836864e-03,2.611870678209096686e-02,2.973444822164643675e-01
1.732515778824000180e-02,9.216484540520111790e-03,2.654164232876011359e-02,3.958494515148868187e-01
1.568210242446026539e-02,9.260284182379707393e-03,2.494238660683997105e-02,4.778169871490464682e-01
1.307374166590682431e-02,7.434194630925956317e-03,2.050793629683278149e-02,5.099567160309207425e-01
1.000983492873957700e-02,3.016132360421181109e-03,1.302596728916075898e-02,4.443413273617938253e-01
7.359790741988488615e-03,-4.501274832132115371e-03,2.858515909856373678e-03,2.178135873437952730e-01
5.502074080741917519e-03,-1.509053838911800921e-02,-9.588464308376091691e-03,-2.444181252926101167e-01
3.879116131645151105e-03,-2.780797723254330514e-02,-2.392886110089815360e-02,-1.020571385766230188e+00
1.575626559256895461e-03,-4.035733295529222303e-02,-3.878170639603532865e-02,-2.175756575653968738e+00
-1.828635846165424950e-03,-4.884244540733997941e-02,-5.067108125350540393e-02,-3.735474606429892042e+00
-5.935530898435858321e-03,-4.818799076609567300e-02,-5.412352166453153479e-02,-5.648077066387516609e+00
-9.707827700167896354e-03,-3.373408621279939262e-02,-4.344191391296729071e-02,-7.733992828148840815e+00
-1.192236666227787859e-02,-4.218762975740366142e-03,-1.614112963801824646e-02,-9.626835250262102406e+00
-1.183187754730232431e-02,3.454059327106658722e-02,2.270871572376426464e-02,-1.071148571417552198e+01
-9.724490388758158174e-03,6.693728025620469813e-02,5.721278986744653822e-02,-1.007195554177196328e+01
-6.634294474971493341e-03,6.809733817760334207e-02,6.146304370263185740e-02,-6.469612416961202150e+00
-2.757994376115195136e-03,9.584387149374531609e-03,6.826392773259336473e-03,1.611441474412602659e+00
4.184639987695256726e-03,-1.288703716431051916e-01,-1.246857316554099426e-01,1.581176871477189216e+01
1.754467616645060887e-02,-3.429605458699941378e-01,-3.254158697035435255e-01,3.759873340469702896e+01
3.468403714851837211e-02,-5.883150555427819617e-01,-5.536310183942636520e-01,6.777632930721901516e+01
3.713186359514512175e-02,-7.791636805673853861e-01,-7.420318169722402990e-01,1.057635435276866644e+02
-7.882189064707698783e-03,-8.212512990807001589e-01,-8.291334881454078820e-01,1.489135881485699429e+02
-1.207224153555890994e-01,-6.790212588938708826e-01,-7.997436742494600237e-01,1.930213372375441168e+02
-2.795911477312507110e-01,-4.148086434125484723e-01,-6.943997911437992387e-01,2.344842623281242027e+02
-4.283317640349000865e-01,-1.410362510199685282e-01,-5.693680150548686703e-01,2.719127123600076743e+02
-5.129374444575134362e-01,6.081911557448459876e-02,-4.521183288830288860e-01,3.054917557290668242e+02
-5.089283532192938608e-01,1.707617288212734119e-01,-3.381666243980204212e-01,3.356826775463281933e+02
-4.257608062084814460e-01,2.090551230424068374e-01,-2.167056831660746363e-01,3.627544992379722544e+02
-2.944832914821726155e-01,2.048558916654367734e-01,-8.962739981673584211e-02,3.867665356651253887e+02
-1.508610653149331515e-01,1.795786589080307916e-01,2.871759359309766085e-02,4.077609275063836094e+02
-2.356891697761304832e-02,1.452252190910962859e-01,1.216563021134832168e-01,4.262069129598282871e+02
7.043261653628207775e-02,1.084681399134014845e-01,1.789007564496835623e-01,4.432346448685012206e+02
1.258534195746587869e-01,7.393587404879083114e-02,1.997892936234496042e-01,4.602948149227423187e+02
1.465569135391616706e-01,4.478047202016086775e-02,1.913373855593225314e-01,4.785765041688293877e+02
1.414723382217498160e-01,2.216342860896501621e-02,1.636357668307148461e-01,4.987191050638760430e+02
1.206951840875811477e-01,5.600959156280210967e-03,1.262961432438613474e-01,5.208707836839973879e+02
9.347410025522044641e-02,-6.043950322344030998e-03,8.743014993287641368e-02,5.448032421732478952e+02
6.757292656861209335e-02,-1.387689106331428494e-02,5.369603550529781361e-02,5.699355746846790680e+02
4.863933944813484539e-02,-1.878908326695371070e-02,2.985025618118113122e-02,5.953639917660625542e+02
3.938238526611338719e-02,-2.147252762029061221e-02,1.790985764582277498e-02,6.199983560377160074e+02
3.932139195433310280e-02,-2.247523072103279479e-02,1.684616123330030454e-02,6.427523222183588132e+02
4.531964463323652492e-02,-2.226331600492520088e-02,2.305632862831132404e-02,6.626922307620586707e+02
5.244626039149018204e-02,-2.118599149341878971e-02,3.126026889807139580e-02,6.791264815984873167e+02
5.539846059829411917e-02,-1.941588624810845765e-02,3.598257435018566153e-02,6.916560858575409156e+02
5.077411265375961907e-02,-1.696052816510864800e-02,3.381358448865096761e-02,7.001758498682926302e+02
3.852193427214520988e-02,-1.363201490877339467e-02,2.488991936337181521e-02,7.048149134923493193e+02
2.086230458299865795e-02,-8.994460183957051977e-03,1.186784439904160597e-02,7.058581547374960792e+02
2.899666110621670206e-04,-2.557288074479498099e-03,-2.267321463417331078e-03,7.036848860098986052e+02
-2.119775997674936199e-02,5.793602308698652704e-03,-1.540415766805071016e-02,6.987171344378119784e+02
-4.231984758367721144e-02,1.559689885110096021e-02,-2.672294873257625297e-02,6.913803797991748752e+02
-6.294313812125548746e-02,2.607309650104472007e-02,-3.687004162021077086e-02,6.820887210809046337e+02
-8.380223086092743190e-02,3.648438535478767258e-02,-4.731784550613975932e-02,6.712446390299634231e+02
-1.051877532430467582e-01,4.624031048250876880e-02,-5.894744276053798249e-02,6.592481631869832199e+02
-1.257542555460557654e-01,5.475401543282638200e-02,-7.100024011322937645e-02,6.465114863107372685e+02
-1.425717846507283393e-01,6.122156160126022290e-02,-8.135022304946810945e-02,6.334564083462554436e+02
-1.525475325170938812e-01,6.455553881826091300e-02,-8.799199369883298205e-02,6.204878103467935944e+02
-1.541617152085401066e-01,6.377209125243139820e-02,-9.038962395610870837e-02,6.079685110114663757e+02
-1.480354361086018422e-01,5.873734236473654446e-02,-8.929809374386531162e-02,5.962102909592612150e+02
-1.361290452689579433e-01,5.050410309440166862e-02,-8.562494217455626777e-02,5.854651135248010405e+02
-1.207651969895146143e-01,4.083958876789436920e-02,-7.992560822162024514e-02,5.759103314751328071e+02
-1.043292219849972918e-01,3.157314825018246035e-02,-7.275607373481482454e-02,5.676438734942873907e+02
-8.922054733787178338e-02,2.416835802176358489e-02,-6.505218931610819155e-02,5.606893787770128483e+02
-7.742955523947869789e-02,1.926966382158112195e-02,-5.815989141789758288e-02,5.550030821374828065e+02
-7.023591369386499028e-02,1.654850288092552663e-02,-5.368741081293946366e-02,5.504961836009290437e+02
-6.885529689768041250e-02,1.541156657151155837e-02,-5.344373032616885066e-02,5.470751045795383334e+02
-7.533072496727358236e-02,1.592004571023666534e-02,-5.941067925703692049e-02,5.446734852857745182e+02
-9.188141472827573986e-02,1.877690534881051171e-02,-7.310450937946522121e-02,5.432674740909795901e+02
-1.190216524786326668e-01,2.454717556232846598e-02,-9.447447691630420086e-02,5.428804489924339123e+02
-1.550172374144468124e-01,3.318826893419971058e-02,-1.218289684802470879e-01,5.435662053701285004e+02
-1.971329315995797027e-01,4.412220111228534747e-02,-1.530107304872943830e-01,5.453685824476999642e+02
-2.426871455958388157e-01,5.634542546027153376e-02,-1.863417201355672959e-01,5.482758500518175424e+02
-2.894679342984936565e-01,6.873127601078832249e-02,-2.207366582877053063e-01,5.521873325189543493e+02
-3.363015411314284608e-01,8.074030687123331940e-02,-2.555612342601951692e-01,5.569122827350223588e+02
-3.832842987632087417e-01,9.263755387903424565e-02,-2.906467448841745238e-01,5.622117117652902607e+02
-4.310900072510145953e-01,1.047460728590160067e-01,-3.263439343919986024e-01,5.678535794033917909e+02
-4.800744175287174897e-01,1.167446206000019859e-01,-3.633297969287155316e-01,5.736474486298138800e+02
-5.297355375552289525e-01,1.276676005286907500e-01,-4.020679370265382579e-01,5.794696959423075668e+02
-5.785017387701578695e-01,1.363760059262416058e-01,-4.421257328439163192e-01,5.852917544879372826e+02
-6.240809355639211908e-01,1.421870381846616627e-01,-4.818938973792595282e-01,5.911860692458913036e+02
-6.641373014021177967e-01,1.451065586893243442e-01,-5.190307427127933693e-01,5.972885626317977312e+02
-6.967134297887728200e-01,1.455899555407879631e-01,-5.511234742479848014e-01,6.037461369114056424e+02
-7.204475798472154136e-01,1.443978750719863702e-01,-5.760497047752289879e-01,6.106936055383022222e+02
-7.348030720495183354e-01,1.424511495611655854e-01,-5.923519224883526668e-01,6.182464231427168215e+02
-7.402607245163117522e-01,1.404970381297411530e-01,-5.997636863865705159e-01,6.264802630406729804e+02
-7.382653222020754136e-01,1.390272596806408079e-01,-5.992380625214346335e-01,6.354182281150438030e+02
-7.307587690674517411e-01,1.384994134570592395e-01,-5.922593556103924461e-01,6.450379540994765648e+02
-7.193114556718172015e-01,1.393998006799162248e-01,-5.799116549919010044e-01,6.552855078261953850e+02
-7.040124436301234967e-01,1.419691874281984456e-01,-5.620432562019249678e-01,6.660934474826128735e+02
-6.824194512091033005e-01,1.457043246240396772e-01,-5.367151265850635955e-01,6.773893688387651082e+02
-6.493530256849654458e-01,1.490844774110704485e-01,-5.002685482738948863e-01,6.890765196452949795e+02
-5.988028177138593477e-01,1.502465363615834437e-01,-4.485562813522758763e-01,7.010021801079986972e+02
-5.271592979890554753e-01,1.482099945289893361e-01,-3.789493034600661114e-01,7.129439753834582234e+02
-4.346186672342678969e-01,1.433523847220850300e-01,-2.912662825121828392e-01,7.246123872488863071e+02
-3.239922300254487464e-01,1.369647155181754894e-01,-1.870275145072732847e-01,7.356541735145560779e+02
-1.991300469253802774e-01,1.304823642141203777e-01,-6.864768271125989973e-02,7.456713830209401976e+02
-6.401674138599787456e-02,1.246946867802837255e-01,6.067794539428585099e-02,7.542664950846318561e+02
7.796796432558719681e-02,1.193742161801238794e-01,1.973421805057110900e-01,7.610830857210471549e+02
2.244864687568793316e-01,1.136828135308101118e-01,3.381692822876894433e-01,7.658217012645970954e+02
3.739255767666336827e-01,1.069967774631205015e-01,4.809223542297541565e-01,7.682429482960532141e+02
5.250540672538650533e-01,9.948588272685238154e-02,6.245399499807174903e-01,7.681545040886452398e+02
6.773555876635689588e-01,9.221968971494771961e-02,7.695752773785167200e-01,7.653771267520227184e+02
8.313718334642773433e-01,8.687679806562691176e-02,9.182486315299042134e-01,7.597121696812955634e+02
9.884886390269973511e-01,8.505402878265727606e-02,1.073542667809654683e+00,7.509214006876479743e+02
1.150363937877064702e+00,8.755617882297028753e-02,1.237920116700035100e+00,7.387131993162629442e+02
1.318009168649123097e+00,9.423868206762930910e-02,1.412247850716752406e+00,7.227403022004103832e+02
1.490611796284974089e+00,1.042480074440146204e-01,1.594859803728988723e+00,7.026125127837268565e+02
1.665157093215471340e+00,1.158036726353638690e-01,1.780960765850835292e+00,6.779221133805699537e+02
1.837742730669022162e+00,1.248017476957421906e-01,1.962544478364764311e+00,6.482976453473618221e+02
2.004750060032563397e+00,1.237222638953193871e-01,2.128472323927883103e+00,6.135020884803948320e+02
2.161034554467367474e+00,1.038505570071324297e-01,2.264885111474499446e+00,5.735414979519761118e+02
2.296722516713565643e+00,6.026871883300297106e-02,2.356991235546568753e+00,5.287326011851857857e+02
2.396873943585847044e+00,-4.110689038528254208e-03,2.392763254547318752e+00,4.797318925377948062e+02
2.443849280026719750e+00,-7.702806635959424941e-02,2.366821213667125612e+00,4.275456727766747917e+02
2.418993059570524906e+00,-1.375155561993772479e-01,2.281477503371147630e+00,3.734999850494533007e+02
2.304166267725700656e+00,-1.596888042134559649e-01,2.144477463512244775e+00,3.191451668625458638e+02
2.087086380368398331e+00,-1.205798812476588516e-01,1.966506499120739271e+00,2.661097382662476321e+02
1.770336957657829169e+00,-1.057133898593841208e-02,1.759765618671890630e+00,2.159409258130540934e+02
1.378578966597925115e+00,1.569302821689868843e-01,1.535509248766911972e+00,1.699501356360831039e+02
9.584730563792430713e-01,3.423079548109300152e-01,1.300781011190173198e+00,1.290790968609627214e+02
5.682363307375315475e-01,4.891908692466400699e-01,1.057427199984171784e+00,9.384445491016985841e+01
2.589539164967246676e-01,5.465588473129536773e-01,8.055127638096784004e-01,6.440119259133295770e+01
5.767077689620445785e-02,4.926878848894743479e-01,5.503586617856788266e-01,4.067826146207991656e+01
-3.875776562312639728e-02,3.474643867400165065e-01,3.087066211168900676e-01,2.247910639004461331e+01
-5.754439730821879484e-02,1.640349062136330915e-01,1.064905089054142967e-01,9.447144872059961784e+00
-3.454605297425999283e-02,4.252460231327079353e-04,-3.412080695112728462e-02,9.553112542772281834e-01
1.052815029462166778e-03,-1.080311978732800410e-01,-1.069783828438178735e-01,-3.881933770916907278e+00
3.279536147697979798e-02,-1.553857036152581639e-01,-1.225903421382783659e-01,-6.042269448792477959e+00
5.465179332056939454e-02,-1.552541281044964583e-01,-1.006023347839270499e-01,-6.428179000544028021e+00
6.605918779445144051e-02,-1.278873236297976834e-01,-6.182813583534624985e-02,-5.778824797035863270e+00
6.824628518588053694e-02,-9.112453320139880797e-02,-2.287824801551827103e-02,-4.643378676086276080e+00
6.313603250776606002e-02,-5.661472832847499331e-02,6.521304179291073644e-03,-3.391536890990155317e+00
5.354378881349828451e-02,-2.989349237597213951e-02,2.365029643752614499e-02,-2.243490449448426904e+00
4.277481534483671549e-02,-1.215795209345279029e-02,3.061686325138392520e-02,-1.307031096747351295e+00
3.345432050798619744e-02,-2.200618495717347918e-03,3.125370201226884692e-02,-6.133920096538172384e-01
2.670118544960063678e-02,2.120197476310796674e-03,2.882138292591143389e-02,-1.472496418994295730e-01
2.229423936363738798e-02,2.967860015042622646e-03,2.526209937868001063e-02,1.304189068503955051e-01
1.944911490642651716e-02,2.082136262137151018e-03,2.153125116856367122e-02,2.665376276817204015e-01
1.745580360099799333e-02,6.514705810281517205e-04,1.810727418202614375e-02,3.060516372664343066e-01
1.586982379571584556e-02,-6.370912605586412890e-04,1.523273253515720557e-02,2.868149526176184128e-01
1.444394903982688765e-02,-1.479403205931477394e-03,1.296454583389541199e-02,2.376588900628933132e-01
1.305665557948115785e-02,-1.824761064011414273e-03,1.123189451546974423e-02,1.785437454540662050e-01
1.169992365646409238e-02,-1.759392807982623113e-03,9.940530848481468618e-03,1.218648539551009102e-01
1.044373274560702648e-02,-1.422621713724884964e-03,9.021111031882141085e-03,7.413858835619242804e-02
9.359342442364214365e-03,-9.579100308509474158e-04,8.401432411513266516e-03,3.777821185175152252e-02
8.459812858575922745e-03,-4.840708425573396717e-04,7.975742016018583236e-03,1.258846945946497965e-02
7.704022287851570311e-03,-8.164292621326503562e-05,7.622379361638304679e-03,-3.040190664898198905e-03
7.052163042673789163e-03,2.089202762802223044e-04,7.261083318954011413e-03,-1.127699026622747992e-02
6.509044389711777893e-03,3.806982929186709876e-04,6.889742682630448610e-03,-1.432140774346284291e-02
6.109593388176973172e-03,4.483217817284941174e-04,6.557915169905468265e-03,-1.408158099212569563e-02
5.882597542861751905e-03,4.374559389884468980e-04,6.320053481850198586e-03,-1.205824454181502088e-02
5.833042401562646938e-03,3.766675821295529126e-04,6.209709983692199634e-03,-9.319814782680154244e-03
5.942480215114178191e-03,2.920801776237558277e-04,6.234560392737934290e-03,-6.552504422195804153e-03
6.224537617657211440e-03,2.036945561376784218e-04,6.428232173794889807e-03,-4.142330269742878698e-03
6.744751530203181925e-03,1.239310508668737046e-04,6.868682581070056740e-03,-2.251893985771950216e-03
7.529957848584424400e-03,5.927421569525638312e-05,7.589232064279680980e-03,-9.039987056197866001e-04
8.505912364392125002e-03,1.187411148972784696e-05,8.517786475881852434e-03,-3.674526575427134660e-05
9.544536451346617364e-03,-1.884943236165802376e-05,9.525687018984960869e-03,4.481785574801355992e-04
1.056563933691787027e-02,-3.523047497679850635e-05,1.053040886194107212e-02,6.559580760155287208e-04
1.160361836423356822e-02,-4.061469080939478270e-05,1.156300367342417458e-02,6.831992396933362537e-04
1.275787542952799142e-02,-3.846986348869589731e-05,1.271940556603929490e-02,6.062222653355882557e-04
1.408652242920162279e-02,-3.209616771956525194e-05,1.405442626148205656e-02,4.823990038137155115e-04
1.559363332325133973e-02,-2.409171051351786027e-05,1.556954161273782326e-02,3.490825258972823355e-04
1.728511889797211890e-02,-1.626640229855136455e-05,1.726885249567356936e-02,2.283556307673805115e-04
1.914712152599082687e-02,-9.661669561876809736e-06,1.913745985642895109e-02,1.310524283610553585e-04
2.102922587606507673e-02,-4.654850887259992882e-06,2.102457102517781354e-02,5.945197682575190210e-05
2.259295119942214894e-02,-1.269556698324757654e-06,2.259168164272382442e-02,1.198497627996278048e-05
2.343381557485748126e-02,7.529993615019154520e-07,2.343456857421898423e-02,-1.595584249856545165e-05
2.327994637924013510e-02,1.731714989300578461e-06,2.328167809422943338e-02,-2.926796922305756842e-05
2.210510347024038924e-02,1.998665255821113616e-06,2.210710213549621148e-02,-3.265589323778779072e-05
2.012425445193898391e-02,1.849785345105392019e-06,2.012610423728409051e-02,-3.021870713672911038e-05
1.773083758251826555e-02,1.492492594197465964e-06,1.773233007511246240e-02,-2.473752222384282377e-05
1.531339162321674122e-02,1.087763829010148051e-06,1.531447938704575025e-02,-1.843908421384623801e-05
1.297362402340042006e-02,7.141451148709045955e-07,1.297433816851529045e-02,-1.245112068769866186e-05
1.041955378302311490e-02,4.158658207109338194e-07,1.041996964884382704e-02,-7.463982952153201173e-06
7.081334925093817415e-03,2.032559642289758016e-07,7.081538181058046229e-03,-3.726379936286647040e-06
2.267200926299894892e-03,6.553889897783823625e-08,2.267266465198872465e-03,-1.123726283752037019e-06
-4.505224312843393933e-03,-8.245711183854824545e-09,-4.505232558554578097e-03,4.338397670490928394e-07
-1.281917023678516392e-02,-3.891462999006300244e-08,-1.281920915141515280e-02,1.261129756487067482e-06
-2.076741971027898717e-02,-3.998154849504886440e-08,-2.076745969182748272e-02,1.539195458714734295e-06
-2.523580627413216093e-02,-2.595437648451208982e-08,-2.523583222850864921e-02,1.483626252681562958e-06
-2.343756757699912152e-02,-7.793599237840743422e-09,-2.343757537059835971e-02,1.265608966749066092e-06
-1.505060128277319921e-02,7.234129969490710056e-09,-1.505059404864323054e-02,9.591378276980446726e-07
-3.004792027081137299e-03,1.539012246729295946e-08,-3.004776636958670071e-03,6.755182544000521481e-07
8.363398024640813014e-03,1.605580176937119399e-08,8.363414080442582721e-03,4.178835472106891583e-07
1.590574190335799706e-02,1.189349729749604725e-08,1.590575379685529520e-02,2.229872969030130357e-07
1.795897667933138084e-02,5.772974549582607117e-09,1.795898245230592716e-02,8.720680401861714728e-08
1.317047445448134985e-02,-4.929399979494154934e-10,1.317047396154135200e-02,-5.500842537938911941e-09
1.901943247329039533e-03,-4.220511217732772794e-09,1.901939026817821678e-03,-4.875282963705555250e-08
-1.068091493891008652e-02,-6.534248706100782773e-09,-1.068092147315879287e-02,-7.261935847525925297e-08
-1.683374677269197303e-02,-6.471878668387073761e-09,-1.683375324457064143e-02,-7.191179491063914885e-08
-1.366256872157739326e-02,-5.501670913051485210e-09,-1.366257422324830550e-02,-6.315889554356861672e-08
-5.769792424551932822e-03,-4.185491702327207629e-09,-5.769796610043635178e-03,-5.106770905585451156e-08
3.728067255866870282e-04,-2.601797411663910293e-09,3.728041237892753428e-04,-3.467412338769542994e-08
2.474799221850168627e-03,-1.617826853778501703e-09,2.474797604023314807e-03,-2.427722490594813683e-08
2.233584537130644046e-03,-7.151277389874186962e-10,2.233583822002904902e-03,-1.242891894461094623e-08
1.620131314762674824e-03,-2.840691130233857719e-10,1.620131030693561756e-03,-5.909036712962808053e-09
1.255198215033408735e-03,-4.743780921697966743e-11,1.255198167595599412e-03,-1.099497204470893131e-09
1.100663756984957995e-03,7.238886192432475858e-11,1.100663829373819827e-03,2.416145881415449570e-09
1.062094027006831856e-03,6.364487255064947518e-11,1.062094090651704214e-03,2.680406440000467474e-09
1.018076640740306219e-03,7.415369502009603401e-11,1.018076714894001122e-03,3.979671339360903243e-09
8.533952012492991915e-04,4.233785724468230295e-11,8.533952435871564783e-04,2.932316381528332470e-09
5.742635885509439703e-04,2.841406979766263538e-11,5.742636169650137869e-04,2.638927125420687122e-09
3.173184065847877290e-04,1.604725016119081624e-11,3.173184226320379005e-04,1.995988183578679471e-09
2.260060377071955516e-04,5.365804277858113046e-12,2.260060430729998423e-04,9.496666330649781424e-10
3.343438248232681381e-04,3.153319136040143797e-12,3.343438279765872695e-04,8.213152872848546242e-10
5.935487504401970203e-04,-5.608597238933777816e-13,5.935487498793372849e-04,-1.322240585417364934e-10
9.532499927457768404e-04,-8.299174197418929380e-13,9.532499919158593255e-04,-2.270192115665991243e-10
1.360606143734806924e-03,-1.246437852035973265e-12,1.360606142488369075e-03,-6.513499883304808831e-10
1.735943229292078371e-03,-1.396872806928921098e-12,1.735943227895205736e-03,-9.092223654557329649e-10
1.999421925736862525e-03,-1.138167292097881451e-12,1.999421924598695274e-03,-8.094805807562167664e-10
2.102421898227154699e-03,-1.046965999871610547e-12,2.102421897180188799e-03,-9.293000523207460968e-10
2.041436866915525249e-03,-4.870704091328361080e-13,2.041436866428454795e-03,-3.780681928048787985e-10
1.871541095999677612e-03,4.115593797383138107e-13,1.871541096411237070e-03,1.988752023834814992e-10
1.684790558017256563e-03,2.151412370801620341e-12,1.684790560168669075e-03,1.406212136960852264e-09
1.546590109739060101e-03,5.085633114145508807e-12,1.546590114824693187e-03,3.160364994956666131e-09
1.453264047660249129e-03,9.174511160274415749e-12,1.453264056834760324e-03,5.385370457361984094e-09
1.343698926753455168e-03,1.461422528727455141e-11,1.343698941367680580e-03,8.314558205698865922e-09
1.147278975006408783e-03,2.002633666508791428e-11,1.147278995032745275e-03,1.131511059128258962e-08
8.384956175393661884e-04,2.442446743211483991e-11,8.384956419638336282e-04,1.418182995098668793e-08
4.612551200516001046e-04,2.573498342294958872e-11,4.612551457865835306e-04,1.581042642469471045e-08
1.086117275055430929e-04,2.255086699882113061e-11,1.086117500564100826e-04,1.491953971275334605e-08
-1.285744536021135045e-04,1.368418559210771706e-11,-1.285744399179279381e-04,9.762891252050294913e-09
-2.151477358086006594e-04,-2.296276777020171897e-12,-2.151477381048774349e-04,-2.039838915646054202e-09
-1.791503958251073009e-04,-2.495208447812972246e-11,-1.791504207771917804e-04,-2.275885261200195212e-08
-7.656855848669755140e-05,-5.362682376619990905e-11,-7.656861211352131754e-05,-5.476775270969759754e-08
3.194953123391800219e-05,-8.750976482381818435e-11,3.194944372415318003e-05,-9.928538294542745887e-08
3.858696908682150413e-05,-1.376236442211141881e-10,3.858683146317728644e-05,-1.556442821204886942e-07
4.734181974447885323e-05,-1.948866316584746052e-10,4.734162485784719292e-05,-2.197696237945832353e-07
