# InvDyn,Takahashi,Zelik,Frigo,GRF
3.789470364449121914e-02,1.377007965867333393e-02,1.377007965867333393e-02,1.377007965867333393e-02,3.119726914035240717e-01
3.890507076858739505e-02,1.184992721164476910e-02,1.184992721164476910e-02,1.184992721164476910e-02,2.887804018722237021e-01
3.923240214596255410e-02,1.098314841020276746e-02,1.098314841020276746e-02,1.098314841020277266e-02,2.975560308336307469e-01
4.110077352385468202e-02,1.104883784227319622e-02,1.104883784227319622e-02,1.104883784227319449e-02,3.408543263033001480e-01
4.412777509536672943e-02,1.154238345109585839e-02,1.154238345109585839e-02,1.154238345109585666e-02,4.110347642739627938e-01
4.584364794035068746e-02,1.167568274832231530e-02,1.167568274832231530e-02,1.167568274832231530e-02,4.888728436922275544e-01
4.279733995605772279e-02,1.050232573535976079e-02,1.050232573535976079e-02,1.050232573535976079e-02,5.416053448041734386e-01
3.219713140013172326e-02,7.105491367853713873e-03,7.105491367853713873e-03,7.105491367853717342e-03,5.210268160796106551e-01
1.387942805632651558e-02,8.547627698375877877e-04,8.547627698375877877e-04,8.547627698375889803e-04,3.623332138997424900e-01
-8.564922790751139034e-03,-8.259917529560440938e-03,-8.259917529560440938e-03,-8.259917529560440938e-03,-1.384856479287562003e-02
-2.934310866303446036e-02,-1.931495901497914253e-02,-1.931495901497914253e-02,-1.931495901497914600e-02,-6.952831266250174558e-01
-4.396329043929515790e-02,-3.023890896641134862e-02,-3.023890896641134862e-02,-3.023890896641135556e-02,-1.764280442516237057e+00
-5.084339932618945485e-02,-3.783225851452421545e-02,-3.783225851452421545e-02,-3.783225851452420851e-02,-3.274065158737105019e+00
-4.967863908420119823e-02,-3.817493409615332900e-02,-3.817493409615332900e-02,-3.817493409615332900e-02,-5.213417787924939262e+00
-3.952947908758198958e-02,-2.760172264515974028e-02,-2.760172264515974028e-02,-2.760172264515974375e-02,-7.457129086365935855e+00
-1.914543917377581339e-02,-4.413411518848273270e-03,-4.413411518848273270e-03,-4.413411518848277607e-03,-9.705149438024193387e+00
1.043630384273870962e-02,2.878765272439651884e-02,2.878765272439651884e-02,2.878765272439651884e-02,-1.141442179893070730e+01
4.233416333098886930e-02,6.269451865426098336e-02,6.269451865426098336e-02,6.269451865426098336e-02,-1.173425822079169123e+01
6.145275564917486444e-02,8.010326448487277429e-02,8.010326448487277429e-02,8.010326448487276041e-02,-9.463215974422167776e+00
4.575109719864913632e-02,5.782331196669190237e-02,5.782331196669190237e-02,5.782331196669190237e-02,-3.060957588242751548e+00
-2.718877182850691285e-02,-2.654318864155192151e-02,-2.654318864155192151e-02,-2.654318864155190763e-02,9.244721924367540922e+00
-1.688086978675859273e-01,-1.828605406495617813e-01,-1.828605406495617813e-01,-1.828605406495618091e-01,2.921188623482053970e+01
-3.671414787518799128e-01,-3.953718340814364463e-01,-3.953718340814364463e-01,-3.953718340814364463e-01,5.814919213547662480e+01
-5.805759534489597362e-01,-6.167856893062443335e-01,-6.167856893062443335e-01,-6.167856893062443335e-01,9.623384131943141995e+01
-7.470448788108122740e-01,-7.808153166179544469e-01,-7.808153166179544469e-01,-7.808153166179544469e-01,1.417234853155252097e+02
-8.121776223920267324e-01,-8.354466285336611397e-01,-8.354466285336611397e-01,-8.354466285336612508e-01,1.909483816481664746e+02
-7.582623628031017748e-01,-7.711812755040848844e-01,-7.711812755040848844e-01,-7.711812755040846623e-01,2.397669180644915912e+02
-6.059504708260402550e-01,-6.144232950398351711e-01,-6.144232950398351711e-01,-6.144232950398353932e-01,2.852259884502079217e+02
-3.921634333489125712e-01,-4.009826996031048973e-01,-4.009826996031048973e-01,-4.009826996031049529e-01,3.259499295451150260e+02
-1.528318180762038569e-01,-1.629731786253070525e-01,-1.629731786253070525e-01,-1.629731786253069692e-01,3.617764508973835405e+02
7.897056786319457677e-02,6.873966230271021105e-02,6.873966230271021105e-02,6.873966230271018329e-02,3.934795191270835630e+02
2.718210920618795434e-01,2.630136904714271417e-01,2.630136904714271417e-01,2.630136904714271417e-01,4.224986483957274572e+02
4.004280316424690955e-01,3.939135163249459226e-01,3.939135163249459226e-01,3.939135163249459226e-01,4.506190382667140284e+02
4.516453717317931993e-01,4.475560605040258544e-01,4.475560605040258544e-01,4.475560605040260209e-01,4.796878673136915836e+02
4.266732714756930056e-01,4.247151437598758461e-01,4.247151437598758461e-01,4.247151437598760126e-01,5.112893977819929319e+02
3.385757565713934936e-01,3.383191106452610453e-01,3.383191106452610453e-01,3.383191106452611563e-01,5.463609564211359384e+02
2.071114566716488192e-01,2.081555961085060080e-01,2.081555961085060080e-01,2.081555961085059248e-01,5.848971728984329275e+02
5.386688760265249259e-02,5.584202295419508910e-02,5.584202295419508910e-02,5.584202295419502665e-02,6.259032820547624851e+02
-1.008338594433843272e-01,-9.836567903712112315e-02,-9.836567903712112315e-02,-9.836567903712094274e-02,6.676292976964889476e+02
-2.396305925314813345e-01,-2.371897560603765664e-01,-2.371897560603765664e-01,-2.371897560603766220e-01,7.079942828372826398e+02
-3.495669154360955266e-01,-3.476215780866990235e-01,-3.476215780866990235e-01,-3.476215780866989125e-01,7.450473173522921115e+02
-4.240589792190423424e-01,-4.228617498304724220e-01,-4.228617498304724220e-01,-4.228617498304723110e-01,7.773176810492386721e+02
-4.642245300135930952e-01,-4.637786226180298788e-01,-4.637786226180298788e-01,-4.637786226180298788e-01,8.039785306218541336e+02
-4.773924330729075738e-01,-4.775592850697365499e-01,-4.775592850697365499e-01,-4.775592850697364389e-01,8.248041262562783231e+02
-4.730417372756236527e-01,-4.736607107937096384e-01,-4.736607107937096384e-01,-4.736607107937097494e-01,8.399451431144951812e+02
-4.590859943303098878e-01,-4.600118719581791638e-01,-4.600118719581791638e-01,-4.600118719581791638e-01,8.496576507674368486e+02
-4.408209590535922540e-01,-4.419050712944480042e-01,-4.419050712944480042e-01,-4.419050712944480042e-01,8.541678819349649530e+02
-4.217275100301443591e-01,-4.228068606440399391e-01,-4.228068606440399391e-01,-4.228068606440399946e-01,8.536943048217320893e+02
-4.039396710444247418e-01,-4.048523156674675993e-01,-4.048523156674675993e-01,-4.048523156674675438e-01,8.485009753659915077e+02
-3.881415743823652953e-01,-3.887496485423246884e-01,-3.887496485423246884e-01,-3.887496485423245773e-01,8.389136434122104902e+02
-3.739091446990942535e-01,-3.741084236870846902e-01,-3.741084236870846902e-01,-3.741084236870846902e-01,8.253309993376036573e+02
-3.603793927293105770e-01,-3.600959671278475827e-01,-3.600959671278475827e-01,-3.600959671278474716e-01,8.082527844350929627e+02
-3.461617802328458282e-01,-3.453654018685656801e-01,-3.453654018685656801e-01,-3.453654018685657356e-01,7.882914187062688143e+02
-3.285953978397953557e-01,-3.273418777461326590e-01,-3.273418777461326590e-01,-3.273418777461326590e-01,7.661391762256486118e+02
-3.042017285142614713e-01,-3.026601729420834719e-01,-3.026601729420834719e-01,-3.026601729420834164e-01,7.425120064851065536e+02
-2.707796054980833311e-01,-2.692013318853468951e-01,-2.692013318853468951e-01,-2.692013318853468395e-01,7.181054278737914274e+02
-2.290489395323500876e-01,-2.277011041693624838e-01,-2.277011041693624838e-01,-2.277011041693624838e-01,6.935638966738391673e+02
-1.826956495719810336e-01,-1.818023629069124292e-01,-1.818023629069124292e-01,-1.818023629069124292e-01,6.694504673571743751e+02
-1.373786771093770398e-01,-1.370782804173690805e-01,-1.370782804173690805e-01,-1.370782804173690805e-01,6.462257552827381915e+02
-9.887623177533615138e-02,-9.919922584230039808e-02,-9.919922584230039808e-02,-9.919922584230038420e-02,6.242490383580845901e+02
-7.089802441787347587e-02,-7.177656669653895150e-02,-7.177656669653895150e-02,-7.177656669653895150e-02,6.037990979067587887e+02
-5.404142562592984672e-02,-5.533512057392602629e-02,-5.533512057392602629e-02,-5.533512057392599853e-02,5.850976396268202961e+02
-4.628388281350002270e-02,-4.780178664018656931e-02,-4.780178664018656931e-02,-4.780178664018658319e-02,5.683147735480092706e+02
-4.410500429358519409e-02,-4.563561724694475269e-02,-4.563561724694475269e-02,-4.563561724694474575e-02,5.535600950667014786e+02
-4.387830200631284011e-02,-4.523425017631801243e-02,-4.523425017631801243e-02,-4.523425017631801937e-02,5.408761151871981383e+02
-4.329511242123663950e-02,-4.435824187145706587e-02,-4.435824187145706587e-02,-4.435824187145706587e-02,5.302359505095695340e+02
-4.159510794438318892e-02,-4.235223501422984149e-02,-4.235223501422984149e-02,-4.235223501422984149e-02,5.215435490977605468e+02
-3.841880067173135405e-02,-3.894543150561976391e-02,-3.894543150561976391e-02,-3.894543150561975697e-02,5.146417686851776807e+02
-3.304042445380531851e-02,-3.344031918224835837e-02,-3.344031918224835837e-02,-3.344031918224835143e-02,5.093318165681611731e+02
-2.476033300516202601e-02,-2.516302880757629451e-02,-2.516302880757629451e-02,-2.516302880757629104e-02,5.054016323423260246e+02
-1.351627294091462331e-02,-1.410597659551615125e-02,-1.410597659551615125e-02,-1.410597659551614605e-02,5.026553318258219178e+02
9.077771726814904847e-06,-9.623738611914867038e-04,-9.623738611914867038e-04,-9.623738611914882217e-04,5.009347034146371698e+02
1.455989238521152897e-02,1.308159454676612390e-02,1.308159454676612390e-02,1.308159454676612043e-02,5.001285339994552714e+02
2.814687308884525688e-02,2.613573704997687944e-02,2.613573704997687944e-02,2.613573704997688291e-02,5.001721272662842921e+02
3.775372665363149055e-02,3.526850271509230500e-02,3.526850271509230500e-02,3.526850271509230500e-02,5.010445630390581186e+02
3.985181101011171095e-02,3.700052814585123862e-02,3.700052814585123862e-02,3.700052814585123862e-02,5.027692249279950261e+02
3.170526224722730602e-02,2.859264828067009309e-02,2.859264828067009309e-02,2.859264828067010003e-02,5.054157498918406759e+02
1.228091783468903894e-02,8.969085358223797752e-03,8.969085358223797752e-03,8.969085358223797752e-03,5.090978196158083051e+02
-1.809230411899931737e-02,-2.158103332672736685e-02,-2.158103332672736685e-02,-2.158103332672735644e-02,5.139623654084573445e+02
-5.895692610914802373e-02,-6.259802266278663430e-02,-6.259802266278663430e-02,-6.259802266278663430e-02,5.201689915237788000e+02
-1.106081558499005524e-01,-1.143250757125773009e-01,-1.143250757125773009e-01,-1.143250757125773148e-01,5.278625527522029870e+02
-1.735777629753508799e-01,-1.772343365709705409e-01,-1.772343365709705409e-01,-1.772343365709705409e-01,5.371436544849763095e+02
-2.473060852448492886e-01,-2.507531003321383789e-01,-2.507531003321383789e-01,-2.507531003321383234e-01,5.480402131736085494e+02
-3.296281375900311783e-01,-3.327553893763606774e-01,-3.327553893763606774e-01,-3.327553893763608439e-01,5.604856576640897856e+02
-4.173882797143116385e-01,-4.201404607402896008e-01,-4.201404607402896008e-01,-4.201404607402896008e-01,5.743130997073919843e+02
-5.074759152830318198e-01,-5.098310040670410714e-01,-5.098310040670410714e-01,-5.098310040670409604e-01,5.892722905607528219e+02
-5.977012397543710609e-01,-5.996310116680670932e-01,-5.996310116680670932e-01,-5.996310116680668711e-01,6.050715042111322646e+02
-6.865028323605534277e-01,-6.879536925166320760e-01,-6.879536925166320760e-01,-6.879536925166320760e-01,6.214341691821862241e+02
-7.715305220686808907e-01,-7.724463432483210656e-01,-7.724463432483210656e-01,-7.724463432483210656e-01,6.381451557256104934e+02
-8.491310215239634696e-01,-8.494859116549230427e-01,-8.494859116549230427e-01,-8.494859116549232647e-01,6.550693370528204014e+02
-9.155802518193215667e-01,-9.153789444860992441e-01,-9.153789444860992441e-01,-9.153789444860994662e-01,6.721467567508152570e+02
-9.684191980394878385e-01,-9.676661022399782874e-01,-9.676661022399782874e-01,-9.676661022399780654e-01,6.893695473272185836e+02
-1.006303870322279526e+00,-1.004979051321432282e+00,-1.004979051321432282e+00,-1.004979051321432282e+00,7.067367028983634327e+02
-1.027896125282971695e+00,-1.025962220046604978e+00,-1.025962220046604978e+00,-1.025962220046605200e+00,7.241991768066836812e+02
-1.031714103820352557e+00,-1.029135007386802192e+00,-1.029135007386802192e+00,-1.029135007386802414e+00,7.416227142282497198e+02
-1.017103745031684436e+00,-1.013855203984722397e+00,-1.013855203984722397e+00,-1.013855203984722397e+00,7.587776050538035406e+02
-9.845200903258422009e-01,-9.805948284194958564e-01,-9.805948284194958564e-01,-9.805948284194958564e-01,7.753485759098343806e+02
-9.349822654900831198e-01,-9.303894574404950601e-01,-9.303894574404950601e-01,-9.303894574404947271e-01,7.909607883816338472e+02
-8.695493253410024881e-01,-8.643221943308365685e-01,-8.643221943308365685e-01,-8.643221943308366795e-01,8.052110907301060934e+02
-7.885331259890628886e-01,-7.827645869318500260e-01,-7.827645869318500260e-01,-7.827645869318504701e-01,8.176858042598922793e+02
-6.915233291290383555e-01,-6.853857125621259927e-01,-6.853857125621259927e-01,-6.853857125621257707e-01,8.279650090225894701e+02
-5.785902872937130903e-01,-5.722808148964808606e-01,-5.722808148964808606e-01,-5.722808148964808606e-01,8.356331476181256903e+02
-4.498947863951337500e-01,-4.435556671238510273e-01,-4.435556671238510273e-01,-4.435556671238509163e-01,8.403014610031166285e+02
-3.041390641485349211e-01,-2.978395611147042765e-01,-2.978395611147042765e-01,-2.978395611147042765e-01,8.416257509530292964e+02
-1.390520192974975255e-01,-1.328205873467659393e-01,-1.328205873467659393e-01,-1.328205873467664389e-01,8.393101446800159238e+02
4.706507629053202635e-02,5.321018396514413246e-02,5.321018396514413246e-02,5.321018396514440307e-02,8.331020741025797633e+02
2.547221544608708754e-01,2.607436172997468216e-01,2.607436172997468216e-01,2.607436172997470436e-01,8.227803435955114537e+02
4.822650103598110083e-01,4.880790573737369131e-01,4.880790573737369131e-01,4.880790573737369131e-01,8.081356875546240417e+02
7.246554495561117193e-01,7.301262966920735176e-01,7.301262966920735176e-01,7.301262966920737396e-01,7.889500017394950646e+02
9.750525080532729261e-01,9.799989552980419294e-01,9.799989552980419294e-01,9.799989552980419294e-01,7.649860758442948736e+02
1.227925945138089059e+00,1.232142485285490530e+00,1.232142485285490530e+00,1.232142485285490752e+00,7.359999274862112770e+02
1.478497978480302066e+00,1.481837512109767996e+00,1.481837512109767996e+00,1.481837512109767996e+00,7.017828105839664659e+02
1.719052267216474750e+00,1.721583616026705288e+00,1.721583616026705288e+00,1.721583616026704622e+00,6.622283864503400537e+02
1.937387099919108291e+00,1.939580907749030914e+00,1.939580907749030914e+00,1.939580907749031136e+00,6.174014983991521603e+02
2.118961750654976495e+00,2.121879136546481970e+00,2.121879136546481970e+00,2.121879136546481526e+00,5.675833565407029937e+02
2.250473174164014711e+00,2.255965152435315701e+00,2.255965152435315701e+00,2.255965152435316590e+00,5.132945843526356384e+02
2.322608695336457973e+00,2.333491179291504292e+00,2.333491179291504292e+00,2.333491179291504292e+00,4.553209117595535531e+02
2.330857086029928915e+00,2.350965013683327776e+00,2.350965013683327776e+00,2.350965013683328664e+00,3.947534015322064533e+02
2.274327737839247909e+00,2.308264202598417913e+00,2.308264202598417913e+00,2.308264202598417913e+00,3.330162695337877494e+02
2.153672714208051620e+00,2.205870352900725084e+00,2.205870352900725084e+00,2.205870352900724640e+00,2.718429674234875506e+02
1.969882147764441038e+00,2.042551374962478850e+00,2.042551374962478850e+00,2.042551374962478850e+00,2.131839673135961846e+02
1.724615742232445736e+00,1.814980279167779154e+00,1.814980279167779154e+00,1.814980279167778709e+00,1.590556469473208949e+02
1.422139262268995008e+00,1.521013678380325862e+00,1.521013678380325862e+00,1.521013678380325862e+00,1.113307252327220596e+02
1.073867306695033719e+00,1.167763614342055778e+00,1.167763614342055778e+00,1.167763614342055778e+00,7.146767983408358305e+01
7.057225262224720019e-01,7.815812033637448142e-01,7.815812033637448142e-01,7.815812033637447032e-01,4.024789144749254888e+01
3.600491197234349516e-01,4.091827395309704518e-01,4.091827395309704518e-01,4.091827395309703963e-01,1.761812383762654832e+01
8.092426297430350968e-02,1.005990010960145925e-01,1.005990010960145925e-01,1.005990010960146064e-01,2.709720379515048627e+00
-1.067599687075464904e-01,-1.135125335267645336e-01,-1.135125335267645336e-01,-1.135125335267645197e-01,-5.917499423611951137e+00
-2.037646392145736896e-01,-2.299816511440977984e-01,-2.299816511440977984e-01,-2.299816511440977984e-01,-9.902734213416874098e+00
-2.284399961674253854e-01,-2.661196889232196883e-01,-2.661196889232196883e-01,-2.661196889232197438e-01,-1.078006973256109191e+01
-2.057610879578394836e-01,-2.481565433731560688e-01,-2.481565433731560688e-01,-2.481565433731560133e-01,-9.818133398151884350e+00
-1.593133337694036811e-01,-2.017792398608309612e-01,-2.017792398608309612e-01,-2.017792398608309890e-01,-7.967270509127196476e+00
-1.070956459477480360e-01,-1.468806857895961493e-01,-1.468806857895961493e-01,-1.468806857895961770e-01,-5.873238351386048883e+00
-6.039448592497667634e-02,-9.610608356198148405e-02,-9.610608356198148405e-02,-9.610608356198148405e-02,-3.925963828693629587e+00
-2.459921160585776950e-02,-5.571389395298483038e-02,-5.571389395298483038e-02,-5.571389395298483038e-02,-2.321379406755964325e+00
-8.373898297894352043e-04,-2.733590068589004940e-02,-2.733590068589004940e-02,-2.733590068589004940e-02,-1.121875731762457917e+00
1.238594594459931433e-02,-9.794595995262160570e-03,-9.794595995262160570e-03,-9.794595995262158836e-03,-3.075678037342950422e-01
1.783080294310617278e-02,-5.979411739696307475e-04,-5.979411739696307475e-04,-5.979411739696309644e-04,1.842558089607392868e-01
1.848044251742205629e-02,3.013449025843706157e-03,3.013449025843706157e-03,3.013449025843707458e-03,4.316322944608215750e-01
1.685333860907340525e-02,3.444355373331108288e-03,3.444355373331108288e-03,3.444355373331110023e-03,5.105314793446732446e-01
1.470694395612771530e-02,2.468236434498130571e-03,2.468236434498130571e-03,2.468236434498130571e-03,4.856253965487571933e-01
1.305001810720017412e-02,1.196789934322892894e-03,1.196789934322892894e-03,1.196789934322892678e-03,4.066365806549018247e-01
1.227679702717628454e-02,1.941581313611152025e-04,1.941581313611152025e-04,1.941581313611147146e-04,3.083226450624603765e-01
1.234014619772908807e-02,-3.562246505482030722e-04,-3.562246505482030722e-04,-3.562246505482024759e-04,2.125298352499335186e-01
1.297810116440356251e-02,-4.887265505390812111e-04,-4.887265505390812111e-04,-4.887265505390814280e-04,1.309872796076713974e-01
1.389779838747419102e-02,-3.330808274179279313e-04,-3.330808274179279313e-04,-3.330808274179274976e-04,6.828325644072456846e-02
1.482719044153099283e-02,-3.698390590820156411e-05,-3.698390590820156411e-05,-3.698390590820161832e-05,2.442245777687238745e-02
1.551042525013070043e-02,2.763860945697269337e-04,2.763860945697269337e-04,2.763860945697269337e-04,-3.126236498323145020e-03
1.573831664498420713e-02,5.254633457635632821e-04,5.254633457635632821e-04,5.254633457635632821e-04,-1.794575714437985844e-02
1.540866604211649227e-02,6.722503478852945693e-04,6.722503478852945693e-04,6.722503478852943524e-04,-2.373717848498637858e-02
1.457258219320015091e-02,7.128542361943798799e-04,7.128542361943798799e-04,7.128542361943798799e-04,-2.375254695899521942e-02
1.342456634099734904e-02,6.658262143923756021e-04,6.658262143923756021e-04,6.658262143923758189e-04,-2.057165612465076607e-02
1.222014246761803612e-02,5.601523497949951200e-04,5.601523497949951200e-04,5.601523497949950116e-04,-1.604980198818921344e-02
1.118242094647300434e-02,4.258214067029213418e-04,4.258214067029213418e-04,4.258214067029213418e-04,-1.139168195661472913e-02
1.045678078499444157e-02,2.883701066412461592e-04,2.883701066412461592e-04,2.883701066412462134e-04,-7.285858716048082898e-03
1.010567425042731629e-02,1.654720377820002701e-04,1.654720377820002701e-04,1.654720377820003243e-04,-4.034918477044634015e-03
1.013414015492921164e-02,6.721333583132755858e-05,6.721333583132755858e-05,6.721333583132755858e-05,-1.694941667971646684e-03
1.052875245363770092e-02,-3.131881141989161813e-06,-3.131881141989161813e-06,-3.131881141989158425e-06,-1.726286371567025898e-04
1.127614709935010652e-02,-4.708245541743308858e-05,-4.708245541743308858e-05,-4.708245541743308858e-05,6.930942079870427378e-04
1.236879190364577503e-02,-6.889164808609659024e-05,-6.889164808609659024e-05,-6.889164808609659024e-05,1.078511359788436120e-03
1.382165609127228474e-02,-7.420574830131296154e-05,-7.420574830131296154e-05,-7.420574830131294799e-05,1.147430928665086952e-03
1.566887800968498959e-02,-6.848726964915211122e-05,-6.848726964915211122e-05,-6.848726964915212477e-05,1.031082802063372971e-03
1.792634220838772857e-02,-5.665808738125605845e-05,-5.665808738125605845e-05,-5.665808738125604490e-05,8.284515046502389287e-04
2.056246005551701575e-02,-4.250961389861862859e-05,-4.250961389861862859e-05,-4.250961389861862181e-05,6.050890599246978602e-04
2.347504736013869553e-02,-2.869257213566048557e-05,-2.869257213566048557e-05,-2.869257213566048557e-05,4.001025392444822909e-04
2.644999022423648663e-02,-1.687542747876219008e-05,-1.687542747876219008e-05,-1.687542747876219008e-05,2.331896948586466344e-04
2.916327714163275200e-02,-7.749310817523823205e-06,-7.749310817523823205e-06,-7.749310817523823205e-06,1.092992697186035697e-04
3.131270658559450609e-02,-1.475851786845302820e-06,-1.475851786845302820e-06,-1.475851786845303032e-06,2.624498865802433570e-05
3.268579876989749500e-02,2.283162939340252220e-06,2.283162939340252220e-06,2.283162939340252220e-06,-2.330892308389347970e-05
3.290767542370938437e-02,4.048278958223964791e-06,4.048278958223964791e-06,4.048278958223965638e-06,-4.760661767558563762e-05
3.121836860733982061e-02,4.403713227390908766e-06,4.403713227390908766e-06,4.403713227390907072e-06,-5.458044119748021804e-05
2.676437171824115266e-02,3.930891535849595459e-06,3.930891535849595459e-06,3.930891535849597153e-06,-5.121571957028172017e-05
1.930120602284787767e-02,3.056435293000851787e-06,3.056435293000851787e-06,3.056435293000851364e-06,-4.237511859739163906e-05
9.924384007359307244e-03,2.121613680151357388e-06,2.121613680151357388e-06,2.121613680151356965e-06,-3.186451339062416682e-05
1.091677238592887950e-03,1.305016843572821282e-06,1.305016843572821282e-06,1.305016843572821494e-06,-2.174102041929330161e-05
-4.770366859012630835e-03,6.917007373758445130e-07,6.917007373758445130e-07,6.917007373758446188e-07,-1.321014168802360551e-05
-7.101435621334042936e-03,2.939155417767730454e-07,2.939155417767730454e-07,2.939155417767730454e-07,-6.754206438521207660e-06
-7.517473557722742332e-03,6.952098292228525201e-08,6.952098292228525201e-08,6.952098292228529172e-08,-2.226260613082568697e-06
-8.316298822294293167e-03,-2.586184630017022306e-08,-2.586184630017022306e-08,-2.586184630017021975e-08,5.331071467598793027e-07
-1.071568178815191300e-02,-4.679099038442487942e-08,-4.679099038442487942e-08,-4.679099038442486618e-08,2.017955069909433817e-06
-1.429800067748925214e-02,-3.088955396132172022e-08,-3.088955396132172022e-08,-3.088955396132174007e-08,2.557989881027055440e-06
-1.777369768485682899e-02,-4.909618532883555044e-09,-4.909618532883555044e-09,-4.909618532883555044e-09,2.506296062968734586e-06
-1.994658362554864103e-02,1.626153942523687919e-08,1.626153942523687919e-08,1.626153942523688250e-08,2.159640670985374580e-06
-2.003696531656877847e-02,2.728388724361498222e-08,2.728388724361498222e-08,2.728388724361497560e-08,1.655350230940799862e-06
-1.764800671122668252e-02,2.882263709574739949e-08,2.882263709574739949e-08,2.882263709574739949e-08,1.173688346188075995e-06
-1.283159708378385153e-02,2.325266841850867245e-08,2.325266841850867245e-08,2.325266841850867907e-08,7.372638384186578113e-07
-6.100129192106933801e-03,1.488356141762259023e-08,1.488356141762259023e-08,1.488356141762259354e-08,4.003040145523355804e-07
1.689217073594937021e-03,6.747650982931408337e-09,6.747650982931408337e-09,6.747650982931408337e-09,1.642723866962812534e-07
9.148613087009703146e-03,3.633086860272830285e-11,3.633086860272830285e-11,3.633086860272836747e-11,2.700537298130054239e-09
1.384876423837800782e-02,-3.571093533511845882e-09,-3.571093533511845882e-09,-3.571093533511845882e-09,-7.682095605464551930e-08
1.293532752023308571e-02,-5.487832133240409571e-09,-5.487832133240409571e-09,-5.487832133240410399e-09,-1.190596748626122694e-07
6.492843018607272719e-03,-5.507684980330104213e-09,-5.507684980330104213e-09,-5.507684980330105867e-09,-1.214041441707823953e-07
1.888788778349738566e-05,-4.826975400817544367e-09,-4.826975400817544367e-09,-4.826975400817543540e-09,-1.074246166699631125e-07
-5.339978804934897814e-04,-3.975445083475616852e-09,-3.975445083475616852e-09,-3.975445083475616025e-09,-8.757282950458358940e-08
4.064505564375701929e-03,-2.884091721893858059e-09,-2.884091721893858059e-09,-2.884091721893858059e-09,-6.057559665140264410e-08
7.847328794115664488e-03,-2.143588365105459835e-09,-2.143588365105459835e-09,-2.143588365105459835e-09,-4.213236969440669410e-08
7.115122345503727824e-03,-1.259909489879282552e-09,-1.259909489879282552e-09,-1.259909489879282552e-09,-2.256757943554465460e-08
3.372156803705583707e-03,-6.589447956264542350e-10,-6.589447956264542350e-10,-6.589447956264543384e-10,-1.073883428396995726e-08
-8.630993902259720440e-05,-1.872849210094786002e-10,-1.872849210094786002e-10,-1.872849210094786002e-10,-2.537959780857030298e-09
-1.451022324537066871e-03,1.757059180262770100e-10,1.757059180262770100e-10,1.757059180262769842e-10,3.567405593201080392e-09
-8.253316284830195361e-04,2.426137597911995046e-10,2.426137597911995046e-10,2.426137597911994529e-10,4.458049042245342265e-09
6.096855049357761350e-04,3.430932564144365317e-10,3.430932564144365317e-10,3.430932564144364800e-10,6.431880655077964301e-09
1.691358089901171154e-03,2.591421620566653782e-10,2.591421620566653782e-10,2.591421620566653782e-10,5.070122621746839139e-09
1.949490824944058714e-03,2.111890516497532643e-10,2.111890516497532643e-10,2.111890516497532643e-10,4.435446915396175291e-09
1.523923636621748101e-03,1.529871853481650277e-10,1.529871853481650277e-10,1.529871853481650277e-10,3.502735347383743538e-09
7.830263447352663010e-04,7.474543597052940537e-11,7.474543597052940537e-11,7.474543597052939245e-11,1.883851670201580667e-09
4.199385873791098997e-05,6.002801319250602984e-11,6.002801319250602984e-11,6.002801319250602984e-11,1.674949647886251390e-09
-5.444502029550039651e-04,1.238350300937871879e-11,1.238350300937871879e-11,1.238350300937871879e-11,4.057023773918335701e-10
-9.406504952331193933e-04,9.039279485874451093e-12,9.039279485874451093e-12,9.039279485874451093e-12,3.262429031476265408e-10
-1.144296184602605496e-03,-2.093050014488662412e-12,-2.093050014488662412e-12,-2.093050014488662412e-12,-6.926121769987033003e-11
-1.150552199812086797e-03,-8.327156877564191686e-12,-8.327156877564191686e-12,-8.327156877564191686e-12,-3.341133230662126892e-10
-9.663307455949158306e-04,-2.388913582968731885e-12,-2.388913582968731885e-12,-2.388913582968731885e-12,-1.173452233343091312e-10
-6.298932201470427072e-04,-8.206419332230217812e-12,-8.206419332230217812e-12,-8.206419332230217812e-12,-4.179102905515978504e-10
-2.120150047492668660e-04,-1.960651492444927890e-12,-1.960651492444927890e-12,-1.960651492444927890e-12,-1.159249365979025400e-10
1.986972892754472226e-04,-3.463993235661162066e-12,-3.463993235661162066e-12,-3.463993235661162873e-12,-2.191460447394381833e-10
5.198847859968154560e-04,-1.913708981043124420e-12,-1.913708981043124420e-12,-1.913708981043124420e-12,-1.323325907504675264e-10
6.990597983713725148e-04,-2.535795448649963549e-13,-2.535795448649963549e-13,-2.535795448649964558e-13,-2.003411439541357215e-11
7.250914852101126217e-04,-1.324708240597782821e-12,-1.324708240597782821e-12,-1.324708240597782821e-12,-1.126273909991229326e-10
6.253176763702579955e-04,5.363840929973295824e-13,5.363840929973295824e-13,5.363840929973294814e-13,5.228871184504887077e-11
4.551135516240939418e-04,-4.168328266430328463e-13,-4.168328266430328463e-13,-4.168328266430328463e-13,-4.523948286384745000e-11
2.848594605650846506e-04,2.083911599354617134e-13,2.083911599354617134e-13,2.083911599354617134e-13,2.632493776186784603e-11
1.840152109701110293e-04,1.493774395985878351e-13,1.493774395985878351e-13,1.493774395985878099e-13,2.183006496601665055e-11
2.037187297493934309e-04,-7.786140833979755098e-14,-7.786140833979755098e-14,-7.786140833979755098e-14,-1.396753165861181583e-11
3.601713374315028285e-04,2.128196984464784473e-13,2.128196984464784473e-13,2.128196984464785483e-13,4.476383615797531542e-11
6.230400260959195313e-04,-7.651254337627068217e-14,-7.651254337627068217e-14,-7.651254337627066955e-14,-2.073655127743405454e-11
9.253989258761466039e-04,8.536907352760230575e-14,8.536907352760230575e-14,8.536907352760231837e-14,2.543322503670580708e-11
1.199722360236356441e-03,-4.192126706027811947e-15,-4.192126706027811947e-15,-4.192126706027811158e-15,-1.774065584802474165e-12
1.404923006915876705e-03,-3.129801211735515956e-15,-3.129801211735515956e-15,-3.129801211735513984e-15,-3.321860868558819134e-12
1.519798577538276907e-03,3.730379730845832177e-14,3.730379730845832177e-14,3.730379730845832177e-14,1.405032999306400248e-11
1.528997745046890974e-03,-4.256270219147865189e-14,-4.256270219147865189e-14,-4.256270219147864558e-14,-1.509260733534922653e-11
1.427703223968264292e-03,4.265201683373972270e-14,4.265201683373972270e-14,4.265201683373972901e-14,1.262083368373716767e-11
1.236945226407845308e-03,-3.318219596611697204e-14,-3.318219596611697204e-14,-3.318219596611697204e-14,-8.388230703992050471e-12
1.013480061968369218e-03,6.238690724050158103e-15,6.238690724050158103e-15,6.238690724050159681e-15,1.217200209220946823e-12
8.397219982035290364e-04,1.126020108270790630e-14,1.126020108270790630e-14,1.126020108270790788e-14,2.646887744133874361e-12
7.851464839776077943e-04,-3.381033284850825612e-14,-3.381033284850825612e-14,-3.381033284850824980e-14,-6.694819902776562877e-12
8.690726263228864884e-04,3.496413845907997330e-14,3.496413845907997330e-14,3.496413845907997330e-14,6.574566976878630766e-12
1.064854303781169768e-03,-3.277822601584115141e-14,-3.277822601584115141e-14,-3.277822601584115141e-14,-5.849601305598000107e-12
1.329507903122649102e-03,1.757341501557832892e-14,1.757341501557832892e-14,1.757341501557833208e-14,3.030463944779953406e-12
1.622856840966362948e-03,-3.290491257839467082e-15,-3.290491257839467082e-15,-3.290491257839467082e-15,-5.215936470652852530e-13
1.913128683347113754e-03,-1.102135157455075202e-14,-1.102135157455075202e-14,-1.102135157455075360e-14,-1.750910090429755295e-12
2.175468995840450746e-03,1.995796490158109941e-14,1.995796490158109941e-14,1.995796490158109310e-14,2.964318378625918251e-12
2.385754988621290214e-03,-2.253953856416748795e-14,-2.253953856416748795e-14,-2.253953856416749426e-14,-3.089120519112730578e-12
2.519101085534455105e-03,1.965254869834353928e-14,1.965254869834353928e-14,1.965254869834354559e-14,2.450952170244868052e-12
2.556138387759923462e-03,-1.095882792162165447e-14,-1.095882792162165447e-14,-1.095882792162165447e-14,-1.230315964899133610e-12
2.491202819292663746e-03,5.613286352815842366e-16,5.613286352815842366e-16,5.613286352815842366e-16,6.313815195657599765e-14
2.339915907747997133e-03,1.057425508812111641e-14,1.057425508812111641e-14,1.057425508812111325e-14,9.202387514017797369e-13
2.137058583213842511e-03,-1.778786662327698014e-14,-1.778786662327698014e-14,-1.778786662327698014e-14,-1.374297664923651084e-12
1.920894640739296720e-03,2.041493310024733001e-14,2.041493310024733001e-14,2.041493310024732686e-14,1.401386364088026701e-12
1.719624892162168904e-03,-1.682012297984026624e-14,-1.682012297984026624e-14,-1.682012297984026624e-14,-1.030636152486862711e-12
1.545061196062488427e-03,8.889353693211997160e-15,8.889353693211997160e-15,8.889353693211997160e-15,4.905678524580103766e-13
1.385267672401735775e-03,1.195621323475302706e-15,1.195621323475302706e-15,1.195621323475302509e-15,5.570185178373230581e-14
1.205777796113332483e-03,-1.024180331302237333e-14,-1.024180331302237333e-14,-1.024180331302237333e-14,-4.589988745911364169e-13
9.678894497473423302e-04,1.560776237800518355e-14,1.560776237800518355e-14,1.560776237800518355e-14,6.441599932764263262e-13
6.497144712977925883e-04,-1.625992704008393999e-14,-1.625992704008393999e-14,-1.625992704008393999e-14,-6.213562211331716938e-13
2.534826056644695017e-04,1.226570592098928149e-14,1.226570592098928149e-14,1.226570592098928149e-14,4.370101597768112260e-13
-2.043552740763169304e-04,-5.507423724571177562e-15,-5.507423724571177562e-15,-5.507423724571177562e-15,-1.854508882113877363e-13
-7.099965341415386813e-04,-1.997263475155392781e-15,-1.997263475155392781e-15,-1.997263475155393176e-15,-5.837423994781252354e-14
-1.257230883216021175e-03,7.917513736897656640e-15,7.917513736897656640e-15,7.917513736897658218e-15,2.273988721238469934e-13
-1.833801444730536606e-03,-1.096037958252014011e-14,-1.096037958252014011e-14,-1.096037958252014011e-14,-2.984826964491320375e-13
-2.407776981389227623e-03,1.060628739209538920e-14,1.060628739209538920e-14,1.060628739209538762e-14,2.739427626651985517e-13
-2.939247129111369899e-03,-7.461449338283288694e-15,-7.461449338283288694e-15,-7.461449338283290272e-15,-1.838208292199519538e-13
-3.415739997991901894e-03,2.776012888159911525e-15,2.776012888159911525e-15,2.776012888159911919e-15,6.675780777627319191e-14
-3.871944019139846819e-03,1.936332315713686433e-15,1.936332315713686433e-15,1.936332315713687221e-15,4.033001472262501424e-14
-4.353443468216494465e-03,-5.366209130174577523e-15,-5.366209130174577523e-15,-5.366209130174577523e-15,-1.114601276187154676e-13
-4.854956131411928763e-03,6.801346729434486685e-15,6.801346729434486685e-15,6.801346729434485107e-15,1.368789662648592691e-13
-5.313626293787998382e-03,-6.166932442439681486e-15,-6.166932442439681486e-15,-6.166932442439680697e-15,-1.203019477349095961e-13
-5.663924609857069227e-03,4.018215728558772448e-15,4.018215728558772448e-15,4.018215728558771659e-15,7.629504309270782026e-14
-5.884849883687036029e-03,-1.200352530498348291e-15,-1.200352530498348291e-15,-1.200352530498348488e-15,-2.256924647657404208e-14
-6.007226101104869327e-03,-1.394914276617127424e-15,-1.394914276617127424e-15,-1.394914276617127424e-15,-2.433927921875366357e-14
-6.087011880134798186e-03,3.126828286692853971e-15,3.126828286692853971e-15,3.126828286692853971e-15,5.387796062415132474e-14
-6.146848626333713088e-03,-3.702852798745376780e-15,-3.702852798745376780e-15,-3.702852798745376780e-15,-6.234002617071883778e-14
-6.125644331055792556e-03,3.199937554248377406e-15,3.199937554248377406e-15,3.199937554248378983e-15,5.250016246132730844e-14
-5.911661840430835514e-03,-1.960023861359524799e-15,-1.960023861359524799e-15,-1.960023861359525193e-15,-3.124041185070614529e-14
-5.421711096479336738e-03,4.465393812896427922e-16,4.465393812896427922e-16,4.465393812896427922e-16,6.801601868542434703e-15
-4.597923980597952952e-03,8.977207410516775936e-16,8.977207410516775936e-16,8.977207410516773964e-16,1.365367971601754999e-14
-3.405626085591386982e-03,-1.762451241553237389e-15,-1.762451241553237389e-15,-1.762451241553237389e-15,-2.572889669453615476e-14
-1.985658336750506341e-03,2.013879072640732852e-15,2.013879072640732852e-15,2.013879072640732458e-15,2.821969176078514745e-14
-7.958566348846034992e-04,-1.697122981284995556e-15,-1.697122981284995556e-15,-1.697122981284995951e-15,-2.274438647655581300e-14
-5.697048335232114766e-04,9.892460367964322891e-16,9.892460367964322891e-16,9.892460367964324863e-16,1.260154213057236243e-14
-2.231795812239354727e-03,-1.385570906533835689e-16,-1.385570906533835689e-16,-1.385570906533835935e-16,-1.551179390967958565e-15
-6.888936773424577005e-03,-6.091331006152667715e-16,-6.091331006152667715e-16,-6.091331006152666729e-16,-7.304769804983399021e-15
-1.575223028097387165e-02,1.071739008152193828e-15,1.071739008152193828e-15,1.071739008152194025e-15,1.216344617148037477e-14
-2.967818062479691057e-02,-1.171527590101481599e-15,-1.171527590101481599e-15,-1.171527590101481401e-15,-1.269476447938515037e-14
-4.823973188712515209e-02,9.420819306708019188e-16,9.420819306708019188e-16,9.420819306708017215e-16,9.778905721486944589e-15
-6.868511165158133758e-02,-5.031260808654192336e-16,-5.031260808654192336e-16,-5.031260808654193322e-16,-4.989796332863555438e-15
-8.559569766090054099e-02,1.431162876967691926e-17,1.431162876967691926e-17,1.431162876967691926e-17,2.277051401622742041e-17
-9.241000462334829357e-02,3.775264944495573478e-16,3.775264944495573478e-16,3.775264944495573478e-16,3.781178560526226138e-15
-8.485197892824840327e-02,-5.805496102800430654e-16,-5.805496102800430654e-16,-5.805496102800431640e-16,-5.699627767654454126e-15
-6.391209008767122224e-02,5.782688655505089832e-16,5.782688655505089832e-16,5.782688655505089832e-16,5.674930696574016502e-15
-3.568842476653451279e-02,-4.210102416786732456e-16,-4.210102416786732456e-16,-4.210102416786732456e-16,-4.170686219788587471e-15
-8.077153971031326637e-03,1.956318294238997143e-16,1.956318294238997143e-16,1.956318294238997143e-16,1.929138234425317146e-15
1.306938531710963823e-02,1.221545282677258172e-17,1.221545282677258172e-17,1.221545282677257093e-17,2.895823731226008084e-16
2.574440836978096267e-02,-1.468036080895323012e-16,-1.468036080895323012e-16,-1.468036080895323259e-16,-1.910138958843949688e-15
3.109393268493525209e-02,1.928592783279069306e-16,1.928592783279069306e-16,1.928592783279069553e-16,2.649225705235967074e-15
3.158554698570460728e-02,-1.683437492805008045e-16,-1.683437492805008045e-16,-1.683437492805007798e-16,-2.520977471777020277e-15
2.948708648439689675e-02,1.075733813121422203e-16,1.075733813121422203e-16,1.075733813121422203e-16,1.763120392126805358e-15
2.624774780383265851e-02,-4.418683343025727068e-17,-4.418683343025727068e-17,-4.418683343025726451e-17,-7.222740853880744566e-16
2.257615119437854714e-02,1.273424164659253479e-20,1.273424164659253479e-20,1.273424164659396570e-20,-2.625637399289175067e-16
1.877542599645090973e-02,1.841497482076553696e-17,1.841497482076553696e-17,1.841497482076553387e-17,9.468039285263557687e-16
1.504846077228882105e-02,-1.697576825424950195e-17,-1.697576825424950195e-17,-1.697576825424950195e-17,-1.222160979754007083e-15
1.163977306853596766e-02,7.429869950130675728e-18,7.429869950130675728e-18,7.429869950130675728e-18,1.112824195719912727e-15
8.832427664508738299e-03,-5.892122532964126428e-19,-5.892122532964126428e-19,-5.892122532964099465e-19,-7.379871050834225493e-16
6.898189653669378925e-03,1.894291367923760310e-18,1.894291367923760310e-18,1.894291367923759925e-18,2.582572151757322644e-16
6.030248698841641879e-03,-1.050348233641906139e-17,-1.050348233641906139e-17,-1.050348233641905985e-17,1.761163851250593522e-16
6.243813797705779871e-03,2.130666964485883877e-17,2.130666964485883877e-17,2.130666964485883261e-17,-4.621282010344370580e-16
7.312101894180844490e-03,-2.825540544781949609e-17,-2.825540544781949609e-17,-2.825540544781947760e-17,5.598562616301458308e-16
8.832335609195461623e-03,2.732571685133848941e-17,2.732571685133848941e-17,2.732571685133847708e-17,-4.880507529643590030e-16
1.036948556900459638e-02,-1.803970575677133192e-17,-1.803970575677133192e-17,-1.803970575677132884e-17,3.054208949192876743e-16
1.156864508240084029e-02,3.280684429438541807e-18,3.280684429438541807e-18,3.280684429438539110e-18,-8.585484747736040163e-17
1.224982786955740831e-02,1.215670889844732530e-17,1.215670889844732530e-17,1.215670889844732530e-17,-1.044860992813621712e-16
1.247228507516427373e-02,-2.348618904471504414e-17,-2.348618904471504414e-17,-2.348618904471504414e-17,2.226679581437980625e-16
1.245689865162061608e-02,2.756963767328376664e-17,2.756963767328376664e-17,2.756963767328376048e-17,-2.547492354351727396e-16
1.241008205300858126e-02,-2.378742506996626653e-17,-2.378742506996626653e-17,-2.378742506996626653e-17,2.126053012823819271e-16
1.242875591762684917e-02,1.397263486520298814e-17,1.397263486520298814e-17,1.397263486520298814e-17,-1.247413645607002064e-16
1.249665589771938555e-02,-1.562691711318002091e-18,-1.562691711318002091e-18,-1.562691711318003440e-18,2.491707350536590384e-17
1.249978268848623425e-02,-9.651855098719302314e-18,-9.651855098719302314e-18,-9.651855098719303854e-18,5.792588902306956390e-17
1.231751357833096340e-02,1.671926078169913401e-17,1.671926078169913401e-17,1.671926078169914017e-17,-1.061043099101904554e-16
1.195536286274390472e-02,-1.828452521513435601e-17,-1.828452521513435601e-17,-1.828452521513435293e-17,1.151703755824333488e-16
1.154474717682290805e-02,1.474833824851299926e-17,1.474833824851299926e-17,1.474833824851299618e-17,-9.195998828115414998e-17
1.123082984343959194e-02,-7.877201037145079052e-18,-7.877201037145079052e-18,-7.877201037145077511e-18,5.014673954344924749e-17
1.111155604965240358e-02,7.370637131605348954e-20,7.370637131605348954e-20,7.370637131605351362e-20,-5.053742028858119486e-18
1.125899084763612445e-02,6.410006839751919139e-18,6.410006839751919139e-18,6.410006839751916828e-18,-3.074529993970746195e-17
1.175009740981987523e-02,-1.007089051293683515e-17,-1.007089051293683515e-17,-1.007089051293683669e-17,5.006928717503049859e-17
1.265983474606495809e-02,1.043250889901057618e-17,1.043250889901057618e-17,1.043250889901057310e-17,-5.173972587412052724e-17
1.404370200534113197e-02,-7.986074001402924212e-18,-7.986074001402924212e-18,-7.986074001402924212e-18,3.947572179007950191e-17
1.594809591229884652e-02,3.881400159148984458e-18,3.881400159148984458e-18,3.881400159148984458e-18,-1.976768928798582757e-17
1.843154888284163906e-02,4.959466702132045198e-19,4.959466702132045198e-19,4.959466702132046161e-19,-4.738166160206516033e-19
2.152917650303534658e-02,-3.931729964871214647e-18,-3.931729964871214647e-18,-3.931729964871214647e-18,1.582575488120942661e-17
2.514876568865254819e-02,5.677322405234955679e-18,5.677322405234955679e-18,5.677322405234954908e-18,-2.342126308592931021e-17
2.902011636237268252e-02,-5.576934465454489884e-18,-5.576934465454489884e-18,-5.576934465454489113e-18,2.309897370252312925e-17
3.276321124248943173e-02,4.015033732342081168e-18,4.015033732342081168e-18,4.015033732342081168e-18,-1.680687793080302061e-17
3.599755270203273266e-02,-1.717127106352196164e-18,-1.717127106352196164e-18,-1.717127106352196164e-18,7.597944759484287796e-18
3.834643604252961635e-02,-5.245393564569364920e-19,-5.245393564569364920e-19,-5.245393564569364920e-19,1.431833067329703150e-18
3.926397245675276870e-02,2.098523288914383902e-18,2.098523288914383902e-18,2.098523288914384287e-18,-7.960420491203303844e-18
3.803532810539601156e-02,-2.720391662757322528e-18,-2.720391662757322528e-18,-2.720391662757322143e-18,1.086897338829644488e-17
3.426043090393162543e-02,2.447789193764166076e-18,2.447789193764166076e-18,2.447789193764166461e-18,-1.024797445015567947e-17
2.822263459623472470e-02,-1.590190827451839043e-18,-1.590190827451839043e-18,-1.590190827451839428e-18,7.090812337251632089e-18
2.068462571270816147e-02,5.568702857287157224e-19,5.568702857287157224e-19,5.568702857287157224e-19,-2.822289286760431546e-18
1.275138267191319730e-02,2.983865453364252987e-19,2.983865453364252987e-19,2.983865453364252987e-19,-1.182178059298241016e-18
5.917232978291294895e-03,-7.752407251242992859e-19,-7.752407251242992859e-19,-7.752407251242991896e-19,3.930595511516039156e-18
1.548819714020597312e-03,8.578232791200247299e-19,8.578232791200247299e-19,8.578232791200247299e-19,-5.008981126269575572e-18
-3.348658121187327768e-05,-6.589942088381174738e-19,-6.589942088381174738e-19,-6.589942088381174738e-19,4.514743582779928643e-18
1.171538901113622296e-04,3.521696009361859598e-19,3.521696009361859598e-19,3.521696009361859598e-19,-2.964885370859163883e-18
1.890620456329161335e-04,-8.092825973855215739e-20,-8.092825973855215739e-20,-8.092825973855216942e-20,9.934355514455947965e-19
-1.335942935771510746e-03,-7.110249503081981887e-20,-7.110249503081981887e-20,-7.110249503081981887e-20,7.642084327930266071e-19
-4.884253278250098168e-03,1.002735198857111722e-19,1.002735198857111722e-19,1.002735198857111482e-19,-1.913752855562229508e-18
-9.608875550723318740e-03,-5.240331640280742444e-20,-5.240331640280742444e-20,-5.240331640280742444e-20,2.294558542948468432e-18
-1.371780943356876344e-02,-9.469559786095579648e-21,-9.469559786095579648e-21,-9.469559786095579648e-21,-1.967745713754706747e-18
-1.509989053511586604e-02,3.805252673788044297e-20,3.805252673788044297e-20,3.805252673788044297e-20,1.242610946795833093e-18
-1.212476516840165636e-02,-1.767470837983037879e-20,-1.767470837983037879e-20,-1.767470837983037578e-20,-2.926236164168148194e-19
-4.402570636195904732e-03,-2.625445715494184716e-20,-2.625445715494184716e-20,-2.625445715494184716e-20,-4.016250463853751847e-19
6.663366530183584095e-03,8.146634069118667342e-20,8.146634069118667342e-20,8.146634069118666139e-20,9.788236708659060374e-19
1.760449716258940742e-02,-9.265022580248074232e-20,-9.265022580248074232e-20,-9.265022580248074232e-20,-9.717744101461042073e-19
2.344953570692630274e-02,9.564335492173358009e-20,9.564335492173358009e-20,9.564335492173359212e-20,9.311056169417027949e-19
2.043532867231600061e-02,-4.768661184376758288e-20,-4.768661184376758288e-20,-4.768661184376757084e-20,-4.418858805544224957e-19
1.046871938779620793e-02,1.196629845346148642e-20,1.196629845346148642e-20,1.196629845346148341e-20,1.062566719594943075e-19
1.234090150085896806e-03,2.050989156800082032e-20,2.050989156800082032e-20,2.050989156800081130e-20,1.857094025918589882e-19
-1.411571923403771769e-03,-7.012124983408543843e-20,-7.012124983408543843e-20,-7.012124983408543843e-20,-6.194588260936424882e-19
1.560271298666262739e-03,1.449299588387316917e-20,1.449299588387316917e-20,1.449299588387316616e-20,1.107777940795489423e-19
6.078641145147574594e-03,-1.165362050467758218e-19,-1.165362050467758218e-19,-1.165362050467758459e-19,-9.639112992534545115e-19
9.409977383622434091e-03,-8.065566118141753048e-20,-8.065566118141753048e-20,-8.065566118141751844e-20,-6.701586714617395682e-19
1.063652767733184838e-02,-1.469466731087319236e-19,-1.469466731087319236e-19,-1.469466731087318755e-19,-1.175371313786098812e-18
9.783463088173483327e-03,-1.905448386508748092e-19,-1.905448386508748092e-19,-1.905448386508748574e-19,-1.532477690850198225e-18
7.495350703248980333e-03,-1.564623233415326909e-19,-1.564623233415326909e-19,-1.564623233415327631e-19,-1.296224031830843670e-18
4.847024139761070029e-03,-1.792040807009456587e-19,-1.792040807009456587e-19,-1.792040807009456828e-19,-1.527765709621830657e-18
2.840737606529300605e-03,-5.523769993188312028e-20,-5.523769993188312028e-20,-5.523769993188312028e-20,-5.025750430051892425e-19
1.866684835555249737e-03,6.284446084203260341e-20,6.284446084203260341e-20,6.284446084203260341e-20,6.040171762054753315e-19
1.682283623538527364e-03,2.869028588163025201e-19,2.869028588163025201e-19,2.869028588163025201e-19,2.942204011736184134e-18
1.858509961635412301e-03,5.757378402371360517e-19,5.757378402371360517e-19,5.757378402371360517e-19,6.389811511150439747e-18
2.117249520715178742e-03,8.904665533398906995e-19,8.904665533398906995e-19,8.904665533398903143e-19,1.079624950784417332e-17
2.356535195790337815e-03,1.244087196553836328e-18,1.244087196553836328e-18,1.244087196553836521e-18,1.660139238750667531e-17
2.551390586367676371e-03,1.529997858271585533e-18,1.529997858271585533e-18,1.529997858271585726e-18,2.258058241233444682e-17
2.694602851480818947e-03,1.729357661352184333e-18,1.729357661352184333e-18,1.729357661352183948e-18,2.828147512302724001e-17
2.792561230811506021e-03,1.740915059075567310e-18,1.740915059075567310e-18,1.740915059075567695e-18,3.152824501751849865e-17
2.860300045467794542e-03,1.488021068409330001e-18,1.488021068409330001e-18,1.488021068409330001e-18,2.974738142146679367e-17
2.905804704861926317e-03,8.870339127850033177e-19,8.870339127850033177e-19,8.870339127850031251e-19,1.945150451167611534e-17
2.929554755172578996e-03,-1.717614690255158887e-19,-1.717614690255158887e-19,-1.717614690255159128e-19,-4.096728546404449125e-18
2.933346856939657125e-03,-1.780480749155306040e-18,-1.780480749155306040e-18,-1.780480749155306425e-18,-4.544592048467239816e-17
2.914240403944800151e-03,-4.067565234396167441e-18,-4.067565234396167441e-18,-4.067565234396167441e-18,-1.093131468990819717e-16
2.863421600424434239e-03,-7.128371548070398472e-18,-7.128371548070398472e-18,-7.128371548070398472e-18,-1.981414390570726501e-16
2.784599618937183638e-03,-1.117892611860541227e-17,-1.117892611860541227e-17,-1.117892611860540919e-17,-3.105904109106073463e-16
2.706546631023083824e-03,-1.579065651752324840e-17,-1.579065651752324840e-17,-1.579065651752324840e-17,-4.385238122986142911e-16
