# InvDyn,Takahashi,Zelik,Frigo,GRF
1.257753644098056700e-03,-2.955721448438407377e-20,-2.955721448438407377e-20,-2.955721448438407979e-20,1.169575548763622267e-18
1.089260780480612962e-03,-2.023320421175061458e-20,-2.023320421175061458e-20,-2.023320421175061157e-20,8.000811821561304842e-19
9.225223275407305962e-04,-1.243653752133344761e-20,-1.243653752133344761e-20,-1.243653752133345062e-20,4.883041839605571587e-19
8.085399071773853412e-04,-6.456639803979674632e-21,-6.456639803979674632e-21,-6.456639803979674632e-21,2.501836444141603671e-19
7.592519762457806791e-04,-2.227679277135876660e-21,-2.227679277135876660e-21,-2.227679277135876284e-21,8.481920944201284309e-20
7.393725049616050498e-04,4.911730095670159155e-22,4.911730095670159155e-22,4.911730095670159155e-22,-1.795049775027717001e-20
6.910177840955771368e-04,2.020513770920161195e-21,2.020513770920161195e-21,2.020513770920161947e-21,-7.258857502873879155e-20
5.975246614864422210e-04,2.656480191081698540e-21,2.656480191081698540e-21,2.656480191081698916e-21,-9.284448784090116593e-20
4.992074300677570072e-04,2.697176242210516004e-21,2.697176242210516004e-21,2.697176242210516004e-21,-9.178033764863602964e-20
4.238057320553774974e-04,2.372445210742931724e-21,2.372445210742931724e-21,2.372445210742932477e-21,-7.877557815150664376e-20
3.409397286905926851e-04,1.877710937379061431e-21,1.877710937379061431e-21,1.877710937379061431e-21,-6.092362751096836907e-20
2.075921572159871234e-04,1.361115992221994770e-21,1.361115992221994770e-21,1.361115992221994394e-21,-4.313834660973407125e-20
2.675101887429770904e-05,8.757754615135727255e-22,8.757754615135727255e-22,8.757754615135727255e-22,-2.707122597859784696e-20
-1.695083090364746508e-04,4.998827536597572880e-22,4.998827536597572880e-22,4.998827536597572880e-22,-1.504281452140104836e-20
-3.714161121917091118e-04,2.039775807834267855e-22,2.039775807834267855e-22,2.039775807834267855e-22,-5.959949914168880193e-21
-5.823942376630473041e-04,1.069511817161142815e-23,1.069511817161142815e-23,1.069511817161142815e-23,-2.867965064891816169e-22
-7.793352242361035673e-04,-9.561287621063072277e-23,-9.561287621063072277e-23,-9.561287621063071101e-23,2.656754463591046133e-21
-9.298186719522309523e-04,-1.697732676164222620e-22,-1.697732676164222620e-22,-1.697732676164223326e-22,4.587442677481495134e-21
-1.034288222141589372e-03,-1.542874162889752562e-22,-1.542874162889752562e-22,-1.542874162889752327e-22,4.050215368528440201e-21
-1.118633474886342660e-03,-1.675917215087565763e-22,-1.675917215087565763e-22,-1.675917215087565998e-22,4.292081377325523601e-21
-1.200836536112602276e-03,-1.208113902070478490e-22,-1.208113902070478490e-22,-1.208113902070478490e-22,3.014823509028517469e-21
-1.286505215574745191e-03,-8.776668536817087852e-23,-8.776668536817087852e-23,-8.776668536817090203e-23,2.127535547822145499e-21
-1.387017617914339208e-03,-8.414250125721577409e-23,-8.414250125721577409e-23,-8.414250125721577409e-23,2.001907794843887407e-21
-1.520130384004015614e-03,-4.488499558201563150e-24,-4.488499558201563150e-24,-4.488499558201563885e-24,9.069691406059090151e-23
-1.692464073449176506e-03,-5.563305169190698191e-23,-5.563305169190698191e-23,-5.563305169190698191e-23,1.261344653297295744e-21
-1.909993990718423336e-03,2.735368406570968837e-23,2.735368406570968837e-23,2.735368406570969424e-23,-6.066177907242538683e-22
-2.206464371884100332e-03,-6.003597421859187570e-24,-6.003597421859187570e-24,-6.003597421859186835e-24,1.231415043409097614e-22
-2.615198533561142753e-03,-1.232277097450928366e-23,-1.232277097450928366e-23,-1.232277097450928660e-23,2.733618723570939591e-22
-3.102245515999714313e-03,6.764553818733292222e-23,6.764553818733292222e-23,6.764553818733293397e-23,-1.414059713109956043e-21
-3.573097813679990478e-03,-7.622545495949015070e-23,-7.622545495949015070e-23,-7.622545495949015070e-23,1.560267269648043678e-21
-3.958165445280277528e-03,1.026472546107913775e-22,1.026472546107913775e-22,1.026472546107913775e-22,-2.044197126847791998e-21
-4.261992958585438494e-03,-6.600072610103945474e-23,-6.600072610103945474e-23,-6.600072610103946649e-23,1.280953210154456228e-21
-4.539005611673033007e-03,2.041987001229611847e-23,2.041987001229611847e-23,2.041987001229611553e-23,-3.750006020400676824e-22
-4.866187473046680069e-03,6.911659931017002871e-23,6.911659931017002871e-23,6.911659931017004046e-23,-1.306178654293196436e-21
-5.306141904391570643e-03,-1.541304556745912569e-22,-1.541304556745912569e-22,-1.541304556745912569e-22,2.829603179610799237e-21
-5.831764313606986432e-03,2.220778503177930700e-22,2.220778503177930700e-22,2.220778503177930700e-22,-3.974021400664471804e-21
-6.338846565102166861e-03,-2.331124485254820047e-22,-2.331124485254820047e-22,-2.331124485254819577e-22,4.065893286599209658e-21
-6.766074240758947027e-03,1.647729756444604155e-22,1.647729756444604155e-22,1.647729756444604390e-22,-2.790915143664626477e-21
-7.105487162434151807e-03,-1.379020531265211230e-23,-1.379020531265211230e-23,-1.379020531265211230e-23,1.973980881187377545e-22
-7.293763995826534931e-03,-2.016176857449010634e-22,-2.016176857449010634e-22,-2.016176857449010634e-22,3.302249573427008580e-21
-7.241445087196277108e-03,4.244271233042996804e-22,4.244271233042996804e-22,4.244271233042995863e-22,-6.708833987841360288e-21
-6.990403689975870777e-03,-5.828152131642598403e-22,-5.828152131642598403e-22,-5.828152131642597463e-22,8.903118842361396927e-21
-6.709511833067091473e-03,5.901526158151949278e-22,5.901526158151949278e-22,5.901526158151949278e-22,-8.697901532648209855e-21
-6.517142346592182979e-03,-3.873780752006449804e-22,-3.873780752006449804e-22,-3.873780752006449804e-22,5.471802147878431977e-21
-6.395921127280576428e-03,-3.646090604505995239e-23,-3.646090604505995239e-23,-3.646090604505995239e-23,6.334590028184442307e-22
-6.287179621111959119e-03,6.102937646526421240e-22,6.102937646526421240e-22,6.102937646526421240e-22,-8.394844947600563401e-21
-6.237286614566566779e-03,-1.180752584141505239e-21,-1.180752584141505239e-21,-1.180752584141505239e-21,1.567567952327210978e-20
-6.453617204459713083e-03,1.536448211630527809e-21,1.536448211630527809e-21,1.536448211630527621e-21,-1.983223663575492681e-20
-7.246379230414569210e-03,-1.469631303055484520e-21,-1.469631303055484520e-21,-1.469631303055484709e-21,1.847888582379318696e-20
-8.933773494488594924e-03,8.568414789542572210e-22,8.568414789542572210e-22,8.568414789542574091e-22,-1.038509467525932626e-20
-1.173615581982701515e-02,2.675017076942351234e-22,2.675017076942351234e-22,2.675017076942352174e-22,-3.757952784538916674e-21
-1.566761361160928095e-02,-1.672655146026283419e-21,-1.672655146026283419e-21,-1.672655146026283043e-21,2.096805918798719667e-20
-2.051543999783997721e-02,2.953808954427255699e-21,2.953808954427255699e-21,2.953808954427255699e-21,-3.630169437413296119e-20
-2.598453069318805084e-02,-3.617653039197306183e-21,-3.617653039197306183e-21,-3.617653039197305431e-21,4.392970660460096313e-20
-3.185852078883907867e-02,3.231153240890003248e-21,3.231153240890003248e-21,3.231153240890003248e-21,-3.886982937193153380e-20
-3.795220858309387990e-02,-1.604748444543708413e-21,-1.604748444543708413e-21,-1.604748444543708413e-21,1.894590267366962299e-20
-4.392810703548938323e-02,-1.050684915766392644e-21,-1.050684915766392644e-21,-1.050684915766392644e-21,1.359855087168517962e-20
-4.907672680128993825e-02,4.076490622013430288e-21,4.076490622013430288e-21,4.076490622013430288e-21,-5.150986291429633860e-20
-5.210375898943695600e-02,-6.487657349514728486e-21,-6.487657349514728486e-21,-6.487657349514726981e-21,8.346328956255654187e-20
-5.116334220713335268e-02,7.269327462392309522e-21,7.269327462392309522e-21,7.269327462392309522e-21,-9.668609138503037937e-20
-4.405413845590694377e-02,-5.775275003631774983e-21,-5.775275003631774983e-21,-5.775275003631774983e-21,8.088425381755312888e-20
-2.905069038563306075e-02,2.080733326015017375e-21,2.080733326015017375e-21,2.080733326015017751e-21,-3.252888451893237338e-20
-7.497748558422397125e-03,2.872047471739708094e-21,2.872047471739708094e-21,2.872047471739707718e-21,-4.185187640213568471e-20
1.485152900885479584e-02,-7.459931422101003384e-21,-7.459931422101003384e-21,-7.459931422101003384e-21,1.248111695849506720e-19
3.197852046014745125e-02,9.932740486179775600e-21,9.932740486179775600e-21,9.932740486179774096e-21,-1.905928288370989534e-19
4.205069290913050067e-02,-9.204745046308633838e-21,-9.204745046308633838e-21,-9.204745046308635342e-21,2.113895676460546507e-19
4.618450618262776725e-02,5.548465783099401346e-21,5.548465783099401346e-21,5.548465783099401346e-21,-1.662298040042369257e-19
4.567168873203839019e-02,-7.376104562917548767e-22,-7.376104562917548767e-22,-7.376104562917545006e-22,5.026155820962697160e-20
4.162018176360094551e-02,-2.645008707695927049e-21,-2.645008707695927049e-21,-2.645008707695926297e-21,1.186228789900261914e-19
3.547814402985705051e-02,2.555204269665557721e-21,2.555204269665557721e-21,2.555204269665557345e-21,-2.989077692532967780e-19
2.882613471983402550e-02,1.163981142151167397e-21,1.163981142151167397e-21,1.163981142151167021e-21,4.323905498895505538e-19
2.278049601335082816e-02,-6.213648545689971439e-21,-6.213648545689971439e-21,-6.213648545689969935e-21,-4.589666123646122190e-19
1.774211844459081672e-02,8.477028420552297981e-21,8.477028420552297981e-21,8.477028420552299485e-21,3.366179246988087817e-19
1.360304928806564673e-02,-3.744068280271635701e-21,-3.744068280271635701e-21,-3.744068280271635701e-21,-6.136579647641823575e-20
1.018279323986610342e-02,-1.002446185455469795e-20,-1.002446185455469795e-20,-1.002446185455469644e-20,-3.196533918643841404e-19
7.490355135831388428e-03,3.070200282000463785e-20,3.070200282000463785e-20,3.070200282000463785e-20,7.085830501406909750e-19
5.587086401427026824e-03,-5.120707536456826561e-20,-5.120707536456826561e-20,-5.120707536456825358e-20,-9.747248668406582486e-19
4.410842591590189050e-03,6.071878967812508809e-20,6.071878967812508809e-20,6.071878967812508809e-20,9.891647955841833222e-19
3.768711747357397866e-03,-4.814966127319233793e-20,-4.814966127319233793e-20,-4.814966127319233793e-20,-6.694509885320380338e-19
3.468943944946355912e-03,7.245239001167020188e-21,7.245239001167020188e-21,7.245239001167020188e-21,2.212537393987397835e-20
3.487414511936849561e-03,5.836548653005981505e-20,5.836548653005981505e-20,5.836548653005981505e-20,8.321110174604804997e-19
3.889598079218680848e-03,-1.325958940535866656e-19,-1.325958940535866656e-19,-1.325958940535866656e-19,-1.664561059452679459e-18
4.657182621677336508e-03,1.888385766585876727e-19,1.888385766585876727e-19,1.888385766585876968e-19,2.183560443809230976e-18
5.646780561499975537e-03,-1.968797443094000527e-19,-1.968797443094000527e-19,-1.968797443093999564e-19,-2.114927024162466058e-18
6.616830149174328032e-03,1.335160507183678542e-19,1.335160507183678542e-19,1.335160507183678783e-19,1.301199375288643911e-18
7.261649361168576178e-03,5.914249249003531473e-21,5.914249249003531473e-21,5.914249249003529969e-21,2.085197821019003570e-19
7.334601219407115361e-03,-1.990086869625479252e-19,-1.990086869625479252e-19,-1.990086869625479493e-19,-2.111762662931037481e-18
6.878747530591059964e-03,3.946841320093329151e-19,3.946841320093329151e-19,3.946841320093329151e-19,3.878212889309471873e-18
6.236590451940879007e-03,-5.213630493383087760e-19,-5.213630493383087760e-19,-5.213630493383087760e-19,-4.861074182842719742e-18
5.699538227629475685e-03,5.061121481465844070e-19,5.061121481465844070e-19,5.061121481465844070e-19,4.482606037947914734e-18
5.308530537405728097e-03,-3.018967720168514324e-19,-3.018967720168514324e-19,-3.018967720168515287e-19,-2.453154680566366242e-18
5.002635700965754259e-03,-8.512436374352447770e-20,-8.512436374352447770e-20,-8.512436374352448974e-20,-1.040982472155659212e-18
4.751786411051253829e-03,5.792173543215557334e-19,5.792173543215557334e-19,5.792173543215555408e-19,5.254764052513518094e-18
4.554969484871357333e-03,-1.039554301869941088e-18,-1.039554301869941088e-18,-1.039554301869941088e-18,-8.967380089176575615e-18
4.413058244197616206e-03,1.290206599680940250e-18,1.290206599680940250e-18,1.290206599680940250e-18,1.075363878382634356e-17
4.323859292740383359e-03,-1.171787507397696187e-18,-1.171787507397696187e-18,-1.171787507397695994e-18,-9.408885788364303867e-18
4.286265589600326067e-03,6.027097883711815988e-19,6.027097883711815988e-19,6.027097883711816951e-19,4.429280781270959116e-18
4.307144129847053846e-03,3.670521111914794029e-19,3.670521111914794029e-19,3.670521111914794510e-19,3.599924957067379731e-18
4.394102061217338914e-03,-1.529599585319035486e-18,-1.529599585319035486e-18,-1.529599585319035486e-18,-1.286935146386994718e-17
4.523735426818880669e-03,2.539694932256201323e-18,2.539694932256201323e-18,2.539694932256201323e-18,2.058790012102431725e-17
4.640580332367886737e-03,-2.992284230761782404e-18,-2.992284230761782404e-18,-2.992284230761782789e-18,-2.363586327862267988e-17
4.704537137349917852e-03,2.548109725061921819e-18,2.548109725061921819e-18,2.548109725061921819e-18,1.953163726577123005e-17
4.712460950216428891e-03,-1.076374268119827001e-18,-1.076374268119827001e-18,-1.076374268119826808e-18,-7.477696421153162302e-18
4.651496890120602849e-03,-1.232750264587281442e-18,-1.232750264587281442e-18,-1.232750264587281827e-18,-1.084781309825970390e-17
4.447685520748260318e-03,3.833553627227203042e-18,3.833553627227203042e-18,3.833553627227203042e-18,3.110316089791892908e-17
3.977570734976967892e-03,-5.905191752454903321e-18,-5.905191752454903321e-18,-5.905191752454902550e-18,-4.694902534654697205e-17
3.147233020528927231e-03,6.560957468204824794e-18,6.560957468204824794e-18,6.560957468204821712e-18,5.160336530410294629e-17
2.005191816781778848e-03,-5.155106055446255622e-18,-5.155106055446255622e-18,-5.155106055446256392e-18,-4.002664519464656623e-17
7.666887345176643179e-04,1.600628016113154583e-18,1.600628016113154583e-18,1.600628016113154583e-18,1.118350246756973268e-17
-2.840471240615107928e-04,3.427915529539196479e-18,3.427915529539196479e-18,3.427915529539195709e-18,3.036979818634909662e-17
-8.653449376269389684e-04,-8.534928745870635330e-18,-8.534928745870635330e-18,-8.534928745870633789e-18,-7.432312991764728115e-17
-7.346001216136570453e-04,1.195457481496902562e-17,1.195457481496902562e-17,1.195457481496902562e-17,1.063699228717992215e-16
1.598895835558908384e-04,-1.215119269037028053e-17,-1.215119269037028053e-17,-1.215119269037027898e-17,-1.118737646969503013e-16
1.530184776636295610e-03,8.472802870273264899e-18,8.472802870273264899e-18,8.472802870273266439e-18,8.077702242978787571e-17
2.850338095415107242e-03,-1.583774176958082510e-18,-1.583774176958082510e-18,-1.583774176958082317e-18,-1.245363643450862092e-17
3.633821796936071574e-03,-6.563086112761014293e-18,-6.563086112761014293e-18,-6.563086112761015834e-18,-8.117220635699073225e-17
3.636928588369628835e-03,1.329969600783545861e-17,1.329969600783545861e-17,1.329969600783545707e-17,1.758431284230172952e-16
2.926579015512315723e-03,-1.622281614097109964e-17,-1.622281614097109964e-17,-1.622281614097110272e-17,-2.394742122541652596e-16
1.849537825111204244e-03,1.423184935588446622e-17,1.423184935588446622e-17,1.423184935588446622e-17,2.407255441755412360e-16
8.983087779649968994e-04,-8.174098758566268814e-18,-8.174098758566268814e-18,-8.174098758566270354e-18,-1.599596183031344655e-16
4.766543925665732363e-04,7.088424972422371171e-19,7.088424972422371171e-19,7.088424972422369245e-19,-4.330100370633866922e-19
6.367833518281792527e-04,4.744737207896414048e-18,4.744737207896414048e-18,4.744737207896414048e-18,2.100685954666571137e-16
1.023842771529803438e-03,-5.689557400742976454e-18,-5.689557400742976454e-18,-5.689557400742977224e-18,-4.123508258716853191e-16
1.182337569839720434e-03,2.151848918017107670e-18,2.151848918017107670e-18,2.151848918017106900e-18,5.357721384833210709e-16
9.303982501327277138e-04,2.764100821132766310e-18,2.764100821132766310e-18,2.764100821132765925e-18,-5.137999630259207403e-16
4.606381285608033638e-04,-4.125240545688719438e-18,-4.125240545688719438e-18,-4.125240545688719438e-18,3.091831261329161365e-16
3.001449527205300900e-04,-1.934359726927838719e-18,-1.934359726927838719e-18,-1.934359726927839104e-18,6.427956296574506715e-17
1.155759821459026145e-03,1.509143796960861863e-17,1.509143796960861863e-17,1.509143796960861863e-17,-5.307425892133092009e-16
3.365368953959315280e-03,-2.969437610249257194e-17,-2.969437610249257194e-17,-2.969437610249257194e-17,9.591699178279545040e-16
6.207650338337824224e-03,3.725841050721789310e-17,3.725841050721789310e-17,3.725841050721789926e-17,-1.191193844294068525e-15
7.998866570314875496e-03,-3.187588976609479778e-17,-3.187588976609479778e-17,-3.187588976609480395e-17,1.086910645072217876e-15
7.723689789883322540e-03,1.472154096955540156e-17,1.472154096955540156e-17,1.472154096955540464e-17,-5.784543410722279956e-16
6.647873744619153119e-03,6.919443494313244916e-18,6.919443494313244916e-18,6.919443494313243375e-18,-2.845853241429627863e-16
6.924547836278089827e-03,-2.585301922041122616e-17,-2.585301922041122616e-17,-2.585301922041123232e-17,1.315973509284290288e-15
8.508408196595101600e-03,3.932101425666540332e-17,3.932101425666540332e-17,3.932101425666542180e-17,-2.214495827248179382e-15
8.799393793900597144e-03,-4.625407298352671419e-17,-4.625407298352671419e-17,-4.625407298352670802e-17,2.631666681480155721e-15
5.410818203545836834e-03,4.220922418622087434e-17,4.220922418622087434e-17,4.220922418622086818e-17,-2.276456421745427102e-15
-1.233478362724044469e-03,-2.005513672609630110e-17,-2.005513672609630110e-17,-2.005513672609629801e-17,1.032610126039945083e-15
-8.091098056125825902e-03,-2.314976487585279319e-17,-2.314976487585279319e-17,-2.314976487585279627e-17,9.477356790107296547e-16
-1.219024714594172006e-02,7.956034780002105031e-17,7.956034780002105031e-17,7.956034780002103798e-17,-3.213493070212869698e-15
-1.269925866552595525e-02,-1.300242646478237595e-16,-1.300242646478237595e-16,-1.300242646478237348e-16,5.076951060958363841e-15
-1.056254492401801325e-02,1.505501329756513266e-16,1.505501329756513266e-16,1.505501329756513266e-16,-5.776363292962316322e-15
-7.232114580017576060e-03,-1.226586472028172652e-16,-1.226586472028172652e-16,-1.226586472028172652e-16,4.713835393086855455e-15
-3.964208390022123420e-03,4.335156340872075811e-17,4.335156340872075811e-17,4.335156340872075811e-17,-1.710540118399341627e-15
-1.552790577431743769e-03,6.990575603501140309e-17,6.990575603501140309e-17,6.990575603501141542e-17,-2.803140430113901210e-15
-2.211475704086998358e-04,-1.832048336769594589e-16,-1.832048336769594589e-16,-1.832048336769594589e-16,7.747202696698655422e-15
2.528990949791430458e-04,2.582854607226485369e-16,2.582854607226485369e-16,2.582854607226485862e-16,-1.156180708588934497e-14
2.538700700896170059e-04,-2.658222104895698831e-16,-2.658222104895698831e-16,-2.658222104895698831e-16,1.259336770332004042e-14
1.111228061490519836e-04,1.938235913112986893e-16,1.938235913112986893e-16,1.938235913112986893e-16,-9.631729763622067532e-15
2.123150131217884553e-05,-5.061094871754462278e-17,-5.061094871754462278e-17,-5.061094871754462278e-17,2.461123383443913712e-15
5.061404415399895911e-05,-1.356063294089394525e-16,-1.356063294089394525e-16,-1.356063294089394279e-16,7.760181569155161844e-15
1.706655324883376505e-04,3.199475274530620897e-16,3.199475274530620897e-16,3.199475274530620404e-16,-1.847245855724755216e-14
3.151899032031157130e-04,-4.474766760586844009e-16,-4.474766760586844009e-16,-4.474766760586844009e-16,2.616043509370050987e-14
4.353176382549359428e-04,4.638715438358980781e-16,4.638715438358980781e-16,4.638715438358980781e-16,-2.726054603237958937e-14
5.179658091542874154e-04,-3.306137724756707638e-16,-3.306137724756707638e-16,-3.306137724756707638e-16,1.936826844407734409e-14
5.709051674453588174e-04,4.297780373968123591e-17,4.297780373968123591e-17,4.297780373968123591e-17,-2.415329232690925129e-15
6.016515028334210903e-04,3.539865563748102573e-16,3.539865563748102573e-16,3.539865563748103559e-16,-2.058459891917152984e-14
6.069200216711560228e-04,-7.605611625991948855e-16,-7.605611625991948855e-16,-7.605611625991948855e-16,4.362083952253661845e-14
5.767540638567044981e-04,1.037653524957317069e-15,1.037653524957317069e-15,1.037653524957317266e-15,-5.881945309252279408e-14
5.072653742465830671e-04,-1.044517785074467350e-15,-1.044517785074467350e-15,-1.044517785074467547e-15,5.856271807290466466e-14
4.073717068151096014e-04,6.894229423078570818e-16,6.894229423078570818e-16,6.894229423078570818e-16,-3.818253751243350361e-14
2.924194093691012599e-04,2.305917989377839257e-17,2.305917989377839257e-17,2.305917989377839565e-17,-1.547250836408196287e-15
1.716578156998044139e-04,-9.614262022868111475e-16,-9.614262022868111475e-16,-9.614262022868111475e-16,5.297670983016962341e-14
4.351106112038455510e-05,1.870665627990034165e-15,1.870665627990034165e-15,1.870665627990034165e-15,-1.021155332750197452e-13
-9.490704207634378367e-05,-2.421660839715940888e-15,-2.421660839715940888e-15,-2.421660839715940888e-15,1.314231678763771855e-13
-2.376776607296792701e-04,2.308570694725759442e-15,2.308570694725759442e-15,2.308570694725759442e-15,-1.247765872471089638e-13
-3.731468568484824474e-04,-1.368221885432534831e-15,-1.368221885432534831e-15,-1.368221885432535028e-15,7.336428556004587464e-14
-4.936804650774737416e-04,-3.157534458549314811e-16,-3.157534458549314811e-16,-3.157534458549314811e-16,1.899057032322525584e-14
-6.016093771323454461e-04,2.378561664104358721e-15,2.378561664104358721e-15,2.378561664104359115e-15,-1.332788787735145199e-13
-7.058590666305156452e-04,-4.235014843478968966e-15,-4.235014843478968966e-15,-4.235014843478968177e-15,2.371575021692035496e-13
-8.076337081698779742e-04,5.213174501438068426e-15,5.213174501438068426e-15,5.213174501438067638e-15,-2.918044718850310646e-13
-8.929799682897401805e-04,-4.733842616277460787e-15,-4.733842616277460787e-15,-4.733842616277459209e-15,2.634569310235581116e-13
-9.493007810140548968e-04,2.503671159626237411e-15,2.503671159626237411e-15,2.503671159626237805e-15,-1.360997821787249295e-13
-9.879529159287107551e-04,1.274566010910128992e-15,1.274566010910128992e-15,1.274566010910128794e-15,-7.693371383580649789e-14
-1.046562248943584727e-03,-5.800880934885740926e-15,-5.800880934885740926e-15,-5.800880934885740137e-15,3.293928775166119092e-13
-1.158658105474070577e-03,9.730301603607439691e-15,9.730301603607439691e-15,9.730301603607441269e-15,-5.466663644964513525e-13
-1.309268880126626894e-03,-1.150761282851014500e-14,-1.150761282851014500e-14,-1.150761282851014500e-14,6.438748859503071683e-13
-1.438540652102947683e-03,9.854948065696436464e-15,9.854948065696436464e-15,9.854948065696438042e-15,-5.505243960766060952e-13
-1.498133141221948215e-03,-4.340650565418872455e-15,-4.340650565418872455e-15,-4.340650565418872455e-15,2.399223695410308465e-13
-1.475654722589821166e-03,-4.222238005162094466e-15,-4.222238005162094466e-15,-4.222238005162093677e-15,2.481505677936164748e-13
-1.366548767501694342e-03,1.375496259380681011e-14,1.375496259380681011e-14,1.375496259380681327e-14,-8.022536711137918262e-13
-1.149899766245145475e-03,-2.123127898447006605e-14,-2.123127898447006605e-14,-2.123127898447006289e-14,1.251178603161268545e-12
-7.908376548526294429e-04,2.360448472072669123e-14,2.360448472072669123e-14,2.360448472072669123e-14,-1.411880955538189055e-12
-2.666569015150571480e-04,-1.866325654516787207e-14,-1.866325654516787207e-14,-1.866325654516786891e-14,1.136236733435830367e-12
4.009739094026780514e-04,6.275379258430062627e-15,6.275379258430062627e-15,6.275379258430060261e-15,-3.899628757846229476e-13
1.137074057089932895e-03,1.151310578842936591e-14,1.151310578842936591e-14,1.151310578842936749e-14,-7.232258312162319628e-13
1.824767033001619375e-03,-3.027128439552847991e-14,-3.027128439552847991e-14,-3.027128439552848622e-14,1.928135997323944717e-12
2.330478593633730690e-03,4.432577593691672665e-14,4.432577593691672665e-14,4.432577593691672665e-14,-2.846516427046838865e-12
2.551684465723745836e-03,-4.770964826122656790e-14,-4.770964826122656790e-14,-4.770964826122656159e-14,3.073367035608478021e-12
2.459970762183464037e-03,3.593585890092243117e-14,3.593585890092243117e-14,3.593585890092243748e-14,-2.313465355711312138e-12
2.100370523195398739e-03,-8.310261008244592085e-15,-8.310261008244592085e-15,-8.310261008244590508e-15,5.392530068947304068e-13
1.567404112097925666e-03,-3.169166025055736285e-14,-3.169166025055736285e-14,-3.169166025055736285e-14,1.987433532102290838e-12
9.922464939470479906e-04,7.383125451881853325e-14,7.383125451881853325e-14,7.383125451881853325e-14,-4.577634458160060707e-12
5.193607661051111678e-04,-1.057239425345341310e-13,-1.057239425345341310e-13,-1.057239425345341057e-13,6.447376516246966560e-12
2.577961285372838132e-04,1.106115934004635143e-13,1.106115934004635143e-13,1.106115934004635143e-13,-6.622393769801281503e-12
2.576434884705174522e-04,-7.918764798881751998e-14,-7.918764798881751998e-14,-7.918764798881753260e-14,4.658891266634826349e-12
5.257924506766734670e-04,6.841713987890354575e-15,6.841713987890354575e-15,6.841713987890352997e-15,-4.196763539866543138e-13
1.020194559228051329e-03,9.294355744292765492e-14,9.294355744292765492e-14,9.294355744292766754e-14,-5.207595934453751714e-12
1.640337560410980167e-03,-1.955719465126638237e-13,-1.955719465126638237e-13,-1.955719465126637984e-13,1.080373481698090806e-11
2.259286531362817135e-03,2.662927678523537392e-13,2.662927678523537392e-13,2.662927678523537897e-13,-1.448747470661226144e-11
2.767916231041786437e-03,-2.632960285084558482e-13,-2.632960285084558482e-13,-2.632960285084557977e-13,1.415231650022869002e-11
3.091567209409782409e-03,1.730437262337637563e-13,1.730437262337637563e-13,1.730437262337637311e-13,-9.254158382046117612e-12
3.180496168332254923e-03,2.326029940427137240e-14,2.326029940427137240e-14,2.326029940427137556e-14,-9.559473524105116062e-13
3.014966418512559244e-03,-2.613174406713573322e-13,-2.613174406713573322e-13,-2.613174406713573322e-13,1.304748122328810969e-11
2.619818181785598180e-03,5.147830567559696805e-13,5.147830567559696805e-13,5.147830567559693776e-13,-2.564611497798616130e-11
2.057220347692787551e-03,-6.431449709614129068e-13,-6.431449709614129068e-13,-6.431449709614129068e-13,3.183051689514368017e-11
1.407191147618110571e-03,6.230831275171858229e-13,6.230831275171858229e-13,6.230831275171857219e-13,-3.064971840829182433e-11
7.439258592753329518e-04,-3.510917793464127397e-13,-3.510917793464127397e-13,-3.510917793464127397e-13,1.718087402053030894e-11
1.254205172408199198e-04,-1.201778646574915122e-13,-1.201778646574915122e-13,-1.201778646574915122e-13,5.581503069016761255e-12
-3.950916334902247707e-04,6.934613076087185766e-13,6.934613076087185766e-13,6.934613076087185766e-13,-3.273877095087268645e-11
-7.812805783324910285e-04,-1.293129456968710348e-12,-1.293129456968710348e-12,-1.293129456968710752e-12,6.018633506591604406e-11
-1.050938461413416765e-03,1.503424251924837673e-12,1.503424251924837673e-12,1.503424251924837673e-12,-6.871748752465657064e-11
-1.269913176127939174e-03,-1.523133604008451061e-12,-1.523133604008451061e-12,-1.523133604008451061e-12,6.804159500458886354e-11
-1.490964470138692955e-03,6.047984186942945595e-13,6.047984186942945595e-13,6.047984186942946604e-13,-2.611808751277898445e-11
-1.713804760333421419e-03,3.030134948307430103e-13,3.030134948307430103e-13,3.030134948307430103e-13,-1.326283990251485121e-11
-1.914703356655361515e-03,-2.181557441844434145e-12,-2.181557441844434145e-12,-2.181557441844434549e-12,9.071304826762088866e-11
-2.092972663072678163e-03,3.149974353735739743e-12,3.149974353735739743e-12,3.149974353735739339e-12,-1.268713181788012887e-10
-2.285474393029504787e-03,-4.174203106695728071e-12,-4.174203106695728071e-12,-4.174203106695728071e-12,1.630713099148435967e-10
-2.559587943903677328e-03,3.521132625879857904e-12,3.521132625879857904e-12,3.521132625879857904e-12,-1.332794980132206583e-10
-2.980283180211321797e-03,-1.238623911710944885e-12,-1.238623911710944885e-12,-1.238623911710945289e-12,4.492047696697183726e-11
-3.563911522919039569e-03,-1.035213641934814822e-12,-1.035213641934814822e-12,-1.035213641934814620e-12,3.782305564268877322e-11
-4.266001123530461202e-03,7.148005401687470788e-12,7.148005401687470788e-12,7.148005401687472404e-12,-2.499079340585493714e-10
-5.015749978156262487e-03,-6.772499043449553021e-12,-6.772499043449553021e-12,-6.772499043449553021e-12,2.292959915962759283e-10
-5.761930787862989435e-03,1.386214767798002895e-11,1.386214767798002895e-11,1.386214767798003219e-11,-4.576239436212731537e-10
-6.475620084059596597e-03,-4.020005463129189358e-12,-4.020005463129189358e-12,-4.020005463129187742e-12,1.275770518861647142e-10
-7.120226231232522178e-03,8.300906856484086076e-12,8.300906856484086076e-12,8.300906856484087691e-12,-2.595869143826105256e-10
-7.652852071479676263e-03,1.165720236713285302e-11,1.165720236713285302e-11,1.165720236713285302e-11,-3.611481948112333128e-10
-8.041536745077414866e-03,-1.113235358816529067e-11,-1.113235358816529067e-11,-1.113235358816529229e-11,3.402352781615498542e-10
-8.256910290279452502e-03,2.525193026107716450e-11,2.525193026107716450e-11,2.525193026107716773e-11,-7.418401806429103836e-10
-8.271095469644778805e-03,-3.054140773926269676e-11,-3.054140773926269676e-11,-3.054140773926269030e-11,8.961013570505428691e-10
-8.086977991809417982e-03,4.650234172922616726e-12,4.650234172922616726e-12,4.650234172922617533e-12,-1.055680054888376686e-10
-7.745400593601410588e-03,-3.520857651923928018e-11,-3.520857651923928018e-11,-3.520857651923928664e-11,1.005320500982127002e-09
-7.276741904074851205e-03,-7.039896217766477850e-11,-7.039896217766477850e-11,-7.039896217766476557e-11,1.975031904854621829e-09
-6.671996094649126560e-03,-3.675007125291454166e-11,-3.675007125291454166e-11,-3.675007125291454812e-11,1.021916160022799971e-09
-5.939668685839030043e-03,-1.701242811988749367e-10,-1.701242811988749367e-10,-1.701242811988749108e-10,4.466224194866054316e-09
-5.186297405523314016e-03,-7.364418533275058740e-11,-7.364418533275058740e-11,-7.364418533275060033e-11,1.875649134962436699e-09
-4.650256423639497795e-03,-2.008746679185155559e-10,-2.008746679185155559e-10,-2.008746679185155817e-10,4.853651558119522757e-09
-4.691340303510082091e-03,-1.427198162487123204e-10,-1.427198162487123204e-10,-1.427198162487123204e-10,3.218855658753617374e-09
-5.732158798650159245e-03,-3.851519136951420965e-11,-3.851519136951420965e-11,-3.851519136951420965e-11,3.460316320998309852e-10
-8.184954472951267920e-03,-8.121563421484410359e-11,-8.121563421484410359e-11,-8.121563421484410359e-11,1.010239184469247839e-09
-1.242359128783897780e-02,4.065618753208677729e-10,4.065618753208677729e-10,4.065618753208679280e-10,-1.084060567130712880e-08
-1.873982552491736467e-02,4.471982063163003495e-10,4.471982063163003495e-10,4.471982063163002461e-10,-1.222689860681618166e-08
-2.719710932046526947e-02,1.169521201190485245e-09,1.169521201190485245e-09,1.169521201190485245e-09,-2.922142329210199184e-08
-3.736489452356188401e-02,1.681859245794637950e-09,1.681859245794637950e-09,1.681859245794637743e-09,-4.129331257820919231e-08
-4.795088473598946299e-02,2.193392422452518177e-09,2.193392422452518177e-09,2.193392422452518177e-09,-5.296506440333493297e-08
-5.664996037382357547e-02,3.198220785748459722e-09,3.198220785748459722e-09,3.198220785748458482e-09,-7.656053247782979074e-08
-6.077126712460852176e-02,2.987280541558653092e-09,2.987280541558653092e-09,2.987280541558653506e-09,-7.060655177354405511e-08
-5.843484112236046329e-02,3.439923945192448888e-09,3.439923945192448888e-09,3.439923945192448061e-09,-8.163037678593120434e-08
-4.923916525386536069e-02,2.114507878855487301e-09,2.114507878855487301e-09,2.114507878855487714e-09,-4.449771472984236622e-08
-3.411721361718505346e-02,2.816743730659947238e-10,2.816743730659947238e-10,2.816743730659948789e-10,1.111684534045374915e-08
-1.515433651828654825e-02,-2.375590489542796569e-09,-2.375590489542796569e-09,-2.375590489542796156e-09,1.040595774260341277e-07
4.635587116941726309e-03,-6.916836279409438790e-09,-6.916836279409438790e-09,-6.916836279409442099e-09,2.855485627736618259e-07
2.216850948702449309e-02,-1.036717504340149572e-08,-1.036717504340149572e-08,-1.036717504340149076e-08,4.744688729960551832e-07
3.527032693120032980e-02,-1.472292004202316884e-08,-1.472292004202316884e-08,-1.472292004202316553e-08,7.872819955539179140e-07
4.299161472873286316e-02,-1.648436904768779188e-08,-1.648436904768779188e-08,-1.648436904768778526e-08,1.082831348248533054e-06
4.552106291077129274e-02,-1.613021582723533408e-08,-1.613021582723533408e-08,-1.613021582723534070e-08,1.395847187424837854e-06
4.397441608100881305e-02,-1.381362121819486708e-08,-1.381362121819486708e-08,-1.381362121819486708e-08,1.643948745397846241e-06
3.993976373285993559e-02,-1.074422505797191335e-08,-1.074422505797191335e-08,-1.074422505797191335e-08,1.597337586260809610e-06
3.492795256036772267e-02,-1.132837912307734052e-08,-1.132837912307734052e-08,-1.132837912307734052e-08,1.286496464053043291e-06
3.002095705303344658e-02,-2.309528573456183219e-08,-2.309528573456183219e-08,-2.309528573456183219e-08,2.213440636292463937e-07
2.581100817015447371e-02,-5.282291140538165440e-08,-5.282291140538165440e-08,-5.282291140538166102e-08,-1.592708239768957835e-06
2.249411242678742498e-02,-1.130054883173097736e-07,-1.130054883173097736e-07,-1.130054883173097472e-07,-4.559069551397362088e-06
1.996747586313383366e-02,-2.133221427724122777e-07,-2.133221427724122777e-07,-2.133221427724122512e-07,-8.883899046575824759e-06
1.794691453701427811e-02,-3.544369638004753420e-07,-3.544369638004753420e-07,-3.544369638004753420e-07,-1.431014965451279663e-05
1.613817498544082088e-02,-5.414120922069289254e-07,-5.414120922069289254e-07,-5.414120922069290313e-07,-2.101368667882936493e-05
1.437320809378407963e-02,-7.329319921809170382e-07,-7.329319921809170382e-07,-7.329319921809170382e-07,-2.761028289355395811e-05
1.264778026209944194e-02,-8.883821317617185373e-07,-8.883821317617185373e-07,-8.883821317617185373e-07,-3.317295837610116248e-05
1.110082277937063551e-02,-8.955584257874644134e-07,-8.955584257874644134e-07,-8.955584257874639898e-07,-3.505325717251631947e-05
9.943106558383350141e-03,-5.990000814425141319e-07,-5.990000814425141319e-07,-5.990000814425140260e-07,-2.973791446090561953e-05
9.331188051252808230e-03,1.836969225079422480e-07,1.836969225079422480e-07,1.836969225079421950e-07,-1.347756439421850458e-05
9.250408403010168534e-03,1.733415843374892522e-06,1.733415843374892522e-06,1.733415843374892099e-06,2.002379827064685821e-05
9.464207494040784499e-03,4.228899918076464407e-06,4.228899918076464407e-06,4.228899918076463560e-06,7.480148685257823516e-05
9.604350507726193767e-03,7.880935169169515220e-06,7.880935169169515220e-06,7.880935169169516914e-06,1.563499097706379920e-04
9.402318681977087436e-03,1.264177906107204522e-05,1.264177906107204522e-05,1.264177906107204861e-05,2.656205839762527661e-04
8.831564393229089996e-03,1.816622781029529824e-05,1.816622781029529824e-05,1.816622781029529824e-05,3.980814405048206076e-04
8.009938732034956391e-03,2.371086729861855854e-05,2.371086729861855854e-05,2.371086729861855854e-05,5.422212152890182324e-04
7.065627079160232728e-03,2.768457852196170123e-05,2.768457852196170123e-05,2.768457852196169785e-05,6.692374605017144956e-04
6.131642978560856994e-03,2.793064149383514858e-05,2.793064149383514858e-05,2.793064149383514181e-05,7.383544777027741327e-04
5.364246736105050643e-03,2.113213140164993384e-05,2.113213140164993384e-05,2.113213140164992368e-05,6.826690054623031417e-04
4.892706278595579904e-03,3.371779266620109875e-06,3.371779266620109875e-06,3.371779266620114533e-06,4.164914824426165169e-04
4.757080285499392693e-03,-2.966022133411574271e-05,-2.966022133411574271e-05,-2.966022133411574610e-05,-1.641892676985220372e-04
4.890374141917581269e-03,-8.210021285189728459e-05,-8.210021285189728459e-05,-8.210021285189727104e-05,-1.177059045201514888e-03
5.145014361049727279e-03,-1.560685061547070253e-04,-1.560685061547070253e-04,-1.560685061547069982e-04,-2.717791873593691961e-03
5.360312138571301892e-03,-2.510994315272448889e-04,-2.510994315272448889e-04,-2.510994315272448889e-04,-4.847161284722969164e-03
5.442767576695472891e-03,-3.607511868547892122e-04,-3.607511868547892122e-04,-3.607511868547891038e-04,-7.516627773932964274e-03
5.407558486418877208e-03,-4.707505946416724678e-04,-4.707505946416724678e-04,-4.707505946416723594e-04,-1.051697436926717077e-02
5.340334243847605702e-03,-5.554708503399977083e-04,-5.554708503399977083e-04,-5.554708503399977083e-04,-1.339114509086110349e-02
5.298159029079763105e-03,-5.742305183362307174e-04,-5.742305183362307174e-04,-5.742305183362307174e-04,-1.532836901490440031e-02
5.297186670566928976e-03,-4.709318008031100839e-04,-4.709318008031100839e-04,-4.709318008031100839e-04,-1.511885943011779566e-02
5.420319879340180363e-03,-1.728919489745403288e-04,-1.728919489745403288e-04,-1.728919489745402204e-04,-1.106158165353619653e-02
5.844704211365772152e-03,4.002069694081374323e-04,4.002069694081374323e-04,4.002069694081374866e-04,-1.048803886850720743e-03
6.750101788577449538e-03,1.323628839367973868e-03,1.323628839367973868e-03,1.323628839367973651e-03,1.730188455582955948e-02
8.179605705464092907e-03,2.641969512872957299e-03,2.641969512872957299e-03,2.641969512872956432e-03,4.627971448494776208e-02
9.940343310724207571e-03,4.331845371925642160e-03,4.331845371925642160e-03,4.331845371925641293e-03,8.740532622021353337e-02
1.164966068283089691e-02,6.262275041741576648e-03,6.262275041741576648e-03,6.262275041741578382e-03,1.405439661713727695e-01
1.288097929962510151e-02,8.146813289323574792e-03,8.146813289323574792e-03,8.146813289323573057e-03,2.024567782604700938e-01
1.329890442502775286e-02,9.519966224445149464e-03,9.519966224445149464e-03,9.519966224445151198e-03,2.652314589886355933e-01
1.263246769420931469e-02,9.739015333977134314e-03,9.739015333977134314e-03,9.739015333977134314e-03,3.143221891594388806e-01
1.046262245607446593e-02,8.043338236096637603e-03,8.043338236096637603e-03,8.043338236096637603e-03,3.267343692291489465e-01
6.083385412786751142e-03,3.687713954502488782e-03,3.687713954502488782e-03,3.687713954502489649e-03,2.699083713827180042e-01
-1.303628287576178400e-03,-3.848752349527521065e-03,-3.848752349527521065e-03,-3.848752349527521932e-03,1.016372200372786250e-01
-1.210478909506334730e-02,-1.455453298253435619e-02,-1.455453298253435619e-02,-1.455453298253435966e-02,-2.271311715945934229e-01
-2.580845465928445492e-02,-2.755053309891285218e-02,-2.755053309891285218e-02,-2.755053309891285218e-02,-7.662401808152540239e-01
-4.050066020397806443e-02,-4.078330349854975001e-02,-4.078330349854975001e-02,-4.078330349854975001e-02,-1.554700877625030175e+00
-5.264826401919446563e-02,-5.092998105396423503e-02,-5.092998105396423503e-02,-5.092998105396423503e-02,-2.602367662506429369e+00
-5.760184756632742709e-02,-5.377935722417137576e-02,-5.377935722417137576e-02,-5.377935722417137576e-02,-3.864431924318865175e+00
-5.110588901849018317e-02,-4.538087036546818720e-02,-4.538087036546818720e-02,-4.538087036546819414e-02,-5.207504491786154155e+00
-3.162779713856572056e-02,-2.424547084464781163e-02,-2.424547084464781163e-02,-2.424547084464780469e-02,-6.370955356204566655e+00
-3.008072199048598006e-03,5.622150325190477214e-03,5.622150325190477214e-03,5.622150325190478082e-03,-6.927520601207863393e+00
2.309730863994851474e-02,3.203777847151529495e-02,3.203777847151529495e-02,3.203777847151530189e-02,-6.251945010092140542e+00
2.666655142762442560e-02,3.458038686091850084e-02,3.458038686091850084e-02,3.458038686091850084e-02,-3.512158936895178218e+00
-1.618708161698213452e-02,-1.021518698029119307e-02,-1.021518698029119307e-02,-1.021518698029119654e-02,2.291955210157520018e+00
-1.214438900834964585e-01,-1.172825374893438077e-01,-1.172825374893438077e-01,-1.172825374893438632e-01,1.221510537828342358e+01
-2.811408833653287753e-01,-2.781412109112678110e-01,-2.781412109112678110e-01,-2.781412109112677555e-01,2.715455772710526361e+01
-4.539317862644997592e-01,-4.520427468523517955e-01,-4.520427468523517955e-01,-4.520427468523517955e-01,4.751035264507540745e+01
-5.767411948912261055e-01,-5.765801029590337246e-01,-5.765801029590337246e-01,-5.765801029590338356e-01,7.269694396028171468e+01
-6.016737930418070146e-01,-6.033230245863504537e-01,-6.033230245863504537e-01,-6.033230245863503427e-01,1.007261002837006600e+02
-5.341815408755654637e-01,-5.370743637098522871e-01,-5.370743637098522871e-01,-5.370743637098522871e-01,1.286962310700078547e+02
-4.298474339532311062e-01,-4.350264919530245633e-01,-4.350264919530245633e-01,-4.350264919530245633e-01,1.544884485439626758e+02
-3.468610940838616208e-01,-3.576344238097061701e-01,-3.576344238097061701e-01,-3.576344238097061701e-01,1.779748835569076562e+02
-3.057504846829650624e-01,-3.238494134930758883e-01,-3.238494134930758883e-01,-3.238494134930758883e-01,2.003418387953450974e+02
-2.911001453324659205e-01,-3.128377367586051006e-01,-3.128377367586051006e-01,-3.128377367586052671e-01,2.227179648080127379e+02
-2.777179537303802181e-01,-2.949832935343288387e-01,-2.949832935343288387e-01,-2.949832935343288942e-01,2.455372695786082602e+02
-2.501135033506271532e-01,-2.553382807091081341e-01,-2.553382807091081341e-01,-2.553382807091081896e-01,2.684939417612676493e+02
-2.052286408614389657e-01,-1.961019094735560464e-01,-1.961019094735560464e-01,-1.961019094735560742e-01,2.906882710127632095e+02
-1.466378476051108104e-01,-1.269505056247387520e-01,-1.269505056247387520e-01,-1.269505056247387520e-01,3.110091413668243945e+02
-8.012381183962886955e-02,-5.675834632009894853e-02,-5.675834632009894853e-02,-5.675834632009894853e-02,3.286942523461144106e+02
-1.291582226904511820e-02,7.954743493527430959e-03,7.954743493527430959e-03,7.954743493527469123e-03,3.436766109827503897e+02
4.661771052854587344e-02,6.158231135086833508e-02,6.158231135086833508e-02,6.158231135086841140e-02,3.564675289098247504e+02
9.058655304817306297e-02,9.906670487373520073e-02,9.906670487373520073e-02,9.906670487373524236e-02,3.678127831041254581e+02
1.135810884252830416e-01,1.169178317260553129e-01,1.169178317260553129e-01,1.169178317260553407e-01,3.784534481095292335e+02
1.142215655720574541e-01,1.145331763335799002e-01,1.145331763335799002e-01,1.145331763335798447e-01,3.890651115409215208e+02
9.577073595861601563e-02,9.496688176823388228e-02,9.496688176823388228e-02,9.496688176823393779e-02,4.003016354870175633e+02
6.525644353672821474e-02,6.450252170291140286e-02,6.450252170291140286e-02,6.450252170291137510e-02,4.128489922686146656e+02
3.116020821078657049e-02,3.083224272167302965e-02,3.083224272167302965e-02,3.083224272167301924e-02,4.274048545610993983e+02
6.890161726158732869e-04,6.243924836828644662e-04,6.243924836828644662e-04,6.243924836829129301e-04,4.445732216124670231e+02
-2.199035215967675913e-02,-2.216736024834627811e-02,-2.216736024834627811e-02,-2.216736024834629892e-02,4.647348741134560441e+02
-3.586549051118713416e-02,-3.650573902469707310e-02,-3.650573902469707310e-02,-3.650573902469705229e-02,4.879448792991381652e+02
-4.209551536902359642e-02,-4.342466658387945239e-02,-4.342466658387945239e-02,-4.342466658387936912e-02,5.138884376146597788e+02
-4.290831426393861003e-02,-4.500804957358439662e-02,-4.500804957358439662e-02,-4.500804957358446601e-02,5.419095676978304255e+02
-4.066760454589021107e-02,-4.347500644078954035e-02,-4.347500644078954035e-02,-4.347500644078954729e-02,5.710901801177526522e+02
-3.707486686732480718e-02,-4.039169419466304839e-02,-4.039169419466304839e-02,-4.039169419466303451e-02,6.003542418339566211e+02
-3.288806841896626393e-02,-3.642348219777079982e-02,-3.642348219777079982e-02,-3.642348219777077206e-02,6.285873605683387950e+02
-2.838226892476990518e-02,-3.183179460138631928e-02,-3.183179460138631928e-02,-3.183179460138632622e-02,6.547524608844533986e+02
-2.400015740671400735e-02,-2.712946683975447221e-02,-2.712946683975447221e-02,-2.712946683975449649e-02,6.779791694291740214e+02
-2.051464862660710639e-02,-2.320859571152427553e-02,-2.320859571152427553e-02,-2.320859571152433104e-02,6.976166786652762539e+02
-1.869410387013123800e-02,-2.095223745463774961e-02,-2.095223745463774961e-02,-2.095223745463772186e-02,7.132420590333845212e+02
-1.906041045592445429e-02,-2.096195402752786680e-02,-2.096195402752786680e-02,-2.096195402752778700e-02,7.246309251209742115e+02
-2.210142735362496252e-02,-2.377291810137456898e-02,-2.377291810137456898e-02,-2.377291810137458286e-02,7.317270960655512226e+02
-2.844910923317742549e-02,-3.003331484872502621e-02,-3.003331484872502621e-02,-3.003331484872506785e-02,7.346362347143550551e+02
-3.837406041787298078e-02,-3.999071179770605916e-02,-3.999071179770605916e-02,-3.999071179770607304e-02,7.336180035663351191e+02
-5.085451950625332479e-02,-5.256359807212519775e-02,-5.256359807212519775e-02,-5.256359807212523938e-02,7.290488196786164963e+02
-6.349766021406186289e-02,-6.527699185997391795e-02,-6.527699185997391795e-02,-6.527699185997393183e-02,7.213823453912103787e+02
-7.412475172518365185e-02,-7.587160030987427639e-02,-7.587160030987427639e-02,-7.587160030987429027e-02,7.111380215791057253e+02
-8.250892311781507504e-02,-8.406611137928801658e-02,-8.406611137928801658e-02,-8.406611137928801658e-02,6.988998278323294926e+02
-9.013748621409961581e-02,-9.132275799243505521e-02,-9.132275799243505521e-02,-9.132275799243501357e-02,6.853028257145953148e+02
-9.858968956855621024e-02,-9.922965144744552712e-02,-9.922965144744552712e-02,-9.922965144744551325e-02,6.710045371399529586e+02
-1.084876951144915641e-01,-1.084797400750203838e-01,-1.084797400750203838e-01,-1.084797400750203561e-01,6.566456742396202344e+02
-1.193863191197231527e-01,-1.187611357183801647e-01,-1.187611357183801647e-01,-1.187611357183801369e-01,6.428099802920228285e+02
-1.301555613631311115e-01,-1.290899350765810083e-01,-1.290899350765810083e-01,-1.290899350765810083e-01,6.299950904123853661e+02
-1.397640295130680443e-01,-1.385290080434949667e-01,-1.385290080434949667e-01,-1.385290080434949389e-01,6.186044830663968241e+02
-1.479372996095868753e-01,-1.467912342980337848e-01,-1.467912342980337848e-01,-1.467912342980338403e-01,6.089522454721675331e+02
-1.549788869205253328e-01,-1.540622057354481822e-01,-1.540622057354481822e-01,-1.540622057354482100e-01,6.012633736633093804e+02
-1.611201834862229509e-01,-1.604262204895172128e-01,-1.604262204895172128e-01,-1.604262204895172406e-01,5.956661578162031674e+02
-1.662534133049963225e-01,-1.656778695829592973e-01,-1.656778695829592973e-01,-1.656778695829592696e-01,5.921779150857307741e+02
-1.701673643157449733e-01,-1.695929635093320065e-01,-1.695929635093320065e-01,-1.695929635093320065e-01,5.906993417583615837e+02
-1.730250037968550370e-01,-1.723933364028624182e-01,-1.723933364028624182e-01,-1.723933364028624460e-01,5.910326149019089144e+02
-1.758918640755567364e-01,-1.752143052698057479e-01,-1.752143052698057479e-01,-1.752143052698057479e-01,5.929086974019908212e+02
-1.807874433158359329e-01,-1.801094018568041577e-01,-1.801094018568041577e-01,-1.801094018568041299e-01,5.960175761224627422e+02
-1.895953700444638623e-01,-1.889807646274241359e-01,-1.889807646274241359e-01,-1.889807646274241637e-01,6.000460549689444179e+02
-2.025448862456642740e-01,-2.020818303117516146e-01,-2.020818303117516146e-01,-2.020818303117515868e-01,6.047073412219606325e+02
-2.181447957024630624e-01,-2.179182818255429033e-01,-2.179182818255429033e-01,-2.179182818255429310e-01,6.097508003931316125e+02
-2.345984213523586437e-01,-2.346421796129493087e-01,-2.346421796129493087e-01,-2.346421796129493642e-01,6.149553774985402015e+02
-2.508140960053505952e-01,-2.510996397922501955e-01,-2.510996397922501955e-01,-2.510996397922501955e-01,6.201161192296663103e+02
-2.664560955947332110e-01,-2.669235391578924088e-01,-2.669235391578924088e-01,-2.669235391578925198e-01,6.250396900388939230e+02
-2.817585526505778648e-01,-2.823505499050062428e-01,-2.823505499050062428e-01,-2.823505499050062983e-01,6.295572635004283484e+02
-2.972190416290135251e-01,-2.978937938636797012e-01,-2.978937938636797012e-01,-2.978937938636797012e-01,6.335438151160497000e+02
-3.131867117131691969e-01,-3.139181819997750589e-01,-3.139181819997750589e-01,-3.139181819997750589e-01,6.369271410837332041e+02
-3.296056707012720022e-01,-3.303880263060512967e-01,-3.303880263060512967e-01,-3.303880263060512967e-01,6.396880993060997298e+02
-3.459451278807270658e-01,-3.467897899523534888e-01,-3.467897899523534888e-01,-3.467897899523534888e-01,6.418590836637622488e+02
-3.614698999902687948e-01,-3.623782702425354385e-01,-3.623782702425354385e-01,-3.623782702425354385e-01,6.435134354972811934e+02
-3.757797846820010723e-01,-3.767121317469355191e-01,-3.767121317469355191e-01,-3.767121317469355746e-01,6.447485619893276407e+02
-3.888837894716359878e-01,-3.897577428341598704e-01,-3.897577428341598704e-01,-3.897577428341598704e-01,6.456775434021085402e+02
-4.006747383126832984e-01,-4.014035720258392614e-01,-4.014035720258392614e-01,-4.014035720258392059e-01,6.464234581341802368e+02
-4.106395453297221332e-01,-4.111828323988121481e-01,-4.111828323988121481e-01,-4.111828323988122036e-01,6.471048377414426795e+02
-4.181046023105196574e-01,-4.184793459244597891e-01,-4.184793459244597891e-01,-4.184793459244597891e-01,6.478259046428620422e+02
-4.224969647080227819e-01,-4.227342663773023257e-01,-4.227342663773023257e-01,-4.227342663773024367e-01,6.486855629670685630e+02
-4.233578822410818399e-01,-4.234535320030329841e-01,-4.234535320030329841e-01,-4.234535320030328731e-01,6.497921653068100341e+02
-4.203670564013844979e-01,-4.202770385191348934e-01,-4.202770385191348934e-01,-4.202770385191348934e-01,6.512650532679765547e+02
-4.135711319865702507e-01,-4.132506583355646246e-01,-4.132506583355646246e-01,-4.132506583355645136e-01,6.532200163513399502e+02
-4.035228323838602194e-01,-4.029737292234483736e-01,-4.029737292234483736e-01,-4.029737292234483736e-01,6.557501322298745663e+02
-3.909834286010973603e-01,-3.902836106791596760e-01,-3.902836106791596760e-01,-3.902836106791597315e-01,6.589191506759552794e+02
-3.764288642114296812e-01,-3.757414068401571106e-01,-3.757414068401571106e-01,-3.757414068401570550e-01,6.627697809966043678e+02
-3.598700684164827801e-01,-3.594278123353416010e-01,-3.594278123353416010e-01,-3.594278123353416565e-01,6.673186349227522669e+02
-3.410764094646701050e-01,-3.411012635959863037e-01,-3.411012635959863037e-01,-3.411012635959861927e-01,6.725267473971541676e+02
-3.197469034573859337e-01,-3.203131721614544958e-01,-3.203131721614544958e-01,-3.203131721614544958e-01,6.782820631367059150e+02
-2.951636555455008359e-01,-2.961470560294778287e-01,-2.961470560294778287e-01,-2.961470560294776622e-01,6.844067288460657892e+02
-2.656055264833994678e-01,-2.667707298278161887e-01,-2.667707298278161887e-01,-2.667707298278160777e-01,6.906700943948470695e+02
-2.285209175243728685e-01,-2.296120162304032264e-01,-2.296120162304032264e-01,-2.296120162304032264e-01,6.968115562454675000e+02
-1.821177243564331139e-01,-1.828853262399060819e-01,-1.828853262399060819e-01,-1.828853262399061097e-01,7.025719315324129184e+02
-1.271841364112553663e-01,-1.274076085758174826e-01,-1.274076085758174826e-01,-1.274076085758175103e-01,7.077150892397128246e+02
-6.697341632772613185e-02,-6.650016243776772640e-02,-6.650016243776772640e-02,-6.650016243776779579e-02,7.120382047201208024e+02
-5.241848944255974099e-03,-4.003473832000781218e-03,-4.003473832000781218e-03,-4.003473832000684941e-03,7.153737329397627036e+02
5.560400750505477968e-02,5.761767280143648140e-02,5.761767280143648140e-02,5.761767280143655773e-02,7.175758406369633349e+02
1.152357850549676904e-01,1.180198445848991556e-01,1.180198445848991556e-01,1.180198445848992528e-01,7.184978393719038650e+02
1.751592996550399295e-01,1.787114753419942192e-01,1.787114753419942192e-01,1.787114753419942470e-01,7.179885455737489792e+02
2.380406809141910607e-01,2.423402093227592646e-01,2.423402093227592646e-01,2.423402093227593201e-01,7.159071607508077477e+02
3.070807009432037216e-01,3.120698407717901746e-01,3.120698407717901746e-01,3.120698407717901746e-01,7.121241868846690295e+02
3.857620006964781467e-01,3.913577800141441743e-01,3.913577800141441743e-01,3.913577800141439522e-01,7.064994770720860515e+02
4.778380780239164238e-01,4.839391283507039621e-01,4.839391283507039621e-01,4.839391283507042396e-01,6.988556761401296171e+02
5.867469346260008045e-01,5.932189704256104479e-01,5.932189704256104479e-01,5.932189704256104479e-01,6.889682460204143126e+02
7.143784588291959281e-01,7.210562972193166331e-01,7.210562972193166331e-01,7.210562972193167441e-01,6.765795471337532945e+02
8.598871531218694741e-01,8.666157848035962452e-01,8.666157848035962452e-01,8.666157848035965783e-01,6.614289716144215845e+02
1.018673153772403639e+00,1.025377770178453662e+00,1.025377770178453662e+00,1.025377770178453662e+00,6.432892273963101388e+02
1.181946557263960917e+00,1.188687561829129935e+00,1.188687561829129935e+00,1.188687561829129713e+00,6.219995995496104797e+02
1.337935269139751027e+00,1.344867981560227577e+00,1.344867981560227577e+00,1.344867981560227577e+00,5.974882193163512056e+02
1.474948935379318149e+00,1.482186381656706464e+00,1.482186381656706464e+00,1.482186381656706686e+00,5.697697513408885470e+02
1.584729000022674139e+00,1.592246521640932500e+00,1.592246521640932500e+00,1.592246521640932277e+00,5.389203640281385788e+02
1.663844728806783024e+00,1.671521250873831743e+00,1.671521250873831743e+00,1.671521250873831521e+00,5.050669649573030142e+02
1.712578767878650376e+00,1.720305086973681341e+00,1.720305086973681341e+00,1.720305086973681341e+00,4.684121138540616585e+02
1.732434767664003505e+00,1.740227060221426925e+00,1.740227060221426925e+00,1.740227060221427369e+00,4.292765808107901080e+02
1.723719983693270841e+00,1.731855474528166683e+00,1.731855474528166683e+00,1.731855474528166683e+00,3.881385867168378354e+02
1.684744266695952453e+00,1.693885531473884098e+00,1.693885531473884098e+00,1.693885531473883654e+00,3.456606534976055514e+02
1.613141861038151603e+00,1.624371909085002619e+00,1.624371909085002619e+00,1.624371909085002619e+00,3.026855436758958717e+02
1.507995375272888516e+00,1.522746135041032511e+00,1.522746135041032511e+00,1.522746135041032511e+00,2.601803895797913242e+02
1.371455489431118391e+00,1.391362936373645942e+00,1.391362936373645942e+00,1.391362936373645720e+00,2.191464254022528735e+02
1.209337042258715744e+00,1.236000081142798024e+00,1.236000081142798024e+00,1.236000081142798024e+00,1.805253817765865563e+02
1.030334391707419028e+00,1.064902531481675130e+00,1.064902531481675130e+00,1.064902531481675130e+00,1.451082161207177705e+02
8.443618383219420043e-01,8.869527612503558256e-01,8.869527612503558256e-01,8.869527612503559366e-01,1.134498805054621471e+02
6.608221590837703996e-01,7.099977217241330019e-01,7.099977217241330019e-01,7.099977217241331129e-01,8.581926857692582189e+01
4.871962547842126345e-01,5.399758313935442144e-01,5.399758313935442144e-01,5.399758313935443255e-01,6.222874858488999905e+01
3.288696425843928850e-01,3.815033394931955923e-01,3.815033394931955923e-01,3.815033394931955368e-01,4.255056907909886377e+01
1.906513923070512484e-01,2.395317801442313765e-01,2.395317801442313765e-01,2.395317801442313488e-01,2.665776041570234156e+01
7.828889882936290734e-02,1.201279943119871602e-01,1.201279943119871602e-01,1.201279943119871463e-01,1.446187640854919998e+01
-2.554139165739681069e-03,2.888339188778410102e-02,2.888339188778410102e-02,2.888339188778408714e-02,5.779019086044408837e+00
-4.955520084322895952e-02,-3.188763701809591705e-02,-3.188763701809591705e-02,-3.188763701809591705e-02,1.868036449689042255e-01
-6.587949207107245131e-02,-6.438666473882441454e-02,-6.438666473882441454e-02,-6.438666473882444230e-02,-2.939273018012870331e+00
-5.946173025462039852e-02,-7.428050727062832093e-02,-7.428050727062832093e-02,-7.428050727062832093e-02,-4.277519958477493667e+00
-4.027915059435677181e-02,-6.877094532540435623e-02,-6.877094532540435623e-02,-6.877094532540437011e-02,-4.444567325849410722e+00
-1.731819793864384366e-02,-5.487864624615674397e-02,-5.487864624615674397e-02,-5.487864624615673703e-02,-3.940159683907398236e+00
3.102313592629546771e-03,-3.831799220864408329e-02,-3.831799220864408329e-02,-3.831799220864409716e-02,-3.131821878739886156e+00
1.765808591864063970e-02,-2.300022772659485876e-02,-2.300022772659485876e-02,-2.300022772659485876e-02,-2.264006287378840465e+00
2.569785364617987664e-02,-1.102596527337861704e-02,-1.102596527337861704e-02,-1.102596527337861704e-02,-1.479841658511647617e+00
2.837594365657136047e-02,-3.005027661776569700e-03,-3.005027661776569700e-03,-3.005027661776570134e-03,-8.472570406740249638e-01
2.753804604239674242e-02,1.450915520496271188e-03,1.450915520496271188e-03,1.450915520496271188e-03,-3.834822562272657831e-01
2.489410164348521484e-02,3.220955207890076420e-03,3.220955207890076420e-03,3.220955207890076420e-03,-7.540040725136203104e-02
2.168837924123882127e-02,3.280104069751450108e-03,3.280104069751450108e-03,3.280104069751450108e-03,1.051778773779710185e-01
1.867977939777664895e-02,2.465962969921806861e-03,2.465962969921806861e-03,2.465962969921806861e-03,1.909663011272431654e-01
1.616725865882154972e-02,1.384373197269215443e-03,1.384373197269215443e-03,1.384373197269215443e-03,2.127799403285766389e-01
1.410593035864162598e-02,4.042694492368790484e-04,4.042694492368790484e-04,4.042694492368788316e-04,1.962810697485954936e-01
1.237344905128957839e-02,-2.999174547696160302e-04,-2.999174547696160302e-04,-2.999174547696158133e-04,1.607907708892427900e-01
1.094430654847057711e-02,-6.907555756254149916e-04,-6.907555756254149916e-04,-6.907555756254149916e-04,1.195641160586825291e-01
9.862179336192770235e-03,-8.116915244906016845e-04,-8.116915244906016845e-04,-8.116915244906020097e-04,8.069989101961946854e-02
9.170891700862606258e-03,-7.423267706287465465e-04,-7.423267706287465465e-04,-7.423267706287467634e-04,4.835792830160529077e-02
8.862553985143999807e-03,-5.670754736421682388e-04,-5.670754736421682388e-04,-5.670754736421683472e-04,2.397316573785267246e-02
8.827733341844711326e-03,-3.560432398909944450e-04,-3.560432398909944450e-04,-3.560432398909944450e-04,7.260125779778355687e-03
8.898123810091354211e-03,-1.582438836439552850e-04,-1.582438836439552850e-04,-1.582438836439552850e-04,-2.960261933797914483e-03
8.926758431644586309e-03,-1.092910705348095099e-06,-1.092910705348095099e-06,-1.092910705348102934e-06,-8.217624920136560457e-03
8.820734625938108850e-03,1.051806700847541018e-04,1.051806700847541018e-04,1.051806700847540883e-04,-1.002350060805814493e-02
8.577672482139602275e-03,1.621712878574235424e-04,1.621712878574235424e-04,1.621712878574235424e-04,-9.675428157021015788e-03
8.290587810578351272e-03,1.786853318300143001e-04,1.786853318300143001e-04,1.786853318300143001e-04,-8.184838584225574004e-03
8.070483157430217991e-03,1.663342290350323374e-04,1.663342290350323374e-04,1.663342290350323374e-04,-6.260004274993481548e-03
7.947282779122053289e-03,1.370427761231159775e-04,1.370427761231159775e-04,1.370427761231160046e-04,-4.354967653513327173e-03
7.864208755580998078e-03,1.008127538434638718e-04,1.008127538434638718e-04,1.008127538434638854e-04,-2.716094770570005867e-03
7.768788463667870153e-03,6.504213648874427559e-05,6.504213648874427559e-05,6.504213648874424848e-05,-1.444279512568019197e-03
7.692766023988431220e-03,3.443055157898936561e-05,3.443055157898936561e-05,3.443055157898936561e-05,-5.472282957055963747e-04
7.729514728109171742e-03,1.109961415447963398e-05,1.109961415447963398e-05,1.109961415447963398e-05,2.314257982472842188e-05
7.899148952963237769e-03,-4.549968438063081637e-06,-4.549968438063081637e-06,-4.549968438063081637e-06,3.351654227741198105e-04
8.081578264521887753e-03,-1.346072093206864085e-05,-1.346072093206864085e-05,-1.346072093206863915e-05,4.630099897380978054e-04
8.159465827579939767e-03,-1.710021128484496539e-05,-1.710021128484496539e-05,-1.710021128484496539e-05,4.715706645301662322e-04
8.177508201683126796e-03,-1.708074394976618352e-05,-1.708074394976618352e-05,-1.708074394976618352e-05,4.128060324039961441e-04
8.253271122075219249e-03,-1.489806411968463608e-05,-1.489806411968463608e-05,-1.489806411968463608e-05,3.251184425073942795e-04
8.380137232349902515e-03,-1.167012107825940966e-05,-1.167012107825940966e-05,-1.167012107825941304e-05,2.326878845375609031e-04
8.488657804860256714e-03,-8.266518806426977661e-06,-8.266518806426977661e-06,-8.266518806426977661e-06,1.504885798666200526e-04
8.611126954462047789e-03,-5.182869713492440073e-06,-5.182869713492440073e-06,-5.182869713492440920e-06,8.471686143914200409e-05
8.830398362335671603e-03,-2.699441947139642440e-06,-2.699441947139642440e-06,-2.699441947139642863e-06,3.693534964093660996e-05
9.161601533427531432e-03,-9.075232499382187402e-07,-9.075232499382187402e-07,-9.075232499382187402e-07,5.627480707311722855e-06
9.547954870858191972e-03,2.522641778330753482e-07,2.522641778330753482e-07,2.522641778330752423e-07,-1.257045723780072392e-05
9.900345526522653233e-03,8.679955349690577737e-07,8.679955349690577737e-07,8.679955349690579854e-07,-2.083702278944949001e-05
1.012460761240971049e-02,1.098144002219508453e-06,1.098144002219508453e-06,1.098144002219508665e-06,-2.269131442758377579e-05
1.016070106737334069e-02,1.067220414853119584e-06,1.067220414853119584e-06,1.067220414853119584e-06,-2.063863656560896209e-05
1.001127821966659760e-02,8.951226592257865267e-07,8.951226592257865267e-07,8.951226592257865267e-07,-1.671846337334577506e-05
9.697100658316613192e-03,6.739249468025611604e-07,6.739249468025611604e-07,6.739249468025609486e-07,-1.234802808810831054e-05
9.153017706446961096e-03,4.526812522287695599e-07,4.526812522287695599e-07,4.526812522287696658e-07,-8.216285224728279968e-06
8.289395551956717928e-03,2.725451975231279548e-07,2.725451975231279548e-07,2.725451975231280607e-07,-4.877126990565696179e-06
7.250512471703801642e-03,1.371766808335556624e-07,1.371766808335556624e-07,1.371766808335556624e-07,-2.341819318985334107e-06
6.422845368048779764e-03,4.949634578716229224e-08,4.949634578716229224e-08,4.949634578716229224e-08,-6.357562128724321766e-07
6.065238893651563046e-03,3.694900966453007460e-10,3.694900966453007460e-10,3.694900966453010045e-10,3.850804468247638499e-07
5.994384318108703612e-03,-2.245903347592156834e-08,-2.245903347592156834e-08,-2.245903347592157165e-08,9.193712842888898564e-07
5.555869144176679014e-03,-2.632711595248599985e-08,-2.632711595248599985e-08,-2.632711595248600646e-08,1.066113113535642114e-06
3.883731540112877242e-03,-2.236514243893930018e-08,-2.236514243893930018e-08,-2.236514243893930018e-08,1.026104108151180435e-06
5.044914548057426867e-04,-1.456816106966628958e-08,-1.456816106966628958e-08,-1.456816106966628627e-08,8.525843061011073894e-07
-4.035066913191771680e-03,-7.486952204940934217e-09,-7.486952204940934217e-09,-7.486952204940932563e-09,6.457191984781778293e-07
-8.177940746756914847e-03,-2.569278516994072459e-09,-2.569278516994072459e-09,-2.569278516994072872e-09,4.494921578792904232e-07
-1.008457319225445313e-02,4.747382773513905385e-11,4.747382773513905385e-11,4.747382773513907970e-11,2.703701036422335706e-07
-8.545143271372842436e-03,7.821716623038044543e-10,7.821716623038044543e-10,7.821716623038044543e-10,1.465060602144903228e-07
-3.649398443736155337e-03,4.218808289955565683e-10,4.218808289955565683e-10,4.218808289955566200e-10,4.874430559381705759e-08
3.081836314726821117e-03,-1.930827482700063086e-10,-1.930827482700063086e-10,-1.930827482700063345e-10,-6.354120250918060932e-09
9.211160792495476715e-03,-6.951797089144693991e-10,-6.951797089144693991e-10,-6.951797089144693991e-10,-3.699743016571682305e-08
1.232447290884040002e-02,-9.617573551236315522e-10,-9.617573551236315522e-10,-9.617573551236315522e-10,-5.169442935018358438e-08
1.146480158394690661e-02,-8.563850182159408062e-10,-8.563850182159408062e-10,-8.563850182159405994e-10,-4.803537315951427971e-08
8.487843859840176614e-03,-7.362617042638803352e-10,-7.362617042638803352e-10,-7.362617042638803352e-10,-4.477409865929370534e-08
6.738543318076364343e-03,-4.993073607033454002e-10,-4.993073607033454002e-10,-4.993073607033455036e-10,-3.282876860173965814e-08
7.238364890373136934e-03,-3.468510916358467440e-10,-3.468510916358467440e-10,-3.468510916358467440e-10,-2.402939564920100394e-08
7.505579833348692206e-03,-2.282816539322980302e-10,-2.282816539322980302e-10,-2.282816539322980302e-10,-1.575705255015490723e-08
4.645142814232774628e-03,-1.167233376572914335e-10,-1.167233376572914335e-10,-1.167233376572914335e-10,-7.634474107235489095e-09
-1.612643529213664186e-03,-7.106873077777859164e-11,-7.106873077777859164e-11,-7.106873077777861749e-11,-4.399380540424891338e-09
-8.912240541169623095e-03,7.687515241729515453e-12,7.687515241729515453e-12,7.687515241729513837e-12,3.207863658747976005e-10
-1.426416396283907914e-02,2.356927769478880637e-11,2.356927769478880637e-11,2.356927769478881283e-11,1.119659509516500449e-09
-1.591529834888652864e-02,4.863583758430722774e-11,4.863583758430722774e-11,4.863583758430724067e-11,2.282000061680444336e-09
-1.397627879682196948e-02,5.707607774488320047e-11,5.707607774488320047e-11,5.707607774488320047e-11,2.663055624632384759e-09
-9.946167910304167664e-03,3.905362899160663518e-11,3.905362899160663518e-11,3.905362899160663518e-11,1.783797453122161372e-09
-5.747611643453721421e-03,4.521810223782101417e-11,4.521810223782101417e-11,4.521810223782101417e-11,2.124583734381850730e-09
-2.771672617105147562e-03,2.032452600002903467e-11,2.032452600002903467e-11,2.032452600002903790e-11,9.845484191059991893e-10
-1.417532826677773104e-03,1.926299789654710438e-11,1.926299789654710438e-11,1.926299789654710761e-11,9.737411076837476383e-10
-1.297219348263839922e-03,9.382021144860656879e-12,9.382021144860656879e-12,9.382021144860658495e-12,5.041444608341411237e-10
-1.735284109767437893e-03,1.720675778916038294e-12,1.720675778916038294e-12,1.720675778916038698e-12,1.016236170786258899e-10
-2.144933599320051829e-03,3.932444314109178725e-12,3.932444314109178725e-12,3.932444314109178725e-12,2.323027328040153827e-10
-2.187404267555373254e-03,-3.360526878520893705e-12,-3.360526878520893705e-12,-3.360526878520893705e-12,-2.210034694681544145e-10
-1.787107686589105683e-03,3.661370587050427351e-13,3.661370587050427351e-13,3.661370587050427856e-13,2.018410633647614187e-11
-1.055720888887362813e-03,-2.177990464066826651e-12,-2.177990464066826651e-12,-2.177990464066826651e-12,-1.658047463431003252e-10
-1.761320884044417941e-04,-1.572848173389909562e-12,-1.572848173389909562e-12,-1.572848173389909360e-12,-1.236118437867091574e-10
6.939951549765766958e-04,-3.486593038356935008e-13,-3.486593038356935008e-13,-3.486593038356935008e-13,-2.539515946800001224e-11
1.462446266991506653e-03,-1.929068810607880187e-12,-1.929068810607880187e-12,-1.929068810607879783e-12,-1.478789567002589006e-10
2.088441188959235320e-03,2.570277824234123433e-13,2.570277824234123433e-13,2.570277824234122423e-13,3.246432499691952044e-11
2.559648477895073212e-03,-1.247282640030924299e-12,-1.247282640030924299e-12,-1.247282640030924500e-12,-7.465081888247442071e-11
2.884526774823659330e-03,-1.848204077390718396e-13,-1.848204077390718396e-13,-1.848204077390718901e-13,9.388059553156927162e-12
3.078968816825417704e-03,-2.208081925949798141e-13,-2.208081925949798141e-13,-2.208081925949799403e-13,1.306345258337456222e-11
3.157846915916735428e-03,-6.847498480260945216e-13,-6.847498480260945216e-13,-6.847498480260945216e-13,-2.231869279683178364e-11
3.144129389937202600e-03,4.140688824526332499e-13,4.140688824526332499e-13,4.140688824526333508e-13,4.917808143469054853e-11
3.060446732798677728e-03,-4.791610549356508546e-13,-4.791610549356508546e-13,-4.791610549356508546e-13,-2.290565983578348135e-11
2.904695963793979194e-03,5.336721054979797231e-13,5.336721054979797231e-13,5.336721054979797231e-13,2.611754805863331718e-11
2.651593713208386712e-03,3.849503783711688359e-13,3.849503783711688359e-13,3.849503783711688864e-13,-1.110653761438386213e-11
2.280318149373166976e-03,6.876259566770567879e-13,6.876259566770567879e-13,6.876259566770566870e-13,-2.711878292801956483e-11
1.798777562040254716e-03,1.211084195846128909e-12,1.211084195846128909e-12,1.211084195846129111e-12,-2.671193556763821619e-11
1.244994679159094767e-03,6.524764866215008220e-13,6.524764866215008220e-13,6.524764866215008220e-13,-8.569961659510028971e-11
6.719985873009867456e-04,6.527706122902168230e-13,6.527706122902168230e-13,6.527706122902168230e-13,-8.444982708271357651e-11
1.343613018729892757e-04,-6.642686796325272759e-13,-6.642686796325272759e-13,-6.642686796325277808e-13,-1.378121172134608727e-10
-3.188989371938518976e-04,-1.684001951018661624e-12,-1.684001951018661624e-12,-1.684001951018661220e-12,-1.498511698991044331e-10
-6.342993151652107217e-04,-2.510556323647343267e-12,-2.510556323647343267e-12,-2.510556323647342863e-12,-1.514275863074933840e-10
-7.494289024428929915e-04,-2.465689111429663488e-12,-2.465689111429663488e-12,-2.465689111429663488e-12,-1.308945772542343221e-10
-6.474138704283868145e-04,-3.730480982594068869e-13,-3.730480982594068869e-13,-3.730480982594068869e-13,-2.875795088622311542e-11
-4.098689107905348697e-04,3.078702464564272038e-12,3.078702464564272038e-12,3.078702464564272038e-12,1.232501957417643951e-10
-1.845376515297068116e-04,9.038020977806488969e-12,9.038020977806488969e-12,9.038020977806490585e-12,4.021369994444190173e-10
-3.371143207526507564e-05,1.725339317284624471e-11,1.725339317284624471e-11,1.725339317284624471e-11,7.875235104178783154e-10
-2.516973760599286122e-05,2.813342369078017018e-11,2.813342369078017018e-11,2.813342369078017018e-11,1.298257113792449784e-09
-1.674786382474611262e-05,4.111771854842200332e-11,4.111771854842200332e-11,4.111771854842199039e-11,1.914265724692847707e-09
