# Pank,Pftd,Par,GRF
2.685514300026390147e-02,-8.388874618134746876e-12,2.685514299187502854e-02,-6.101229961106478208e-11
3.009938601272119096e-02,-5.712026435573087822e-12,3.009938600700916289e-02,-4.250950292431101695e-11
2.925654061896178215e-02,-3.460937083975602249e-12,2.925654061550084575e-02,-2.656746608968766800e-11
2.676881540272866081e-02,-1.779333936080599169e-12,2.676881540094932718e-02,-1.417671248340266333e-11
2.400675572126002508e-02,-6.514873219242242669e-13,2.400675572060853927e-02,-5.418537715510918390e-12
2.166647568904640081e-02,1.907098878178770999e-14,2.166647568906546889e-02,1.530124222540031665e-13
2.009420778012957487e-02,3.535168881968729208e-13,2.009420778048309417e-02,3.219743850490597643e-12
1.937616962074475979e-02,4.628891936191117934e-13,1.937616962120764993e-02,4.477104910504768454e-12
1.932584940541607482e-02,4.410932831667722762e-13,1.932584940585716990e-02,4.579145590623777516e-12
1.943351348795926276e-02,3.543880905781036211e-13,1.943351348831364941e-02,4.014898285663947431e-12
1.884867106942629891e-02,2.499687380385856801e-13,1.884867106967626563e-02,3.164995295625030893e-12
1.650815842189303981e-02,1.553687650930386210e-13,1.650815842204840858e-02,2.274508044903603178e-12
1.156857192657513231e-02,8.229663111087256468e-14,1.156857192665742932e-02,1.465173154131408607e-12
4.164528451426996285e-03,3.561745701956440765e-14,4.164528451462613627e-03,8.364665166100063878e-13
-4.119465774060519780e-03,9.925329248515412722e-15,-4.119465774050594560e-03,3.598552833588465308e-13
-1.069765558825085117e-02,6.568813651163897088e-16,-1.069765558825019371e-02,5.944950395267766315e-14
-1.309631480326129901e-02,6.307191267342756760e-16,-1.309631480326066758e-02,-1.160632979603012999e-13
-1.009175569436716012e-02,4.815712360687848726e-15,-1.009175569436234453e-02,-2.101697868728987525e-13
-2.394829967865035741e-03,8.310578511185209584e-15,-2.394829967856725115e-03,-2.075410923003437798e-13
7.215917295947124957e-03,1.194681809817024885e-14,7.215917295959071998e-03,-2.137882826467673760e-13
1.429003015932952224e-02,1.065519098558327361e-14,1.429003015934017518e-02,-1.532384276523511363e-13
1.454871112468309954e-02,9.763746759656040805e-15,1.454871112469286257e-02,-1.220156489579590539e-13
7.481396671086335340e-03,7.740088719531770177e-15,7.481396671094075676e-03,-8.959678291745412171e-14
-2.059733875365446151e-03,2.410558888377321470e-15,-2.059733875363035319e-03,-2.729573473807118050e-14
-8.095564831444981846e-03,4.389595643655367823e-15,-8.095564831440592996e-03,-5.109248893510187731e-14
-8.613343782198707582e-03,-1.779945728891702139e-15,-8.613343782200487408e-03,2.204757456981865449e-14
-4.898870508469368654e-03,1.156368400994699550e-15,-4.898870508468212460e-03,-1.560364639447054979e-14
1.304484698964196703e-03,-6.326421559237500731e-16,1.304484698963563963e-03,9.481586782983783641e-15
8.139300644401421467e-03,-1.995533200886774046e-15,8.139300644399426535e-03,3.425158693844270086e-14
1.349600618681822892e-02,1.883840393715361894e-15,1.349600618682011109e-02,-3.786948601342610801e-14
1.609244480002320135e-02,-2.934138956094440157e-15,1.609244480002026620e-02,7.106338155536791523e-14
1.618319493381820129e-02,1.816792030793965736e-15,1.618319493382001928e-02,-5.453109598039770312e-14
1.486638299594030856e-02,-1.096697456199441428e-15,1.486638299593921221e-02,4.186866861735341491e-14
1.299757592803510442e-02,-1.701817405026546191e-16,1.299757592803493442e-02,8.517691517759644781e-15
1.086571893535349248e-02,8.882325735627533812e-16,1.086571893535438066e-02,-5.913185477280631443e-14
8.540697083213378768e-03,-1.246823946920490841e-15,8.540697083212131502e-03,1.118598555509849324e-13
6.156503193492579400e-03,1.164774341500025716e-15,6.156503193493744266e-03,-1.397771728899159970e-13
3.881209542161393519e-03,-8.211421891731603406e-16,3.881209542160572561e-03,1.286082962321538613e-13
1.839320212183238835e-03,3.607464991559601320e-16,1.839320212183599658e-03,-7.127141838554832604e-14
1.174718909691074934e-04,1.283815318702093196e-16,1.174718909692358765e-04,-3.004803877374034304e-14
-1.214015644828968362e-03,-5.476317651558693145e-16,-1.214015644829516101e-03,1.502630034561269270e-13
-2.106477476384103435e-03,8.357777060778346213e-16,-2.106477476383267732e-03,-2.578506187930452095e-13
-2.551104255210899507e-03,-9.105707218515953758e-16,-2.551104255211810237e-03,3.088955850679665213e-13
-2.578530465052933981e-03,7.350641759312074976e-16,-2.578530465052198892e-03,-2.709050477298010659e-13
-2.234260709506651413e-03,-3.198505094989967245e-16,-2.234260709506971036e-03,1.279022470400559797e-13
-1.564766385001008274e-03,-2.486515985449818207e-16,-1.564766385001256773e-03,1.026886357090500317e-13
-6.344679236737255004e-04,8.343544695009352568e-16,-6.344679236728912068e-04,-3.690824827830592041e-13
4.513779047183811427e-04,-1.279161176880168566e-15,4.513779047171020010e-04,5.914372444879242464e-13
1.548230835480629824e-03,1.429212272827719632e-15,1.548230835482059019e-03,-6.794008194944370867e-13
2.499160465426439846e-03,-1.168043747569482533e-15,2.499160465425271944e-03,5.623494524434450889e-13
3.170593421773992664e-03,4.466159895155333812e-16,3.170593421774439355e-03,-2.163484193902568561e-13
3.482913998501837010e-03,6.623513594498172017e-16,3.482913998502499674e-03,-3.100528920567937301e-13
3.426991648620212119e-03,-1.927872082741536910e-15,3.426991648618284841e-03,8.922278196935754653e-13
3.066243153101104457e-03,2.970479582957055535e-15,3.066243153104075171e-03,-1.349095174431784291e-12
2.516536908091856692e-03,-3.333187136616897586e-15,2.516536908088523421e-03,1.483074949117017503e-12
1.893601981194854064e-03,2.635938952482321809e-15,1.893601981197489759e-03,-1.153637488921729283e-12
1.270855968990884481e-03,-7.366992528617227574e-16,1.270855968990147657e-03,3.233845276294035713e-13
6.923781399320361228e-04,-2.018926622620164094e-15,6.923781399300172300e-04,8.672042785048177964e-13
1.970162080825925237e-04,4.895346358259468367e-15,1.970162080874878863e-04,-2.134948257599562041e-12
-1.917213317687804742e-04,-6.914957672853375645e-15,-1.917213317756954344e-04,3.054248344773126583e-12
-4.777366244167843726e-04,7.249185474002900119e-15,-4.777366244095351258e-04,-3.218368850331204945e-12
-6.787674494020735395e-04,-5.274603591052702045e-15,-6.787674494073480747e-04,2.327304425905228535e-12
-8.146650427290069718e-04,8.164815546694051803e-16,-8.146650427281904592e-04,-3.624996577189662641e-13
-9.079090362178324821e-04,5.728104162593404851e-15,-9.079090362121043168e-04,-2.317225520037367128e-12
-9.719976225898144988e-04,-1.344251448196531360e-14,-9.719976226032570879e-04,5.060513082127549948e-12
-1.002743613584204663e-03,2.017869508532340733e-14,-1.002743613564026142e-03,-6.860999007550314977e-12
-1.001529871641522332e-03,-2.290231638048788052e-14,-1.001529871664424585e-03,6.952113092277817548e-12
-9.946870530891003485e-04,1.690763014160494516e-14,-9.946870530721928661e-04,-4.574060306439755934e-12
-1.017556431582301553e-03,-9.052339626234289447e-17,-1.017556431582392193e-03,4.597716398960985888e-14
-1.093335992131957502e-03,-2.814705652604459473e-14,-1.093335992160104474e-03,6.059536424457863285e-12
-1.223640450016867101e-03,6.098927773621280631e-14,-1.223640449955877910e-03,-1.180933879975065872e-11
-1.382547957383221124e-03,-8.852575504445024513e-14,-1.382547957471746882e-03,1.539933754588842798e-11
-1.521689052456117472e-03,9.466612683195352925e-14,-1.521689052361451444e-03,-1.482820461504028217e-11
-1.596576966501088305e-03,-6.196024453976785281e-14,-1.596576966563048507e-03,8.790772720510182048e-12
-1.592973816208800983e-03,-1.238254085370315930e-14,-1.592973816221183656e-03,1.573120021045250784e-12
-1.520725799251739559e-03,1.281393704654809678e-13,-1.520725799123600090e-03,-1.559184400525926545e-11
-1.392155807527702864e-03,-2.323480229312240501e-13,-1.392155807760050859e-03,2.700011226938741622e-11
-1.218625439331129726e-03,3.112335858696473878e-13,-1.218625439019896048e-03,-3.494648345561871833e-11
-1.015476920193484527e-03,-2.813470002999184464e-13,-1.015476920474831521e-03,3.043607556526371015e-11
-8.043638157161807963e-04,1.691378791395382695e-13,-8.043638155470428722e-04,-1.756347153154167564e-11
-6.166467100990784874e-04,8.975312537198105686e-14,-6.166467100093253042e-04,-8.805298444893463462e-12
-4.873199122077865220e-04,-4.013864257722048838e-13,-4.873199126091729656e-04,3.747912780440106938e-11
-4.287480103537691205e-04,7.125787849727578328e-13,-4.287480096411903072e-04,-6.297428609396021718e-11
-4.183170665560062844e-04,-9.277650452993280285e-13,-4.183170674837713649e-04,7.772037273134987652e-11
-4.224784636786330354e-04,7.752222639337108937e-13,-4.224784629034107554e-04,-6.133608929146926637e-11
-4.294147895259971303e-04,-4.874012743314013332e-13,-4.294147900133983738e-04,3.682052713004311499e-11
-4.753504666784526440e-04,-5.243642511118147830e-13,-4.753504672028169417e-04,3.739473745211800161e-11
-6.594784079351118143e-04,1.167407884020804999e-12,-6.594784067677039556e-04,-7.825620721947286986e-11
-1.098311107635819130e-03,-2.558599014433460626e-12,-1.098311110194418079e-03,1.628363991372602560e-10
-1.810069567163190849e-03,2.470798280901476608e-12,-1.810069564692392543e-03,-1.476190793573249072e-10
-2.669737335229180070e-03,-2.716182630020947690e-12,-2.669737337945362818e-03,1.522847093976942350e-10
-3.511619507701010685e-03,7.720633879576019094e-13,-3.511619506928946848e-03,-4.035325831067567567e-11
-4.229258128766573421e-03,1.785700845710375478e-12,-4.229258126980872494e-03,-8.656992636916901483e-11
-4.787093311029706408e-03,-4.180261890296956226e-12,-4.787093315209967580e-03,1.892030755107557760e-10
-5.199204765508895661e-03,9.664914777088239864e-12,-5.199204755843980959e-03,-4.053801848088153964e-10
-5.503814126013429828e-03,-5.930713669703568981e-12,-5.503814131944143213e-03,2.340882760202220614e-10
-5.748863184848539143e-03,1.306482874796578543e-11,-5.748863171783710410e-03,-4.733452746259009168e-10
-5.980263631846781912e-03,5.993926344264790075e-12,-5.980263625852856070e-03,-1.996541916959039725e-10
-6.222435134978834652e-03,3.916884549739153732e-12,-6.222435131061950474e-03,-1.193170564392059328e-10
-6.494773556030110535e-03,3.114618999108325289e-11,-6.494773524883919874e-03,-9.155460680517045652e-10
-6.851194142850337149e-03,-1.380485913150888200e-11,-6.851194156655196314e-03,3.802884345166364863e-10
-7.364608660964773283e-03,4.062838507875751186e-11,-7.364608620336388078e-03,-1.039797106774909869e-09
-8.071348267940701635e-03,-2.476827079520277482e-11,-8.071348292708972402e-03,5.730472546803309598e-10
-8.949124909231560843e-03,-2.067504443514100939e-11,-8.949124929906605852e-03,4.297186304148756813e-10
-9.924217263461604030e-03,-3.498263736558081658e-11,-9.924217298444242344e-03,6.682146604903569974e-10
-1.087982632957134287e-02,-1.981149461538787552e-10,-1.087982652768628919e-02,3.572413468226080180e-09
-1.169812288763356738e-02,-1.226362911284648331e-10,-1.169812301026985912e-02,1.987238533779500014e-09
-1.235422208544676576e-02,-4.637966843152980003e-10,-1.235422254924345084e-02,6.922367851299310169e-09
-1.298336432004858557e-02,-4.209880995782170128e-10,-1.298336474103668585e-02,5.686471670499338231e-09
-1.384555387812526871e-02,-6.423266560329104424e-10,-1.384555452045192411e-02,7.899392075926196401e-09
-1.524775666511230497e-02,-8.556696488094385260e-10,-1.524775752078195469e-02,9.613881472718669734e-09
-1.749075551366724435e-02,-3.358240007705411444e-10,-1.749075584949124490e-02,3.481204371374851272e-09
-2.080438269407077975e-02,-5.792231780248839744e-10,-2.080438327329395959e-02,5.592102755929088564e-09
-2.524058446858559387e-02,1.186912309635920528e-09,-2.524058328167328238e-02,-1.052558209624033033e-08
-3.047835565195440230e-02,2.242375905539290040e-09,-3.047835340957849928e-02,-1.895338855591240742e-08
-3.556315977940807671e-02,4.980401066841524048e-09,-3.556315479900701293e-02,-4.096445458475478146e-08
-3.907920774694310928e-02,8.853892195108212464e-09,-3.907919889305091349e-02,-7.217716413162223412e-08
-4.029372021140766730e-02,1.137669500355043318e-08,-4.029370883471266457e-02,-9.349456335368982444e-08
-4.026974264837845235e-02,1.679099231496509072e-08,-4.026972585738614052e-02,-1.420914676803318322e-07
-4.087001379584655203e-02,1.744026113419640241e-08,-4.086999635558542093e-02,-1.540384282440290375e-07
-4.210850925510949833e-02,1.880365961146830814e-08,-4.210849045144988284e-02,-1.767757186040563883e-07
-4.139641594152040915e-02,1.506114820256202909e-08,-4.139640088037220556e-02,-1.533771423924257817e-07
-3.605863716174589895e-02,5.942668100635402849e-09,-3.605863121907779134e-02,-6.589698293425998851e-08
-2.588556530313301102e-02,-4.631595848447685495e-09,-2.588556993472886092e-02,6.432577128360715099e-08
-1.297325833418946049e-02,-2.225800514288338205e-08,-1.297328059219460435e-02,3.599329763507490544e-07
-2.892524777917213091e-05,-3.493967541989923877e-08,-2.896018745459203088e-05,7.151688273159555160e-07
1.077482853506908644e-02,-4.528688414773651200e-08,1.077478324818493920e-02,1.264680489352994621e-06
1.807928184614472633e-02,-4.503109903370976376e-08,1.807923681504568919e-02,1.911588746702630860e-06
2.134697651845680888e-02,-3.304698959347610729e-08,2.134694347146721960e-02,2.588212162141326515e-06
2.090195335735558699e-02,-1.190325390158291993e-08,2.090194145410168708e-02,3.290736710582416964e-06
1.791984468724556329e-02,1.186915381452600260e-08,1.791985655639937933e-02,3.587426908932658598e-06
1.404777767076123389e-02,2.711708176012302242e-08,1.404780478784299451e-02,3.454730693285145587e-06
1.069663568403904710e-02,1.109038428626915797e-08,1.069664677442333164e-02,2.207808250298437579e-06
8.612668567457152854e-03,-6.141897190182238964e-08,8.612607148485249692e-03,-5.143723178754089284e-07
7.996501740481956610e-03,-2.219136910556961239e-07,7.996279826790899867e-03,-5.221746390427230134e-06
8.839481134598134449e-03,-5.177151028672419623e-07,8.838963419495266677e-03,-1.272368022749763715e-05
1.104049507863225435e-02,-9.576911139228646394e-07,1.103953738751833023e-02,-2.279660314129488673e-05
1.424545009944349315e-02,-1.569688272982296910e-06,1.424388041117051126e-02,-3.591076488904912552e-05
1.778779573927895263e-02,-2.279609759358820192e-06,1.778551612951959071e-02,-5.055135616923863112e-05
2.088666017874530809e-02,-2.967787938080933852e-06,2.088369239080722570e-02,-6.484750001961212505e-05
2.304123876859134543e-02,-3.408004562370672261e-06,2.303783076402897423e-02,-7.519626726517725061e-05
2.431213977489420086e-02,-3.204502555563642443e-06,2.430893527233863802e-02,-7.502466876580031170e-05
2.505579021756225433e-02,-1.961473571380004111e-06,2.505382874399087259e-02,-5.740788481870102934e-05
2.551290062563826497e-02,9.207196785730256753e-07,2.551382134531683665e-02,-1.067535602168710881e-05
2.575225873862634421e-02,5.873757676000574906e-06,2.575813249630234600e-02,7.568073571714421007e-05
2.574686308163709469e-02,1.326644771450050988e-05,2.576012952935159694e-02,2.135205715782172674e-04
2.540553431826324260e-02,2.316133474965162691e-05,2.542869565301289492e-02,4.115025386773351647e-04
2.460694721088446668e-02,3.497124488916066135e-05,2.464191845577362941e-02,6.679828395356258216e-04
2.326041491282090576e-02,4.757569602979860038e-05,2.330799060885070315e-02,9.714602440603046802e-04
2.139605014128022689e-02,5.846321902516126096e-05,2.145451336030538766e-02,1.282124237081690805e-03
1.922547256482716460e-02,6.404279888439755330e-05,1.928951536371156100e-02,1.533831626203556280e-03
1.707261652622268575e-02,5.914468684164196687e-05,1.713176121306432889e-02,1.616451531318101147e-03
1.519585147654959126e-02,3.739324341465794286e-05,1.523324471996424789e-02,1.371699920611065123e-03
1.367010950992817581e-02,-7.806808833713890921e-06,1.366230270109446143e-02,5.998742233575383260e-04
1.243873578602322852e-02,-8.291478255546882992e-05,1.235582100346776027e-02,-9.453096586761813858e-04
1.145034286452042797e-02,-1.914178590653309298e-04,1.125892500545509767e-02,-3.504280276615920949e-03
1.072513764308895799e-02,-3.324935054966956117e-04,1.039264413759226346e-02,-7.281615563240558323e-03
1.032078888850035750e-02,-4.971803932617435435e-04,9.823608495238615040e-03,-1.234199941959260305e-02
1.030229686504064573e-02,-6.652291725867636027e-04,9.637067692453883325e-03,-1.848830178504259555e-02
1.075448366394563676e-02,-8.032699125370307584e-04,9.951213751408605895e-03,-2.511804648634522949e-02
1.176279425022419035e-02,-8.623984948117886622e-04,1.090039575541240126e-02,-3.099421965742062482e-02
1.331859476389516544e-02,-7.817001270251105636e-04,1.253689463687005477e-02,-3.410156829116382099e-02
1.523737349356538151e-02,-4.898069167858763468e-04,1.474756657677950625e-02,-3.143581942658141282e-02
1.725141761325492407e-02,8.868151363363113802e-05,1.734009912688855640e-02,-1.898554325297915207e-02
1.923448243104090502e-02,1.023195185311646634e-03,2.025767761635255057e-02,8.114749386325299102e-03
2.130315308799809668e-02,2.358578284321672172e-03,2.366173137231976711e-02,5.514584403744623303e-02
2.365566781667888599e-02,4.080503541935539061e-03,2.773617135861442332e-02,1.267442939047987438e-01
2.629941548696259832e-02,6.082797502972393799e-03,3.238221298993498865e-02,2.254110816364641168e-01
2.893833012479437097e-02,8.132675381022747008e-03,3.707100550581711451e-02,3.490243612977563248e-01
3.106783714051286616e-02,9.847951366198818418e-03,4.091578850671168804e-02,4.877267572128026196e-01
3.212381869500577358e-02,1.067351380368201236e-02,4.279733249868777900e-02,6.200709753759888754e-01
3.162294083342510886e-02,9.860664884783241352e-03,4.148360571820834675e-02,7.087285198140311770e-01
2.935710821443186791e-02,6.509372409013346877e-03,3.586648062344521132e-02,6.970048249459784850e-01
2.557298468318337792e-02,-2.867709446174625861e-04,2.528621373856591512e-02,5.065985480636011618e-01
2.093998965034125914e-02,-1.112888325134607850e-02,9.811106398995180639e-03,3.950294700703593093e-02
1.626623104171386752e-02,-2.583705834948937102e-02,-9.570827307775505235e-03,-8.142958162116088472e-01
1.215834264380858711e-02,-4.287070609443391356e-02,-3.071236345062532472e-02,-2.159920118236981157e+00
8.826111536906827357e-03,-5.883638209647714529e-02,-5.001027055957032313e-02,-4.067699516507114588e+00
6.117517174731059749e-03,-6.844168839924681669e-02,-6.232417122451576474e-02,-6.528697825992770376e+00
3.737363350620569527e-03,-6.531468883165894579e-02,-6.157732548103836412e-02,-9.392165316351777093e+00
1.370360207985186953e-03,-4.418695254282283685e-02,-4.281659233483765120e-02,-1.228789311769187087e+01
-1.529062176028578085e-03,-4.640966456237203240e-03,-6.170028632265781542e-03,-1.453924299219467287e+01
-5.999255673999299293e-03,4.419412717551805120e-02,3.819487150151875537e-02,-1.507942284837105262e+01
-1.318919441073219435e-02,8.010996504599572632e-02,6.692077063526352676e-02,-1.239436089104364314e+01
-2.301972330186144097e-02,6.934760467898956615e-02,4.632788137712812865e-02,-4.532056268242923736e+00
-3.274941510226280633e-02,-2.256176662719597964e-02,-5.531118172945879291e-02,1.076778179172143979e+01
-3.772919502507984801e-02,-2.100348105997262294e-01,-2.477640056248060774e-01,3.576991040211522233e+01
-3.750187253586487884e-02,-4.637749461726589639e-01,-5.012768187085238081e-01,7.219943335244776961e+01
-4.762664066974206523e-02,-7.005794986449633832e-01,-7.482061393147053652e-01,1.203977951824541464e+02
-1.045568083787030977e-01,-8.097004301900019296e-01,-9.142572385687049996e-01,1.783400716124648113e+02
-2.403584774563412296e-01,-7.222950639514071902e-01,-9.626535414077482811e-01,2.414956499409652508e+02
-4.379456387501996506e-01,-4.716263653110954746e-01,-9.095720040612950141e-01,3.045316339034000066e+02
-6.236338575532631712e-01,-1.690801502316399973e-01,-7.927140077849031963e-01,3.635586716591424192e+02
-7.124091221585910905e-01,8.288856141816917933e-02,-6.295205607404218417e-01,4.167254309621057473e+02
-6.559480051072105189e-01,2.438868063550347631e-01,-4.120611987521757280e-01,4.635103026506246238e+02
-4.610774130748291899e-01,3.214764250457668449e-01,-1.396009880290623451e-01,5.040783758346625518e+02
-1.828585913027883092e-01,3.370056719991635363e-01,1.541470806963752271e-01,5.387545603404231542e+02
1.014733489244555448e-01,3.107150679949882699e-01,4.121884169194438008e-01,5.676847020949364833e+02
3.270661073407154507e-01,2.614934231964328726e-01,5.885595305371482677e-01,5.911485047205966339e+02
4.639836603873856991e-01,2.057030139763083576e-01,6.696866743636940011e-01,6.100814288290765717e+02
5.166522905211508032e-01,1.538738357406965740e-01,6.705261262618473772e-01,6.259385057146677127e+02
5.072705962732571017e-01,1.102529750524020302e-01,6.175235713256591596e-01,6.400228546885772403e+02
4.583876030347160402e-01,7.526651986376335646e-02,5.336541228984794660e-01,6.531102431446963692e+02
3.851181046963407240e-01,4.790539478898497849e-02,4.330234994853257025e-01,6.655792826354246472e+02
2.965757126733528648e-01,2.697169719184770026e-02,3.235474098652005304e-01,6.775848393703194006e+02
2.000631575348494895e-01,1.172574796276820361e-02,2.117889054976176966e-01,6.890575150268208517e+02
1.040038789353794069e-01,1.957265940738749186e-03,1.059611448761181435e-01,6.996948287889129006e+02
1.873092381655926467e-02,-2.578850715768652400e-03,1.615207310079061487e-02,7.090319093986380494e+02
-4.554814863272314829e-02,-2.742892315632249316e-03,-4.829104094835540151e-02,7.165310004174560845e+02
-8.241174311352508774e-02,1.518517241973363801e-05,-8.239655794110534170e-02,7.216604055635314126e+02
-9.140606748483529054e-02,4.195518662312952389e-03,-8.721054882252234075e-02,7.239763873842390467e+02
-7.771189824083707398e-02,8.751334624715336255e-03,-6.896056361612173946e-02,7.232052018095661197e+02
-5.064574488305916694e-02,1.320036061202664937e-02,-3.744538427103252104e-02,7.193008548543419920e+02
-2.169861900240175473e-02,1.740306348443519668e-02,-4.295555517966558913e-03,7.124622764190022508e+02
-1.427462183676212262e-03,2.133604698073700984e-02,1.990858479706079931e-02,7.031098159279567881e+02
4.000514398220991058e-03,2.509448280506034260e-02,2.909499720328133712e-02,6.918204667870422782e+02
-6.511255728973128903e-03,2.899079567127042442e-02,2.247953994229729552e-02,6.792357421206488652e+02
-3.129461229850273585e-02,3.349859936877747774e-02,2.203987070274745358e-03,6.659845458966605065e+02
-6.722933189528185194e-02,3.899215438833809888e-02,-2.823717750694376000e-02,6.526472439383634310e+02
-1.091741603727071630e-01,4.542311153991047956e-02,-6.375104883279668344e-02,6.397346440927333333e+02
-1.510539486229428852e-01,5.213825048236455512e-02,-9.891569814057833698e-02,6.276566011438198984e+02
-1.885641569192618439e-01,5.811162142263035651e-02,-1.304525354966314943e-01,6.167007881644118470e+02
-2.194424921808507956e-01,6.255396912203936566e-02,-1.568885230588114021e-01,6.070412453615243749e+02
-2.418487908079142157e-01,6.526870946078192071e-02,-1.765800813471322950e-01,5.987598492526230984e+02
-2.550285060548602156e-01,6.653870730434273406e-02,-1.884897987505174954e-01,5.918591655568999386e+02
-2.610249826338271739e-01,6.697519122381653811e-02,-1.940497914100106636e-01,5.862693019020683778e+02
-2.633731370600230770e-01,6.731406964700303863e-02,-1.960590674130200106e-01,5.818677932989411374e+02
-2.646810731415247253e-01,6.807923315424295463e-02,-1.966018399872817568e-01,5.785218347760827555e+02
-2.666771767681252459e-01,6.955009038478564276e-02,-1.971270863833396170e-01,5.761254028871330775e+02
-2.707088400468180001e-01,7.196283018189437997e-02,-1.987460098649236340e-01,5.746038445250991344e+02
-2.769686147249112440e-01,7.531047285468578378e-02,-2.016581418702254325e-01,5.739029445211953089e+02
-2.847071326754452292e-01,7.887904226206396419e-02,-2.058280904133812372e-01,5.739796358406686068e+02
-2.936597805690326357e-01,8.137108284878448450e-02,-2.122886977202481096e-01,5.747982838308034843e+02
-3.048783640061708544e-01,8.167913579998092866e-02,-2.231992282061899258e-01,5.763358480540248365e+02
-3.204402358785550797e-01,7.931433832844916876e-02,-2.411258975501059110e-01,5.785806244084674290e+02
-3.418373967517255863e-01,7.403397314481331704e-02,-2.678034236069122831e-01,5.815259664346536965e+02
-3.679163344389347334e-01,6.545153518638475998e-02,-3.024647992525499318e-01,5.851750755807139512e+02
-3.949947962267585377e-01,5.334370496897210268e-02,-3.416510912577864212e-01,5.895435455677263690e+02
-4.198308824249486482e-01,3.831520998612267942e-02,-3.815156724388259479e-01,5.946448620855534273e+02
-4.422785384185524138e-01,2.212061126210799339e-02,-4.201579271564443996e-01,6.004686514428977944e+02
-4.647769852254775569e-01,7.449812564929443603e-03,-4.573271726605481202e-01,6.069710127196553913e+02
-4.888316989576007576e-01,-2.864303188681298351e-03,-4.916960021462820629e-01,6.140762473781594508e+02
-5.114297788915828091e-01,-6.999871613435510245e-03,-5.184296505050182136e-01,6.216772845197596098e+02
-5.257670550895530148e-01,-4.876922577258503699e-03,-5.306439776668115949e-01,6.296520538226867529e+02
-5.257570143366624427e-01,1.839472249195904996e-03,-5.239175420874665479e-01,6.378986824915450597e+02
-5.090702634073472899e-01,1.048471518049286233e-02,-4.985855482268544137e-01,6.463464997767403020e+02
-4.775417209295409471e-01,1.902390459397509254e-02,-4.585178163355658754e-01,6.549307021560216526e+02
-4.367911693851314614e-01,2.745162031291175850e-02,-4.093395490722197549e-01,6.635688261602897455e+02
-3.945633805046621645e-01,3.737024006752116823e-02,-3.571931404371410101e-01,6.721665218650574616e+02
-3.578927943799223854e-01,5.028187496732521022e-02,-3.076109194125971613e-01,6.806391856903404687e+02
-3.312341082360165112e-01,6.653697088912510771e-02,-2.646971373468913757e-01,6.889209424195112206e+02
-3.159810914046324859e-01,8.522403144964908750e-02,-2.307570599549833845e-01,6.969626022391147444e+02
-3.103607615022295207e-01,1.040920078762450907e-01,-2.062687536259844023e-01,7.047351221934909518e+02
-3.101607922216908508e-01,1.198646434132945027e-01,-1.902961488083963482e-01,7.122303941430349141e+02
-3.109328533024871555e-01,1.297828939188790942e-01,-1.811499593836080613e-01,7.194574256386285924e+02
-3.102495202707013511e-01,1.334678487315737461e-01,-1.767816715391276328e-01,7.264453061769145279e+02
-3.078130182151081473e-01,1.330306526029864655e-01,-1.747823656121216818e-01,7.332341132803239816e+02
-3.034963263101733699e-01,1.313100071089956244e-01,-1.721863192011777732e-01,7.398424792482375096e+02
-2.958988521855981380e-01,1.303404367026885780e-01,-1.655584154829095878e-01,7.462381940953374624e+02
-2.828974745661725354e-01,1.311381990242705686e-01,-1.517592755419019668e-01,7.523267447300607955e+02
-2.628656977069115386e-01,1.341283985226336684e-01,-1.287372991842778980e-01,7.579603012042563250e+02
-2.349483549942396887e-01,1.394136265877564396e-01,-9.553472840648323527e-02,7.629664256094732764e+02
-1.984683555182736314e-01,1.467216164814872104e-01,-5.174673903678642106e-02,7.671741858532227525e+02
-1.524571581694917355e-01,1.554231079715939490e-01,2.965949802102215219e-03,7.704179281333841800e+02
-9.586283820839014425e-02,1.647886233699675795e-01,6.892578516157743529e-02,7.725273149137001383e+02
-2.800837286831190862e-02,1.741153467773320362e-01,1.461069739090201380e-01,7.733245061916704799e+02
5.151717641623069360e-02,1.826106278294527541e-01,2.341278042456834685e-01,7.726245318986487973e+02
1.435689146266966310e-01,1.893157385887834776e-01,3.328846532154801086e-01,7.702179007606189316e+02
2.498145075876730958e-01,1.932123299478596679e-01,4.430268375355327914e-01,7.658455882360823352e+02
3.722367120985935474e-01,1.934582487880148194e-01,5.656949608866083112e-01,7.591891388085057315e+02
5.126685729856340634e-01,1.895204000479172590e-01,7.021889730335513224e-01,7.498605241274725586e+02
6.732812044379354877e-01,1.809780280870874336e-01,8.542592325250228935e-01,7.373723624464082604e+02
8.572316031041954387e-01,1.672852076062759930e-01,1.024516810710471404e+00,7.211222364629697950e+02
1.067883804385826307e+00,1.479197221680902952e-01,1.215803526553916658e+00,7.004241661305856042e+02
1.306313639066118082e+00,1.228530502615809983e-01,1.429166689327699080e+00,6.745766896383562425e+02
1.567842237523521920e+00,9.322885306745547218e-02,1.661071090590977350e+00,6.429642928096923242e+02
1.838619034014502995e+00,6.205694677629828432e-02,1.900675980790801134e+00,6.051851528283730204e+02
2.094255383501713030e+00,3.447416471782129010e-02,2.128729548219534529e+00,5.611842370625503236e+02
2.301773919090896126e+00,1.800435660223785247e-02,2.319778275693133551e+00,5.113684344130168711e+02
2.423753466365427656e+00,2.357470460096840539e-02,2.447328170966396321e+00,4.566583670879947476e+02
2.424534779083448388e+00,6.553349051309037554e-02,2.490068269596538819e+00,3.984684186277139020e+02
2.280876108375480715e+00,1.565976625002028499e-01,2.437473770875683510e+00,3.386420838094344958e+02
1.996179600569472523e+00,2.969908937885180067e-01,2.293170494357990474e+00,2.793323639610179043e+02
1.609161590215855142e+00,4.646676387525259244e-01,2.073829228968381067e+00,2.227971046014372121e+02
1.185395271682218032e+00,6.169609141583054512e-01,1.802356185840523484e+00,1.710967215178542915e+02
7.922105242303036921e-01,7.072376644705997695e-01,1.499448188700903462e+00,1.257737360134217255e+02
4.740035271711914855e-01,7.068633976882077175e-01,1.180866924859399036e+00,8.767930736283294380e+01
2.446862648675558194e-01,6.164677013362968028e-01,8.611539662038526499e-01,5.700566146283440361e+01
9.639870643387489502e-02,4.608471063399744994e-01,5.572458127738494360e-01,3.343202037128905602e+01
1.167344102716247160e-02,2.768989764173682144e-01,2.885724174445306600e-01,1.629186297235380465e+01
-2.847275156971114732e-02,1.029186856285244228e-01,7.444593405881327897e-02,4.707789027676483329e+00
-4.021885923714664524e-02,-3.152625978539309870e-02,-7.174511902253974394e-02,-2.335111984038800159e+00
-3.550625229665800575e-02,-1.133613313219422186e-01,-1.488675836186002244e-01,-5.926791747841869018e+00
-2.283856374019504337e-02,-1.459295120210829244e-01,-1.687680757612779747e-01,-7.122453809896755139e+00
-8.395497173525653944e-03,-1.423989995842956935e-01,-1.507944967578213336e-01,-6.829397142183771585e+00
3.754757811162377345e-03,-1.184741308940688159e-01,-1.147193730829064451e-01,-5.750662126206971259e+00
1.168857135613110033e-02,-8.745415936225990616e-02,-7.576558800612880062e-02,-4.381570232494157224e+00
1.521885297680670816e-02,-5.807580816602285478e-02,-4.285695518921615182e-02,-3.035613867245245956e+00
1.528529054189233134e-02,-3.458872556748063959e-02,-1.930343502558830998e-02,-1.883281160031606172e+00
1.342254930812256976e-02,-1.801993521714384539e-02,-4.597385909021276494e-03,-9.928253295151998614e-01
1.125217563242139444e-02,-7.627112234615636074e-03,3.625063397805758370e-03,-3.668370821708807350e-01
1.001834066873497249e-02,-1.969927063332126659e-03,8.048413605402844964e-03,2.876875051659986970e-02
1.031303490276691374e-02,4.770656007149357892e-04,1.079010050348184861e-02,2.437796411252648732e-01
1.208174312657410605e-02,1.027897430556138757e-03,1.310964055713024524e-02,3.300009667329779073e-01
1.479453553243362425e-02,6.734584075444308626e-04,1.546799393997805479e-02,3.333930372979188594e-01
1.769269493166995139e-02,7.207798316761838454e-05,1.776477291483756840e-02,2.904953540933599143e-01
2.011829934212538279e-02,-4.097832192295681910e-04,1.970851612289581389e-02,2.277548157369262971e-01
2.172384181714629228e-02,-6.307419286015211821e-04,2.109309988854477305e-02,1.624560494542590938e-01
2.238583907405126625e-02,-5.989199634848673586e-04,2.178691911056639813e-02,1.045124811402473042e-01
2.208903508870566079e-02,-3.996140672743645319e-04,2.168942102143129463e-02,5.842062161644718393e-02
2.100796746854121169e-02,-1.348789901790200813e-04,2.087308847836219158e-02,2.507235107451556005e-02
1.953190933421188394e-02,1.130859842092454668e-04,1.964499531842113164e-02,3.256696760583720034e-03
1.811520837710198922e-02,2.958218757875373658e-04,1.841103025288952713e-02,-9.251887162365463393e-03
1.711912738048187305e-02,3.970916335461397275e-04,1.751621901402801440e-02,-1.492953431794853507e-02
1.668124292659162178e-02,4.240872311361164521e-04,1.710533015772773904e-02,-1.606581919909086734e-02
1.660141448142313583e-02,3.958834176557610813e-04,1.699729789907889962e-02,-1.453769477059957578e-02
1.650217428076159246e-02,3.336739227505635557e-04,1.683584820351215552e-02,-1.173915261163366135e-02
1.622392033802664418e-02,2.560135863242795230e-04,1.647993392435092436e-02,-8.615176239303344932e-03
1.591063985642044917e-02,1.769971468299660997e-04,1.608763700325041221e-02,-5.729325295455276953e-03
1.572316516007840267e-02,1.063404267735964447e-04,1.582950558685200168e-02,-3.363504208947308040e-03
1.570218716390459068e-02,4.949973653675805821e-05,1.575168690044135081e-02,-1.602990687561263667e-03
1.583499799029024907e-02,8.266337535185067648e-06,1.584326432782543273e-02,-4.133806906146586979e-04
1.606738649428483129e-02,-1.808469433876390539e-05,1.604930179994606965e-02,2.999169895766696375e-04
1.628719693755583189e-02,-3.195265049044085148e-05,1.625524428706539085e-02,6.546367752830505385e-04
1.636320784695803957e-02,-3.637539556777373708e-05,1.632683245139026490e-02,7.627569405594052760e-04
1.620526403877057056e-02,-3.449950511709808093e-05,1.617076453365347624e-02,7.202214140918203507e-04
1.578897091025944707e-02,-2.907959522658738310e-05,1.575989131503286247e-02,6.000340259616909625e-04
1.518853030230229821e-02,-2.222409013345734449e-05,1.516630621216884071e-02,4.528105845785227379e-04
1.467028297713998675e-02,-1.541573865486336998e-05,1.465486723848512425e-02,3.107277292895685222e-04
1.470250696457901796e-02,-9.479712335795435527e-06,1.469302725224322370e-02,1.902381557861685963e-04
1.573005894731282356e-02,-4.815945379413296486e-06,1.572524300193341162e-02,9.812154258940524094e-05
1.788773921912788570e-02,-1.478080845490756443e-06,1.788626113828239300e-02,3.395636957314911370e-05
2.089597912062535201e-02,6.670368565061026093e-07,2.089664615748185877e-02,-6.140351783371007007e-06
2.415123504165404139e-02,1.826412974766785518e-06,2.415306145462880680e-02,-2.742789971698434952e-05
2.695025464944277721e-02,2.259871400784873192e-06,2.695251452084356653e-02,-3.560328685578881508e-05
2.875683865742518011e-02,2.193013866555191679e-06,2.875903167129173835e-02,-3.527911229936286187e-05
2.938735966753258308e-02,1.845155247678380327e-06,2.938920482278026269e-02,-3.040005452482015183e-05
2.904363607676959877e-02,1.382709739155958013e-06,2.904501878650875626e-02,-2.361211489736288817e-05
2.812282071782202381e-02,9.242994853385347394e-07,2.812374501730735901e-02,-1.666608576199745149e-05
2.689502600227802395e-02,5.453329381179574280e-07,2.689557133521613963e-02,-1.061927467603050775e-05
2.539845481945473757e-02,2.666065810128069414e-07,2.539872142603575092e-02,-5.811267038197727796e-06
2.367646614512358000e-02,8.953362322185798817e-08,2.367655567874680372e-02,-2.399355999540752614e-06
2.196750110873885511e-02,-8.189440949481692448e-09,2.196749291929790682e-02,-1.743462578177200461e-07
2.042555273732112736e-02,-4.964666037510466149e-08,2.042550309066075084e-02,1.079267066386297581e-06
1.866880659460245714e-02,-5.607081874671354252e-08,1.866875052378371216e-02,1.617624922161571074e-06
1.581293074212059349e-02,-4.593943426583286450e-08,1.581288480268632640e-02,1.714364950218006339e-06
1.101108215712177235e-02,-2.953833978721987622e-08,1.101105261878198606e-02,1.521333876047086783e-06
4.105896102246619529e-03,-1.465814231759632564e-08,4.105881444104301538e-03,1.222475490043883265e-06
-3.922270702768699407e-03,-3.923842772939951376e-09,-3.922274626611471811e-03,8.870657593987466194e-07
-1.099909250677092235e-02,2.032270094247960229e-09,-1.099909047450082708e-02,5.818802291271686067e-07
-1.463958558546691810e-02,3.973920347696827225e-09,-1.463958161154657253e-02,3.401393217250632195e-07
-1.297730976856583708e-02,3.140105366507384627e-09,-1.297730662846047212e-02,1.532038608046587956e-07
-5.634917432677876738e-03,1.148543187218752624e-09,-5.634916284134689098e-03,3.648030240518424881e-08
5.713680054916443415e-03,-1.303854707065548128e-09,5.713678751061736054e-03,-3.818943741325301085e-08
1.714705116635966212e-02,-3.202579267181762745e-09,1.714704796378039436e-02,-7.213451489362537193e-08
2.343029192124941595e-02,-4.267271695948994633e-09,2.343028765397772023e-02,-8.062451509184662457e-08
2.108240463825102398e-02,-4.620258346388735226e-09,2.108240001799267446e-02,-7.711463765698488560e-08
1.202411988317159987e-02,-3.950215764378882990e-09,1.202411593295583600e-02,-6.134203605902836872e-08
2.707834638641408095e-03,-3.136181183137209966e-09,2.707831502460224856e-03,-4.759781011959090043e-08
-1.931329835010104972e-03,-2.028918958888079397e-09,-1.931331863929063811e-03,-3.141999613289625152e-08
-1.874913083719234857e-03,-1.165880945438058807e-09,-1.874914249600180246e-03,-1.906717200289131703e-08
4.673746001121672090e-04,-5.712716241735171495e-10,4.673740288405430193e-04,-1.011225368537546791e-08
3.172932632221505452e-03,-1.298960086680781163e-10,3.172932502325496572e-03,-2.513778311333986417e-09
5.322659836798024520e-03,1.372710971716722998e-11,5.322659850525135114e-03,4.314868505122501591e-10
6.606620472013895531e-03,1.180013264839018823e-10,6.606620590015221256e-03,3.418819603421251547e-09
7.041046473595100226e-03,1.041885104774324003e-10,7.041046577783611343e-03,3.705342929374174970e-09
6.844387211685201006e-03,8.039993253118495277e-11,6.844387292085133377e-03,3.647201981779270988e-09
6.268641825197607438e-03,5.824331118399477492e-11,6.268641883440919521e-03,3.396680928910078811e-09
5.441998213095330418e-03,2.804075099700526188e-11,5.441998241136081563e-03,2.179266763735998567e-09
4.403504515009681528e-03,1.880721924724259008e-11,4.403504533816900331e-03,1.941331474701497824e-09
3.203180881718374878e-03,6.761748983217904641e-12,3.203180888480123591e-03,9.305898116636634609e-10
1.927583894588096817e-03,3.366361875759311088e-12,1.927583897954458477e-03,6.189666980451207149e-10
6.814382063217213487e-04,1.190843346785770533e-12,6.814382075125646710e-04,2.763487988947133164e-10
-4.337807773896361005e-04,-3.675511211803873746e-13,-4.337807777571872506e-04,-1.042854635437608572e-10
-1.334199814723229524e-03,-3.262643248510932022e-14,-1.334199814755855987e-03,-2.907480625930760754e-12
-1.962453165868914377e-03,-7.806481639165794745e-13,-1.962453166649562927e-03,-2.765113046516200967e-10
-2.296362702918429335e-03,-3.298436625935836723e-13,-2.296362703248273126e-03,-1.225058644569137510e-10
-2.347728735546510733e-03,-4.585296042314548811e-13,-2.347728736005040215e-03,-1.716176272525592610e-10
-2.146906190434275195e-03,-3.624738527866840102e-13,-2.146906190796749134e-03,-1.542545408903002003e-10
-1.731812027042897760e-03,-1.195386202756719085e-13,-1.731812027162436471e-03,-4.095602147343563813e-11
-1.154133848360471394e-03,-2.607266871167645030e-13,-1.154133848621197948e-03,-1.139037280191055673e-10
-4.914909054734386586e-04,2.544460279577377042e-14,-4.914909054479940599e-04,9.690686475697032714e-12
1.536237953391093262e-04,-1.046186498163962374e-13,1.536237952344906741e-04,-3.873578577003639415e-11
6.712435248289694246e-04,1.626343389826784306e-14,6.712435248452328909e-04,-3.975150273855332118e-13
9.687797826827611748e-04,4.741458174668973169e-14,9.687797827301757210e-04,1.911418496115520232e-11
1.000331044285619579e-03,-3.944958247571375693e-14,1.000331044246170233e-03,-1.584249630895276023e-11
7.852602777464222968e-04,1.165803681039678066e-13,7.852602778630026533e-04,3.318536281687478406e-11
3.939258895042254240e-04,-4.031720741128338351e-14,3.939258894639082278e-04,-1.067747659406519187e-11
-8.490106067424264065e-05,6.922621946235071191e-14,-8.490106060501642681e-05,1.583058982377276669e-11
-5.660781635368787243e-04,1.432768314627389397e-14,-5.660781635225511010e-04,5.085058517856508721e-12
-9.766007235364206583e-04,-1.110761457014530485e-14,-9.766007235475283096e-04,-4.273180090967551047e-12
-1.263509521765412459e-03,5.029056748737404288e-14,-1.263509521715121741e-03,1.302951526388575380e-11
-1.408508973761225021e-03,-4.011662246950954408e-14,-1.408508973801341803e-03,-9.981777385507161568e-12
-1.433027490685220666e-03,3.444005073160687640e-14,-1.433027490650780767e-03,8.218037335221634467e-12
-1.374611663996417720e-03,-1.793543351643359988e-14,-1.374611664014353243e-03,-3.711592813327205602e-12
-1.257310727307470524e-03,-3.871837717928270945e-16,-1.257310727307857801e-03,-1.034858168414232776e-12
-1.093054878453508924e-03,9.326311650282615315e-15,-1.093054878444182617e-03,3.368026313389115791e-12
-9.043194168604535991e-04,-1.923293171195356158e-14,-9.043194168796865866e-04,-5.542424193269953247e-12
-7.310093907732960125e-04,1.717918207004128232e-14,-7.310093907561167207e-04,4.516444354495615331e-12
-6.186412045824919671e-04,-1.584139847613995458e-14,-6.186412045983333535e-04,-3.602777449884322209e-12
-6.108118792073262502e-04,6.853847850180081489e-15,-6.108118792004724662e-04,1.152322674143549402e-12
-7.431380748377529235e-04,2.938166842040244717e-16,-7.431380748374592131e-04,4.573087530196437102e-13
-1.018298052429395840e-03,-8.915568773463250106e-15,-1.018298052438311452e-03,-1.923090911008818487e-12
-1.379992669343488212e-03,1.351433753299911887e-14,-1.379992669329973849e-03,2.349863692380339314e-12
-1.730194231562623896e-03,-1.449151959352900015e-14,-1.730194231577115343e-03,-2.135318820345609751e-12
-1.989089780915043008e-03,1.121646180510359845e-14,-1.989089780903826720e-03,1.412662116379811266e-12
-2.137810958397066974e-03,-4.490846546459381458e-15,-2.137810958401558173e-03,-4.490812695699852583e-13
-2.197578266148453047e-03,-2.378560742629520315e-15,-2.197578266150831787e-03,-3.466187538560087277e-13
-2.184076818117567688e-03,8.389426244985162528e-15,-2.184076818109178132e-03,9.244673946266243520e-13
-2.097588088921425401e-03,-1.069516416210593131e-14,-2.097588088932120405e-03,-1.071285869396208409e-12
-1.940506447176737958e-03,1.017825428968760565e-14,-1.940506447166559468e-03,9.451103292071758852e-13
-1.729034297159712154e-03,-6.626206005756772386e-15,-1.729034297166338364e-03,-5.711117298663768137e-13
-1.491572051240828240e-03,2.075792777554371099e-15,-1.491572051238752427e-03,1.553130943019193407e-13
-1.262427332779329911e-03,2.438562976244883039e-15,-1.262427332776891323e-03,2.143756811509977013e-13
-1.084468207581685455e-03,-5.468440000502517185e-15,-1.084468207587153737e-03,-4.359695714117950780e-13
-1.009593849627487975e-03,6.481421693696408936e-15,-1.009593849621006614e-03,4.921527097358964447e-13
-1.072384279969710837e-03,-5.571624565799241100e-15,-1.072384279975282552e-03,-4.078217853637382083e-13
-1.261798408496322011e-03,3.305266313767733828e-15,-1.261798408493016712e-03,2.339786577764277372e-13
-1.538048959051899070e-03,-6.379762778152505556e-16,-1.538048959052537015e-03,-4.272879168149116282e-14
-1.865772736429501064e-03,-1.738716065031741493e-15,-1.865772736431239691e-03,-1.173385163132317727e-13
-2.218838966167858279e-03,3.196810585068803528e-15,-2.218838966164661183e-03,2.068327401005844604e-13
-2.578524283156212894e-03,-3.589962900604391238e-15,-2.578524283159802904e-03,-2.227462202911544833e-13
-2.936534699881276390e-03,2.955484859899439924e-15,-2.936534699878320855e-03,1.755187200947492089e-13
-3.291425776105876781e-03,-1.653530139690198984e-15,-3.291425776107530406e-03,-9.413395090869443735e-14
-3.645407584871105788e-03,1.063751734386025034e-16,-3.645407584870999970e-03,6.952923390734817982e-15
-4.003169309338470636e-03,1.237613670181098737e-15,-4.003169309337232910e-03,6.144886514876702641e-14
-4.368212766488315316e-03,-2.051127578648448461e-15,-4.368212766490366626e-03,-9.755987300719954266e-14
-4.739773254162324076e-03,2.200672739726314789e-15,-4.739773254160122712e-03,9.987106739224135583e-14
-5.107424582947157725e-03,-1.730431571750362354e-15,-5.107424582948888112e-03,-7.515913495214170499e-14
-5.448485188923131786e-03,8.774604922612945097e-16,-5.448485188922254016e-03,3.703112181302126724e-14
-5.739458820913897856e-03,9.571016872884461211e-17,-5.739458820913801579e-03,2.335354343344359618e-15
-5.967528078376609611e-03,-8.804254697213426925e-16,-5.967528078377489116e-03,-3.122975986660013303e-14
-6.127494297578725373e-03,1.329730741694806794e-15,-6.127494297577395707e-03,4.576318958636455079e-14
-6.225699381000347060e-03,-1.341863657163631888e-15,-6.225699381001688869e-03,-4.435240902662128842e-14
-6.296333576024872210e-03,1.006817325606272489e-15,-6.296333576023865203e-03,3.198469897717235908e-14
-6.363957056221232478e-03,-4.587469261160056356e-16,-6.363957056221691312e-03,-1.430320170271557544e-14
-6.343032554436456132e-03,-1.692942265370281143e-16,-6.343032554436625267e-03,-3.891705831819832931e-15
-6.039714329957069326e-03,5.913619262897693943e-16,-6.039714329956477785e-03,1.466372016330244621e-14
-5.333195118064367954e-03,-9.671282466414782584e-16,-5.333195118065335062e-03,-2.280990307110267567e-14
-4.342364595582335653e-03,7.868604941955440445e-16,-4.342364595581548956e-03,1.729012282000842631e-14
-3.435180071259911951e-03,-8.170675259574354854e-16,-3.435180071260729440e-03,-1.659098867297355958e-14
-3.071073781539267449e-03,6.924853167151404116e-17,-3.071073781539198060e-03,1.520465810499108349e-15
-3.496382425286311511e-03,-5.967887260200621952e-17,-3.496382425286371359e-03,-1.203515837748144718e-15
-4.578377552726347992e-03,-7.307055178485837438e-16,-4.578377552727078310e-03,-1.069049504079903935e-14
-6.041053722048682351e-03,6.712861720997446053e-16,-6.041053722048011880e-03,8.881916284044784551e-15
-7.815433450067851145e-03,-4.565213872564539054e-16,-7.815433450068307378e-03,-5.471457317971577161e-15
-1.014092863275429732e-02,1.415963990344842369e-15,-1.014092863275288178e-02,1.531835180561553297e-14
-1.346371041637749177e-02,1.771243885496359816e-15,-1.346371041637572062e-02,1.731270233610199238e-14
-1.824426272659862222e-02,3.321568494680452493e-15,-1.824426272659530196e-02,2.988667151399312622e-14
-2.475245614653759016e-02,5.989986973563961440e-15,-2.475245614653159842e-02,4.992727218227072393e-14
-3.287268340004322054e-02,7.279213211294875359e-15,-3.287268340003594164e-02,5.709511749691770233e-14
-4.171601768669725568e-02,1.043411033790726659e-14,-4.171601768668681959e-02,7.815368729305311631e-14
-4.926495320012076740e-02,1.061608535256528668e-14,-4.926495320011015089e-02,7.719060085864125916e-14
-5.301603341672788544e-02,9.756509684123427729e-15,-5.301603341671813630e-02,7.006529116675138128e-14
-5.176635914246944387e-02,4.921189986691566079e-15,-5.176635914246452419e-02,3.545143105591620681e-14
-4.674879470533505055e-02,-5.291755955669393211e-15,-4.674879470534033798e-02,-3.881694761994880236e-14
-4.064902689839700045e-02,-2.051941335944635104e-14,-4.064902689841751876e-02,-1.553517681509913338e-13
-3.549128142237791689e-02,-4.272813302774476167e-14,-3.549128142242064660e-02,-3.383478386663995673e-13
-3.122803625584588683e-02,-6.871892572604312317e-14,-3.122803625591460269e-02,-5.781691453097536135e-13
-2.598994922545053154e-02,-9.616349717985861924e-14,-2.598994922554669421e-02,-8.768390417346685264e-13
-1.785048957407774778e-02,-1.186374184300827602e-13,-1.785048957419638552e-02,-1.202256852539129610e-12
-6.584533177840315443e-03,-1.287647139231518925e-13,-6.584533177969079630e-03,-1.496767910364589526e-12
6.037458039978230682e-03,-1.204861722238717396e-13,6.037458039857744596e-03,-1.669793619432855130e-12
1.713682071144501454e-02,-9.084614615386673775e-14,1.713682071135416707e-02,-1.572636090874785035e-12
2.396946804568311079e-02,-4.458215240551068097e-14,2.396946804563852840e-02,-1.019188983008218072e-12
2.505506987609918204e-02,7.126852913728886039e-15,2.505506987610631175e-02,2.307867173722021428e-13
2.065268714595675653e-02,4.928097976729753095e-14,2.065268714600603656e-02,2.433550461949679859e-12
1.107592853328669136e-02,7.098191541696630911e-14,1.107592853335767451e-02,5.823200688788847217e-12
4.444500665649562914e-03,7.426227553922621683e-14,4.444500665723825558e-03,1.053833415721632484e-11
4.475860654979412628e-03,1.147841055931712005e-13,4.475860655094196679e-03,1.650069631618675737e-11
4.532021957980387518e-03,1.598686366363437723e-13,4.532021958140255297e-03,2.327401804182388702e-11
