-3.621251134846645292e-02,-6.823572025018598275e-03,2.382209393262085806e-02
-3.387216574909247824e-02,2.241812251013386437e-03,2.688055235322286962e-02
-3.194231233951594362e-02,8.402810443152552988e-03,2.970758757277905393e-02
-3.039470424851686836e-02,1.175091012050122341e-02,3.226354528273085720e-02
-2.860292307997655548e-02,1.436589278167255124e-02,3.477563549330262016e-02
-2.656787550952494081e-02,1.628971247430471836e-02,3.710403084416423469e-02
-2.461806144695319332e-02,1.666527636642567423e-02,3.896745488619908493e-02
-2.268897214056403433e-02,1.591966181030496363e-02,4.033439903098146040e-02
-2.055411940049545194e-02,1.493463369591002676e-02,4.128969132663307118e-02
-1.830067239704907811e-02,1.370905832770275001e-02,4.178020161106479891e-02
-1.616508627346424642e-02,1.192680155801900677e-02,4.167235500745664067e-02
-1.419208076251243789e-02,9.814813451619552875e-03,4.090705738514521794e-02
-1.230594711541460606e-02,7.781943977207050889e-03,3.949893764748391156e-02
-1.050608579318723645e-02,5.878533831857934988e-03,3.747592747406175429e-02
-8.820101068373442654e-03,4.017453670279558242e-03,3.486505131136927171e-02
-7.199752405207149319e-03,2.297007965069874924e-03,3.168157394852622044e-02
-5.574727889276431814e-03,8.467110955943102368e-04,2.792809336665055819e-02
-3.934325389426951425e-03,-3.949703797054837651e-04,2.364692316428024244e-02
-2.301537786618956805e-03,-1.598463920173931463e-03,1.895269886972666962e-02
-6.752547503603434365e-04,-2.871715436943422795e-03,1.396704517053884431e-02
9.741746600527845246e-04,-4.244560387268059287e-03,8.735549283126045617e-03
2.680671962943081965e-03,-5.749965977162041497e-03,3.233213472361801122e-03
4.469924460258734022e-03,-7.461096850843507156e-03,-2.588137060725720362e-03
6.358375025849682949e-03,-9.452401940538202041e-03,-8.806535093031864214e-03
8.349720468929788808e-03,-1.174812201819896984e-02,-1.556134435918833658e-02
1.042773259370222139e-02,-1.431505715110781285e-02,-2.301814319403279463e-02
1.255649162877436886e-02,-1.708173569962323501e-02,-3.128265572524113747e-02
1.469001755491838868e-02,-1.994383610075045610e-02,-4.036654108427469023e-02
1.677810431223503151e-02,-2.276660103519290157e-02,-5.023024601246632581e-02
1.876377522238581452e-02,-2.541363936799878598e-02,-6.081595436734968385e-02
2.058744530381861892e-02,-2.778637342535061894e-02,-7.201067235556540824e-02
2.220730815659810453e-02,-2.983580600685986628e-02,-8.359052400564721819e-02
2.361955569616824846e-02,-3.154475397454759023e-02,-9.521976683954336274e-02
2.485730123484786169e-02,-3.290762290264748202e-02,-1.064918321043758637e-01
2.597298970456352052e-02,-3.392148029561425915e-02,-1.169466142882761434e-01
2.702504560063601069e-02,-3.458869441942336032e-02,-1.260572608321923471e-01
2.806959198486747020e-02,-3.493157917200873097e-02,-1.332567606177341712e-01
2.913720634767180684e-02,-3.500428767482344217e-02,-1.380470517451611034e-01
3.019684749423512393e-02,-3.487766445536188975e-02,-1.401284141686010565e-01
3.114827621326665685e-02,-3.461137111667222932e-02,-1.394441015893554403e-01
3.187043157259550341e-02,-3.426502780561024863e-02,-1.361125943086315959e-01
3.228599823169187033e-02,-3.395571630688221099e-02,-1.303213941631464201e-01
3.237372266042859437e-02,-3.389273688739735668e-02,-1.222704420099263445e-01
3.212138606624748149e-02,-3.433563712224696474e-02,-1.121866899702989029e-01
3.148429763539728476e-02,-3.551374334824497492e-02,-1.003662569497512369e-01
3.039839447384640181e-02,-3.757547213868306368e-02,-8.718854081981156079e-02
2.882435912071468209e-02,-4.057152383943518625e-02,-7.308499383436567465e-02
2.677498728795124627e-02,-4.443684066160602519e-02,-5.849634094619984848e-02
2.431854249281695246e-02,-4.897865548877555764e-02,-4.386013310005798527e-02
2.157738452319546418e-02,-5.390879440916540588e-02,-2.962227821125716642e-02
1.872017486009336373e-02,-5.891121525737585962e-02,-1.623224335950659153e-02
1.592999120077775999e-02,-6.368609862103002950e-02,-4.117407149688001589e-03
1.335438414403666840e-02,-6.794335105867110869e-02,6.329840596572364197e-03
1.106865922764166399e-02,-7.138726842987408450e-02,1.475690856042688459e-02
9.071185602533393677e-03,-7.374478020673957968e-02,2.089464555092922227e-02
7.298961777496337788e-03,-7.483252420543251571e-02,2.463012089580607356e-02
5.642364946244704527e-03,-7.460513573558547051e-02,2.602745475575490852e-02
3.953611156643610514e-03,-7.313510277682655492e-02,2.527429597331071198e-02
2.059467156354966022e-03,-7.053474521928504437e-02,2.264144078840302221e-02
-2.118576989555975842e-04,-6.688681054852207986e-02,1.851009205711456884e-02
-2.994334091601658088e-03,-6.224310409327105109e-02,1.338791052778082191e-02
-6.356400275409956890e-03,-5.668022464468180921e-02,7.827255630492302441e-03
-1.029720761538488460e-02,-5.034428312757488477e-02,2.295921574492126860e-03
-1.476320153862875628e-02,-4.343944562993351521e-02,-2.885358173782992530e-03
-1.966501816778443157e-02,-3.618154270341611412e-02,-7.514269407399659650e-03
-2.487835863919007906e-02,-2.876065201173744201e-02,-1.144733691358887362e-02
-3.023310253275335313e-02,-2.132724397468976907e-02,-1.455255588797424449e-02
-3.551218896718255635e-02,-1.399732275310483498e-02,-1.668855580371103597e-02
-4.047773545409016904e-02,-6.875510882625501807e-03,-1.773416578392714160e-02
-4.491660951302245408e-02,-8.061328888009366977e-05,-1.766445366610744361e-02
-4.867302842382592587e-02,6.260966832084408074e-03,-1.659955702675888767e-02
-5.164022575347004818e-02,1.205974159839659499e-02,-1.475810326932597283e-02
-5.372121313693423161e-02,1.730194692547276647e-02,-1.235267970113246294e-02
-5.480438662831632612e-02,2.204841442825587750e-02,-9.530836293729333386e-03
-5.478913772922533454e-02,2.641103569839062248e-02,-6.400542562637945299e-03
-5.364485902670557138e-02,3.052885441389183163e-02,-3.077846524311672605e-03
-5.145265751958705280e-02,3.452796590791028242e-02,3.138438001013266199e-04
-4.840165090012016336e-02,3.845923342165184777e-02,3.688172272123368955e-03
-4.475500025090362044e-02,4.226211174437943807e-02,7.024566667850007384e-03
-4.080822346102364051e-02,4.579934857460687958e-02,1.034209932460949943e-02
-3.684194447744770784e-02,4.893214156860897779e-02,1.363723692339535720e-02
-3.307273023145418378e-02,5.156640643619653241e-02,1.683710605952852546e-02
-2.962808801773064715e-02,5.364743741288841017e-02,1.980308843080366699e-02
-2.656521906755404672e-02,5.513466884910278587e-02,2.237653134358703888e-02
-2.391267956857001664e-02,5.598772833005760674e-02,2.442995885079415896e-02
-2.169539246592000481e-02,5.617199760458913005e-02,2.589253293324647598e-02
-1.993090001317288085e-02,5.568267601080029161e-02,2.674245136640904241e-02
-1.861506053182182541e-02,5.457487705304758796e-02,2.697783350048404971e-02
-1.771399361145320484e-02,5.297131211188954580e-02,2.658763638455048650e-02
-1.716578375107413734e-02,5.103163218081918640e-02,2.555024634021242635e-02
-1.689164233049966768e-02,4.890456441592194725e-02,2.387601442085440784e-02
-1.681128777385376694e-02,4.669684804090334929e-02,2.166716201645506323e-02
-1.684993698017844821e-02,4.447040617593622791e-02,1.912824623739703411e-02
-1.693388614839319573e-02,4.225940099657554683e-02,1.648708473010472575e-02
-1.698928877153971229e-02,4.009544519656838002e-02,1.387864783197406693e-02
-1.695129133005446320e-02,3.802430730965677963e-02,1.130171123086351481e-02
-1.676755315105937783e-02,3.609973029544333301e-02,8.694774587866452298e-03
-1.638521899730216447e-02,3.436576474097008393e-02,6.053463298398953363e-03
-1.573786585823055972e-02,3.285333438686610652e-02,3.473094980539576104e-03
-1.474869558901836797e-02,3.158694705241626988e-02,1.091227255268917284e-03
-1.334032092111181456e-02,3.057378952439815389e-02,-9.915591623810560140e-04
-1.144141649106744651e-02,2.978265265569424169e-02,-2.737627725477018159e-03
-9.001760415926707282e-03,2.915473374875099388e-02,-4.150540908382488459e-03
-6.015048304661707590e-03,2.864632782122522592e-02,-5.254415630469050358e-03
-2.517427683284001461e-03,2.824737568493829176e-02,-6.092955093337890093e-03
1.449641503532994591e-03,2.795444621044018696e-02,-6.730189550796891740e-03
5.865687728579871418e-03,2.775121818939230156e-02,-7.241423891377510302e-03
1.070262249174280811e-02,2.763580442146884586e-02,-7.701009840356626279e-03
1.587032627150586350e-02,2.765634060693344942e-02,-8.167508150693253421e-03
2.120197012941504866e-02,2.790692500049252178e-02,-8.660061443510738699e-03
2.649339119370308637e-02,2.849905758164339442e-02,-9.140264948058099415e-03
3.155333801406978722e-02,2.954199226863185590e-02,-9.530777064967729806e-03
3.622920804717022492e-02,3.112377854189862791e-02,-9.772147529285582501e-03
4.040851791769695112e-02,3.328158479769671718e-02,-9.866891491185830754e-03
4.400618991457561080e-02,3.599347032330812990e-02,-9.856691818996080046e-03
4.694799519252246256e-02,3.921673925317414877e-02,-9.746855407914548075e-03
4.917200006406119428e-02,4.293355100359086407e-02,-9.460583223212470916e-03
5.065834873344599032e-02,4.715094302909983437e-02,-8.884379965934191548e-03
5.144871798712147282e-02,5.186805617132839163e-02,-7.961403872603411980e-03
5.159941123253064532e-02,5.706396921629741659e-02,-6.720304486799513755e-03
5.108457287622014675e-02,6.271653898790352510e-02,-5.192623985927111163e-03
4.975707410783636320e-02,6.881066591052520387e-02,-3.312400133479220798e-03
4.745067077995024363e-02,7.530941750032127402e-02,-9.342717177297371611e-04
4.416178872297882307e-02,8.211287180429682753e-02,2.022431246026315521e-03
4.014433456429333802e-02,8.904658186379021956e-02,5.455028801911912528e-03
3.582248991701142415e-02,9.588995363300700792e-02,9.124354955197110095e-03
3.160342114400060964e-02,1.024154622079347376e-01,1.282224081441820512e-02
2.775404138237247409e-02,1.084051694431891200e-01,1.647646841268162604e-02
2.441001734325576322e-02,1.136455089755497028e-01,2.009449198838715589e-02
2.164097118769348072e-02,1.179318624361541668e-01,2.364716698601131845e-02
1.947303346217310605e-02,1.210979137030490094e-01,2.704692096439276910e-02
1.786757087563595192e-02,1.230430354683987870e-01,3.022118567600776129e-02
1.672548594928668919e-02,1.237275296063431451e-01,3.315063848584560990e-02
1.594408483325215897e-02,1.231458708199680285e-01,3.581630796940529771e-02
1.547428581483378807e-02,1.213077823423244772e-01,3.814890583803502710e-02
1.532122194039553520e-02,1.182303512968047032e-01,4.006685666043123539e-02
1.549664590804944453e-02,1.139264579356588092e-01,4.155376786722532467e-02
1.597637630493276006e-02,1.083979079936160939e-01,4.267864519932738909e-02
1.669538954913551976e-02,1.016552080767448851e-01,4.355341157220266046e-02
1.756695581594147626e-02,9.375407006506744634e-02,4.428868696128693966e-02
1.849414487393152839e-02,8.481473278075493671e-02,4.496826532510547758e-02
1.936120717248313028e-02,7.501975594851822970e-02,4.562137304434332047e-02
2.002094319824587743e-02,6.461460124964091278e-02,4.620331569519484094e-02
2.030239907807640520e-02,5.390504074728796891e-02,4.662151821487655473e-02
2.004546797817763348e-02,4.321386938980859016e-02,4.679905680006383323e-02
1.914494109577402625e-02,3.280562109991327913e-02,4.671637813703813369e-02
1.757743335049610778e-02,2.285366504116845277e-02,4.639218636982356259e-02
1.539460987821028581e-02,1.349091066377479387e-02,4.582692039861929051e-02
1.268766321967129684e-02,4.882459987841133997e-03,4.496146040970214891e-02
9.548860450367513408e-03,-2.765121159097383430e-03,4.368293426963244103e-02
6.058878826476377100e-03,-9.254822314702412789e-03,4.187293435118402685e-02
2.304728554330726098e-03,-1.443998557774392455e-02,3.946719662377715099e-02
-1.596965277777417924e-03,-1.822284578921790077e-02,3.648741220739218361e-02
-5.497829720933156139e-03,-2.054444529694769705e-02,3.302346795692655268e-02
-9.233324168544942978e-03,-2.139775080467209989e-02,2.918710154027720494e-02
-1.263047844094100647e-02,-2.085186332034606044e-02,2.508903426492278821e-02
-1.549756726868922740e-02,-1.906102923047098274e-02,2.086304835898841747e-02
-1.761500492921874717e-02,-1.625223230724505419e-02,1.669186022558608040e-02
-1.874528051222767999e-02,-1.269929257136130640e-02,1.277519926402052863e-02
-1.865097268176585388e-02,-8.690409083549760494e-03,9.258340701021716690e-03
-1.710612254086729678e-02,-4.498615814749556963e-03,6.208163653902171175e-03
-1.391955077150663911e-02,-3.693327106237542790e-04,3.676297261261007865e-03
-8.995381497613585964e-03,3.473746307074587758e-03,1.780263252584318723e-03
-2.400833167186866568e-03,6.828606250848495707e-03,7.096859641020081266e-04
5.629039904510357850e-03,9.546670339387913762e-03,6.508174545529626931e-04
1.476498401573300701e-02,1.158596316668200621e-02,1.698947415505927538e-03
2.466194441851649044e-02,1.304064355938813757e-02,3.812516643981758713e-03
3.497046448480278791e-02,1.411401803515646702e-02,6.805690975528300157e-03
4.529446091697886256e-02,1.504689019388813498e-02,1.035378563576272448e-02
5.515370870371011369e-02,1.604000188436124907e-02,1.399430122591902026e-02
6.397650580705860346e-02,1.720338049242506329e-02,1.711254179074915560e-02
7.112561885790047445e-02,1.854945214298692191e-02,1.892446944446379842e-02
7.598574779872974139e-02,2.002791330275052739e-02,1.853008636523507946e-02
7.813043440816125340e-02,2.157206275988343691e-02,1.512919479508934018e-02
7.749899908905216739e-02,2.311332248467003192e-02,8.364992217734672220e-03
7.445213833490837985e-02,2.455466327152497352e-02,-1.432386932199998519e-03
6.964273513174157326e-02,2.574495989815647756e-02,-1.333875751241076629e-02
6.378077349734140311e-02,2.649819741948351154e-02,-2.623051001913483116e-02
5.743949511950530162e-02,2.664911800507330231e-02,-3.916892479838769703e-02
5.098971741742752695e-02,2.609830444182979770e-02,-5.150865618017327202e-02
4.464525888918513541e-02,2.481717724978537917e-02,-6.276782837708298757e-02
3.855211752905263189e-02,2.282375353090316042e-02,-7.248263332726595509e-02
3.286466064155157962e-02,2.015685053521498390e-02,-8.017570741704506398e-02
2.777662461450158826e-02,1.686743503511037995e-02,-8.540477796237549990e-02
2.349477473188821275e-02,1.302998699500959590e-02,-8.782954773025811179e-02
2.017160521943939244e-02,8.761713912121393139e-03,-8.728314642761501874e-02
1.784163733849647437e-02,4.229688390338291748e-03,-8.383826671655489338e-02
1.640254280706626711e-02,-3.643798736705922137e-04,-7.783276598554667025e-02
1.564723277265783752e-02,-4.812688796175593198e-03,-6.982312429532597231e-02
1.532403098721407675e-02,-8.927680720574530937e-03,-6.046267844219483517e-02
1.520000467876025940e-02,-1.256093555843874193e-02,-5.034487287371368358e-02
1.510910886038896450e-02,-1.561709385770606792e-02,-3.989839897091788934e-02
1.496710481248930691e-02,-1.806104132388641759e-02,-2.940104116080924368e-02
1.474448879867285012e-02,-1.991328505634513968e-02,-1.906680081046829844e-02
1.441782147888659438e-02,-2.123524754081438509e-02,-9.092207004217964239e-03
1.394177454191858345e-02,-2.211334103212733715e-02,3.636463759141006502e-04
1.326382930993907916e-02,-2.264785802801459746e-02,9.179405097685833237e-03
1.235625244026633540e-02,-2.294499009031217979e-02,1.721800584151657321e-02
1.122520940793531041e-02,-2.310814757317635609e-02,2.430472198944756690e-02
9.895087629778087646e-03,-2.322907295911033621e-02,3.028693153014294648e-02
8.399145393427231987e-03,-2.338189674458121883e-02,3.509169857754640409e-02
6.784671683421908406e-03,-2.361920299471092013e-02,3.870361030585488249e-02
5.105614526338370096e-03,-2.396459271933158025e-02,4.112025844181599332e-02
3.395834544924293541e-03,-2.440128198500475867e-02,4.236643449379756676e-02
1.659976652328781777e-03,-2.486796688101250083e-02,4.252969867938546922e-02
-9.688844255644618597e-05,-2.527404362874713373e-02,4.174062116047470850e-02
-1.839483434416498697e-03,-2.552841094878756378e-02,4.012285857296432612e-02
-3.516761192999297292e-03,-2.555936625786073974e-02,3.778950007306561276e-02
-5.102315742892299388e-03,-2.531288912272058877e-02,3.488090912901148366e-02
-6.606994062488807246e-03,-2.474450047365515590e-02,3.158026184498903544e-02
-8.049530177579301143e-03,-2.382812400856883922e-02,2.809403301071317083e-02
-9.420011043690579636e-03,-2.257899578970532645e-02,2.463213057530628386e-02
-1.066823903504139810e-02,-2.106093451138522227e-02,2.139157018029808066e-02
-1.171910396883048266e-02,-1.935976773965190911e-02,1.852361654337694730e-02
-1.250181664210174223e-02,-1.754195784335585429e-02,1.610069405510895085e-02
-1.297709328679955143e-02,-1.563321829512676064e-02,1.412019038356469164e-02
-1.314614517202735387e-02,-1.362873587921013992e-02,1.254155750143076155e-02
-1.303719088533659282e-02,-1.151649718324647236e-02,1.131798091553288914e-02
-1.268458416176925820e-02,-9.291702209681710137e-03,1.040418283544896488e-02
-1.211737239895455988e-02,-6.958155558038315799e-03,9.753564139108094125e-03
-1.135641622165008829e-02,-4.525806459827653658e-03,9.317601354016671888e-03
-1.041053520977764865e-02,-2.011682856789570595e-03,9.048854317997921670e-03
-9.273610829990425186e-03,5.567911241067344946e-04,8.908782613378223719e-03
-7.932649980795403177e-03,3.141705595101599788e-03,8.878775597098556571e-03
-6.384701865697598247e-03,5.701299530650492248e-03,8.962676342740959895e-03
-4.647813563217432532e-03,8.199069177530174390e-03,9.173185528378743903e-03
-2.762513420829415013e-03,1.060381415747240624e-02,9.514034078728916821e-03
-7.997679525864141020e-04,1.287279327558448969e-02,9.975139065845213884e-03
1.119647976590757571e-03,1.492773096840753835e-02,1.053919408123373327e-02
2.824195973509002408e-03,1.664929674779517740e-02,1.118357105357011688e-02
4.138121028929549541e-03,1.790810172426450519e-02,1.187225262115442458e-02
4.949112488852866476e-03,1.861913120092942991e-02,1.255110169781496060e-02
5.233390696146297816e-03,1.878134184315166655e-02,1.315810646178748947e-02
5.019037639843848542e-03,1.847399898425423903e-02,1.364067061556399271e-02
4.339077887843123885e-03,1.781868032218635392e-02,1.396218514452866183e-02
3.224129946322353002e-03,1.694134294448342362e-02,1.409335217319772349e-02
1.722019912120332369e-03,1.595670683538829432e-02,1.400133016728458135e-02
-9.431182286544909088e-05,1.496650884160481004e-02,1.364906234630690329e-02
-2.135448602953126523e-03,1.405310311750795904e-02,1.300317263945426766e-02
-4.304099141436397782e-03,1.326885115131765450e-02,1.204220649623895245e-02
-6.508651738995441943e-03,1.263784863287906179e-02,1.076159382741254458e-02
-8.694702823055689908e-03,1.217437130345233251e-02,9.176299883987791561e-03
-1.087373566299903657e-02,1.190035852265728875e-02,7.324287395598413908e-03
-1.310914664190735227e-02,1.184551710390359738e-02,5.275795332746587019e-03
-1.545807438104705549e-02,1.203514003419205863e-02,3.145860260319016666e-03
-1.791592755904536372e-02,1.248072021759497052e-02,1.089909107377343145e-03
-2.040535411788651013e-02,1.317744557286085888e-02,-7.368670476320532403e-04
-2.280398461079362338e-02,1.410240830012603891e-02,-2.239233997613783445e-03
-2.497629745584065836e-02,1.521049869471887556e-02,-3.411613857010879769e-03
-2.679133339355097704e-02,1.643111223211745492e-02,-4.311970483402316479e-03
-2.813994758243350269e-02,1.767091728908552067e-02,-5.011793022783816998e-03
-2.896876063414446228e-02,1.882851190107397155e-02,-5.572718633482603989e-03
-2.931449515269095307e-02,1.982030801032726858e-02,-6.057473442354834037e-03
-2.929541204348241890e-02,2.060074970482794754e-02,-6.538104205234929189e-03
-2.904606131402069635e-02,2.115579789090617224e-02,-7.074405582730584896e-03
-2.864659951064432719e-02,2.147418445463338682e-02,-7.680519923356492196e-03
-2.811228565254245138e-02,2.152836813239848018e-02,-8.317002458535862480e-03
-2.744148329489318194e-02,2.128551540876814224e-02,-8.917611432383697190e-03
-2.665872411754833735e-02,2.073154809498679169e-02,-9.422912886878806807e-03
-2.581560503279640983e-02,1.988064676002623821e-02,-9.790801941555165450e-03
-2.497488814495160692e-02,1.876908120435530347e-02,-9.984243077460357857e-03
-2.420426637187379770e-02,1.745109229745387541e-02,-9.959528001102224692e-03
-2.356547946635208224e-02,1.599964674261758479e-02,-9.671814019028467102e-03
-2.309092812246761606e-02,1.449678168626025720e-02,-9.094659075128193326e-03
-2.278068553031967203e-02,1.300999889884683902e-02,-8.239126852052032490e-03
-2.263707565954327372e-02,1.157527720887861766e-02,-7.157875980184046083e-03
-2.269163147725528074e-02,1.020510152585130115e-02,-5.926087463287287027e-03
-2.297746649312872036e-02,8.911653519488457742e-03,-4.606206852405800301e-03
-2.347460046634626540e-02,7.719383765286955135e-03,-3.220400912667217841e-03
-2.409683262169579759e-02,6.658143945927591512e-03,-1.753877243389628804e-03
-2.474013015171335622e-02,5.752571148641152932e-03,-1.891685279627186578e-04
-2.534818742838150507e-02,5.022130901957605476e-03,1.452274915939355537e-03
-2.594352700024539493e-02,4.484784250802245631e-03,3.088926912265102520e-03
-2.660509733485674766e-02,4.149723651644496303e-03,4.592483603390623559e-03
-2.740721406102392121e-02,4.002616315588111706e-03,5.830314887479273733e-03
-2.836094066916633460e-02,4.002577904852130941e-03,6.716136160778943265e-03
-2.940081771622191087e-02,4.098161848211184788e-03,7.244662485149641618e-03
-3.041927688500421778e-02,4.245680790952083283e-03,7.498183492271937034e-03
-3.130675265903173909e-02,4.411911414542946108e-03,7.628198018718140849e-03
-3.196648975898988554e-02,4.566162413253332941e-03,7.818612938825811320e-03
-3.232005332167237066e-02,4.679055034980839078e-03,8.234787423930668704e-03
-3.232803308459872293e-02,4.730035501398138775e-03,8.971732939467097490e-03
-3.201241396977091980e-02,4.710103620839983796e-03,1.002865510141999483e-02
-3.145119427800810441e-02,4.616815943840613112e-03,1.132871347028083578e-02
-3.074946186228492973e-02,4.455376310834646691e-03,1.276848001731679949e-02
-3.001927364465176162e-02,4.250172380295791363e-03,1.425675207565091362e-02
-2.938079481822608585e-02,4.048796902190954228e-03,1.571864579001774898e-02
-2.896134909186164064e-02,3.904936926180269108e-03,1.708117037039445091e-02
-2.886663542399309224e-02,3.855196739442706688e-03,1.827366157693749091e-02
-2.913110361345848387e-02,3.914178921796573896e-03,1.925139129094483731e-02
-2.968778236318284081e-02,4.087411045206351679e-03,2.001516077712016395e-02
-3.039738329934561778e-02,4.380255853514314346e-03,2.059812140235552091e-02
-3.113065001430274925e-02,4.791782439766828494e-03,2.102755252386630247e-02
-3.184071539788264904e-02,5.305140097461857884e-03,2.130116078107105460e-02
-3.256073942008712307e-02,5.887933262563177506e-03,2.140422080002972460e-02
-3.333473616871120149e-02,6.500237315533508031e-03,2.134757668898629168e-02
-3.415722869714341026e-02,7.099510076728265950e-03,2.118138312631140385e-02
-3.497586161205579192e-02,7.639739703081460664e-03,2.096711794285788244e-02
-3.573184567703463488e-02,8.072771044164678278e-03,2.073865532237650910e-02
-3.638100810898139970e-02,8.358330566956867491e-03,2.049492482888706779e-02
-3.688183789863969109e-02,8.477198556916309968e-03,2.023057794221655437e-02
-3.718173505318930760e-02,8.433804011860834837e-03,1.997133482618163036e-02
-3.722347424053959464e-02,8.242393740881037711e-03,1.977870656065622290e-02
-3.696225232494759760e-02,7.908880285347807959e-03,1.971961780414885346e-02
-3.637697690729302380e-02,7.427190990508814039e-03,1.982658724056415855e-02
-3.547294884447957375e-02,6.793613886051597106e-03,2.007907984790885392e-02
-3.428013369943994082e-02,6.022821836631386816e-03,2.041556336727842758e-02
-3.284878322227227643e-02,5.149803135468922211e-03,2.075958733188032479e-02
-3.124181833550032650e-02,4.220055639312270124e-03,2.103898474142298913e-02
-2.952252400924015863e-02,3.280329408239246458e-03,2.119606954126085352e-02
-2.773776637574459913e-02,2.373978529805420568e-03,2.119679526072396070e-02
-2.590401118978763462e-02,1.536076533560748469e-03,2.103238769696977317e-02
-2.400781775513877170e-02,7.873569630594268176e-04,2.069923189958139398e-02
-2.202291778643200582e-02,1.331172222984733367e-04,2.016713117090720986e-02
-1.993027023877269599e-02,-4.287235776961884071e-04,1.936806984589659053e-02
-1.772585333165516142e-02,-8.939790050399021304e-04,1.821521814280299689e-02
-1.541620281654554336e-02,-1.242453686586042494e-03,1.662387315088975637e-02
-1.301408439365919767e-02,-1.442496034318951903e-03,1.451229768820155863e-02
-1.054125231438896027e-02,-1.471407004919655925e-03,1.180112132894567400e-02
-8.031527100220037241e-03,-1.336198072993510788e-03,8.436608221728175705e-03
-5.525392083011615441e-03,-1.074016335308125569e-03,4.420307430010428362e-03
-3.058491351660030944e-03,-7.329681307266522339e-04,-1.969704996199750369e-04
-6.517095575095943616e-04,-3.582485913148358847e-04,-5.358894310033168740e-03
1.697414062416857661e-03,2.152294386048581032e-07,-1.103499098463761596e-02
4.023860471905837954e-03,2.740463101904566656e-04,-1.720450570265741330e-02
6.392674559705935344e-03,3.812969102399144106e-04,-2.382496124223218437e-02
8.870326441831721809e-03,2.496307625813320996e-04,-3.084082215250531778e-02
1.148440791154747842e-02,-1.641106065884967435e-04,-3.822708574928115888e-02
1.421018384396099954e-02,-8.715318472365396474e-04,-4.600245887152083768e-02
1.699770639009601236e-02,-1.861468780766428743e-03,-5.417747463809197139e-02
1.980682472393069382e-02,-3.108927442028286414e-03,-6.268377985637213490e-02
2.261465030624409955e-02,-4.579797204897984031e-03,-7.134776862348554682e-02
2.540199807532705911e-02,-6.231513973780744564e-03,-7.990993012704931953e-02
2.814813863288989637e-02,-8.012564172355851611e-03,-8.805194038892380504e-02
3.083950849883421164e-02,-9.867316336619524897e-03,-9.542869238555920508e-02
3.347198038748588900e-02,-1.174951522379019675e-02,-1.017360209570751933e-01
3.603597273097536302e-02,-1.363593646025973438e-02,-1.068035759508158961e-01
3.849793811641655239e-02,-1.552649023927665795e-02,-1.106401494528180124e-01
4.079451966764846560e-02,-1.742948271344013644e-02,-1.133778139418513964e-01
4.283963151649516909e-02,-1.934706304476208061e-02,-1.151549868357669842e-01
4.453613938593004029e-02,-2.127550773966047082e-02,-1.160345582156405292e-01
4.578838554466280186e-02,-2.321931307730629168e-02,-1.160063533989287576e-01
4.651326627783314294e-02,-2.520603724178271943e-02,-1.150372066970506979e-01
4.664271445892231860e-02,-2.729120010287255926e-02,-1.131045172929780601e-01
4.611596365138415088e-02,-2.955300857700404737e-02,-1.101896196069456074e-01
4.487623448982480667e-02,-3.208294774746889289e-02,-1.062522017320703394e-01
4.288593746841429244e-02,-3.497416640921624520e-02,-1.012183432103352931e-01
4.014952550831218936e-02,-3.830132379047757052e-02,-9.500352320749336221e-02
3.672159850470912978e-02,-4.208742499069595411e-02,-8.756827647971354711e-02
3.270211914791820718e-02,-4.626811523838902929e-02,-7.897196627868106888e-02
2.823813289810406246e-02,-5.067369303533952873e-02,-6.938157714024000000e-02
2.352334427865576671e-02,-5.503935249857050405e-02,-5.903572530724718326e-02
1.875992399970627389e-02,-5.903943378095100059e-02,-4.821560669616194172e-02
1.408707780653717379e-02,-6.234072458350869983e-02,-3.725706742675213845e-02
9.547341482287308168e-03,-6.467008889776648672e-02,-2.656159466327095292e-02
5.143641286339484253e-03,-6.587261715629300074e-02,-1.653715503233829653e-02
9.315382206391831232e-04,-6.592041534278969550e-02,-7.480305770191007786e-03
-2.970018858580836252e-03,-6.486006290016754772e-02,4.961723357299469006e-04
-6.480532884464373922e-03,-6.274390287406417244e-02,7.415633265285798137e-03
-9.664626891401795206e-03,-5.960804130942698453e-02,1.332753262840853659e-02
-1.272023751718531770e-02,-5.550871489528785840e-02,1.825680141433176640e-02
-1.585721008026030887e-02,-5.056594860834706662e-02,2.224210736442264191e-02
-1.919007431171904088e-02,-4.496105922930782040e-02,2.537273665721845317e-02
-2.273061356570149627e-02,-3.888842968631484043e-02,2.775164229182031095e-02
-2.644262056322066456e-02,-3.250552215989588323e-02,2.942734943664279679e-02
-3.027624870571665738e-02,-2.591678078869030788e-02,3.037766657654647484e-02
-3.416499824093133242e-02,-1.919058520171434967e-02,3.055499277180512285e-02
-3.802685111422521302e-02,-1.238725836499104949e-02,2.994146885544468617e-02
-4.178502548776785730e-02,-5.579898095842306116e-03,2.858085197732770921e-02
-4.537640791961061737e-02,1.139877017527601843e-03,2.658634489266073486e-02
-4.873021015152323443e-02,7.672002797616594982e-03,2.412241382670196610e-02
-5.174979894600673092e-02,1.392602468844811314e-02,2.136456516536749950e-02
-5.433437058192058799e-02,1.983223723860953747e-02,1.846607576528459804e-02
-5.642454483196424064e-02,2.533719150753802746e-02,1.555157274601014217e-02
-5.802002321627464099e-02,3.039207163820473179e-02,1.271490913220350849e-02
-5.914744068914945530e-02,3.495067669688506351e-02,9.998008165484045806e-03
-5.981402613568898019e-02,3.898121929899062144e-02,7.378156268836422171e-03
-5.999698168426537137e-02,4.247675983556216395e-02,4.804698770122031726e-03
-5.967639596550355918e-02,4.544643953243421297e-02,2.265806513238419195e-03
-5.887433574410039228e-02,4.788915100217597254e-02,-1.812374483708967254e-04
-5.766263471526578144e-02,4.977284527430075878e-02,-2.443536020295594691e-03
-5.613729789827237582e-02,5.104175523215698229e-02,-4.445456499151692609e-03
-5.438607717772914185e-02,5.164927020440746031e-02,-6.147168238609841684e-03
-5.247397605925119279e-02,5.159201076590874679e-02,-7.528893864370847511e-03
-5.044783878935987786e-02,5.092425014477175438e-02,-8.579456280550797065e-03
-4.834086690030581224e-02,4.975285834240378291e-02,-9.308025111431666998e-03
-4.616328728876339937e-02,4.822348631197970192e-02,-9.756877688257623374e-03
-4.389210397442111500e-02,4.650021230393919236e-02,-9.986336217278362140e-03
-4.148472500240707461e-02,4.473407447295729700e-02,-1.003693043211662493e-02
-3.891570324715409868e-02,4.302774578827206486e-02,-9.903675367835575172e-03
-3.620454257505434370e-02,4.141964472146608678e-02,-9.545094501131737297e-03
-3.340998285484308994e-02,3.990305230916657564e-02,-8.912461171614500383e-03
-3.060125916685407788e-02,3.846407138075724763e-02,-7.972607228731165563e-03
-2.783182366825842635e-02,3.710312529027837147e-02,-6.721285743261057322e-03
-2.512655601007995898e-02,3.582684536010827259e-02,-5.198521693019354795e-03
-2.248154442268157638e-02,3.463488863643804372e-02,-3.497243108207197249e-03
-1.987630391645867078e-02,3.352641846920989543e-02,-1.743346998665941394e-03
-1.729179703127226020e-02,3.251298101946820118e-02,-5.595028284929165485e-05
-1.471597537822333379e-02,3.160966333368486758e-02,1.472404944511493396e-03
-1.212866649196930879e-02,3.081288768219481167e-02,2.763508803625150390e-03
-9.485481400248296779e-03,3.010270156015626419e-02,3.749870707510719048e-03
-6.726190077273042078e-03,2.947655943808002998e-02,4.411177555013259810e-03
-3.804411955090181152e-03,2.897548117070458673e-02,4.811836444445632965e-03
-7.105426855602559044e-04,2.867557285131128175e-02,5.072639917117649500e-03
2.529952683948621939e-03,2.866700981946135318e-02,5.280438614026120026e-03
5.873247500921774389e-03,2.904881093863143082e-02,5.424530811295846799e-03
9.269479852390904995e-03,2.992723761765780921e-02,5.429827814811258313e-03
1.266469907999123734e-02,3.139318214780417726e-02,5.249306682496984733e-03
1.600109319150977427e-02,3.349307138031376585e-02,4.916787891962218215e-03
1.922317227151371100e-02,3.623166094502561219e-02,4.520242198838883563e-03
2.228572344526158489e-02,3.960745129195164527e-02,4.148715603652236572e-03
2.515406686728649532e-02,4.363259605926295137e-02,3.871422733193477517e-03
2.779686175232010115e-02,4.830166117627165967e-02,3.741746284282559953e-03
3.018267750655612147e-02,5.353663194364088884e-02,3.792382659481854934e-03
3.228489325574113167e-02,5.916844775736829209e-02,4.025787992192456088e-03
3.408341252160163037e-02,6.497645970090093481e-02,4.424826814296803357e-03
3.555468290116969854e-02,7.074813256370859893e-02,4.977418987688761454e-03
3.666369740588359960e-02,7.631307344273119408e-02,5.687167394115386077e-03
3.737561266037081609e-02,8.154397593228057683e-02,6.563823287711864629e-03
3.767756493819307551e-02,8.634441419956473407e-02,7.608583571057078720e-03
3.758578695498959732e-02,9.063917552831957103e-02,8.802695252636841272e-03
3.713762639729134563e-02,9.437330502190743875e-02,1.010333687167741523e-02
3.639146603677678726e-02,9.751995575402838679e-02,1.145566192309419029e-02
3.543836204954242675e-02,1.000851370285642528e-01,1.281532343774546834e-02
3.440300331487211594e-02,1.020992395180770895e-01,1.415537485578723109e-02
3.342756489555442911e-02,1.036143022934323810e-01,1.545070298236667083e-02
3.265849943796439447e-02,1.047320670247937624e-01,1.667141127456105154e-02
3.223859592239497474e-02,1.056332988114717653e-01,1.780507163766777146e-02
3.227758007193992640e-02,1.065391331927098006e-01,1.887555098559950961e-02
3.280114388529886682e-02,1.075992197405695183e-01,1.992046676603058397e-02
3.372927322450713916e-02,1.088017598246139306e-01,2.094991906891736921e-02
3.491946580397664590e-02,1.099899594204651887e-01,2.194428574652421138e-02
3.623622466288622945e-02,1.109532549907643606e-01,2.289774136542428729e-02
3.757937425369828333e-02,1.114973719166098554e-01,2.384806052669922322e-02
3.885900594368729699e-02,1.114546204693405151e-01,2.485117728737024773e-02
3.996445636004608559e-02,1.106713205493290442e-01,2.593613060867062947e-02
4.076756391273450575e-02,1.090078037681690426e-01,2.709894678974614918e-02
4.115331585344828014e-02,1.063472446279763450e-01,2.833229408808321179e-02
4.104575379963737447e-02,1.026026901324607887e-01,2.963936019814325529e-02
4.040891259977819061e-02,9.772592351552150669e-02,3.101595638447901537e-02
3.922816824055930240e-02,9.171720217696917310e-02,3.243643806163641619e-02
3.749388766046157784e-02,8.462340454622727104e-02,3.385911188071935585e-02
3.520447396655734806e-02,7.652377968506055006e-02,3.522047558835686432e-02
3.238354488212147331e-02,6.752282164866148240e-02,3.640956616956202152e-02
2.909099028967787604e-02,5.776406140318972315e-02,3.726906250476847565e-02
2.541713912548759779e-02,4.745095317581546346e-02,3.764877705375931777e-02
2.146516147756338810e-02,3.684895057253874395e-02,3.745955759301697330e-02
1.732894809160834271e-02,2.626269884517751230e-02,3.666963020366585668e-02
1.307491591689569077e-02,1.600768426014667623e-02,3.526456660350735239e-02
8.743227000610254152e-03,6.393440714703380046e-03,3.323201392908628482e-02
4.368640645696864055e-03,-2.289532344827753529e-03,3.058531543395840227e-02
-1.129437360880558572e-05,-9.795910496430172698e-03,2.739405822129473492e-02
-4.377435437965093712e-03,-1.595719633980018787e-02,2.379421981357827606e-02
-8.731394678486159577e-03,-2.069024130417854851e-02,1.996264362904900946e-02
-1.303222884204591203e-02,-2.397577607725073084e-02,1.605359947918377772e-02
-1.712631639499129221e-02,-2.583957781449693070e-02,1.214192401911681068e-02
-2.077482978528899515e-02,-2.636518564589075686e-02,8.241965067458001393e-03
-2.375503909153997562e-02,-2.571902145307958243e-02,4.394961404061467625e-03
-2.589081325658937338e-02,-2.414501947235091206e-02,7.222493432194714014e-04
-2.696999637217434298e-02,-2.192298120010069407e-02,-2.616099842990868285e-03
-2.669494441827602316e-02,-1.932999991043793386e-02,-5.481263821635155853e-03
-2.478417345545902428e-02,-1.663293561720133318e-02,-7.734951257216546999e-03
-2.112875936576119607e-02,-1.409004343843026086e-02,-9.168867197200183949e-03
-1.583294684241010053e-02,-1.192421194844042742e-02,-9.499337123652057402e-03
-9.130831390157023719e-03,-1.027221385245841168e-02,-8.454895191252254083e-03
-1.309190752955879944e-03,-9.154664247637001040e-03,-5.864417509349365010e-03
7.296288626785107923e-03,-8.490629758192397292e-03,-1.676559572788699493e-03
1.628325737391589367e-02,-8.127489664649711898e-03,4.042340220662049566e-03
2.519727157330153844e-02,-7.851667377673454684e-03,1.105979809486839355e-02
3.356681710843312239e-02,-7.398651264712896580e-03,1.890650331690298808e-02
4.093143041456204223e-02,-6.503567692709405490e-03,2.687429921919771980e-02
4.686358889622410651e-02,-4.977961047435086606e-03,3.409555233884829784e-02
5.099624175376321622e-02,-2.746320842736738044e-03,3.962380048441296876e-02
5.306300717046119608e-02,1.826775549641224128e-04,4.248759158261772306e-02
5.295657556664001842e-02,3.754174152486966509e-03,4.180949084375198965e-02
5.079620879210378082e-02,7.857499977535736813e-03,3.705599824143443466e-02
4.696299108190460370e-02,1.228830227485644411e-02,2.830077482449402937e-02
4.205247452188543011e-02,1.674077946346133605e-02,1.628133055511810784e-02
3.673884314758302239e-02,2.084767292864592170e-02,2.162787480670499279e-03
3.161118299338522286e-02,2.424025686734337937e-02,-1.284449071766929906e-02
2.706668273206752628e-02,2.660364066005382194e-02,-2.776831097810493823e-02
2.330145822035928349e-02,2.771957521090433890e-02,-4.191714237873748333e-02
2.037050809493889947e-02,2.748732372213979341e-02,-5.473084471589333144e-02
1.825934472943757658e-02,2.591524227995553251e-02,-6.561782664038723345e-02
1.693375603694396991e-02,2.309502335243305768e-02,-7.393711914457870571e-02
1.636566405514638944e-02,1.917982269405650239e-02,-7.914153781618542272e-02
1.653752522471862996e-02,1.437371925126558134e-02,-8.096521383374434555e-02
1.742127307747021181e-02,8.926652878298007437e-03,-7.953000290060663335e-02
1.893875017336049682e-02,3.128845523739799683e-03,-7.533136068163645560e-02
2.093246400199255675e-02,-2.701541053291508371e-03,-6.913101142927248477e-02
2.317774312846859752e-02,-8.245852604412809428e-03,-6.179302997227210242e-02
2.543787034133951352e-02,-1.322592680748063340e-02,-5.410343840861633891e-02
2.752645230249545216e-02,-1.744085293523197494e-02,-4.663052150446717059e-02
2.933235722198501705e-02,-2.078191659648716272e-02,-3.967336051709016015e-02
3.079280204354070682e-02,-2.322579908403633875e-02,-3.330088641840676933e-02
3.184235554612789565e-02,-2.481824124323556841e-02,-2.744686459046608018e-02
3.238159229628417846e-02,-2.565575086808705857e-02,-2.201713564387017263e-02
3.228797840218773640e-02,-2.586500629712986526e-02,-1.696541825079510291e-02
3.145673273088625543e-02,-2.558179747199158457e-02,-1.230691167102559991e-02
2.984129463442541930e-02,-2.493681733242153475e-02,-8.081932339398800735e-03
2.747131285700668557e-02,-2.405032224565370122e-02,-4.320521252220876907e-03
2.444646397697169959e-02,-2.302707882777828285e-02,-1.039905554000020160e-03
2.091643144228439583e-02,-2.194778768914168454e-02,1.746967023785933604e-03
1.705534854378095572e-02,-2.086992470913717410e-02,4.044431347311583380e-03
1.303547007463581875e-02,-1.984557363189252271e-02,5.899004303557775497e-03
9.008939006785531001e-03,-1.893150785297040631e-02,7.401867018850316615e-03
5.106832271123365463e-03,-1.816134348263857140e-02,8.662120799676528704e-03
1.449514664327369862e-03,-1.750084686738905340e-02,9.776021973723944547e-03
-1.852329566453966847e-03,-1.684836298267974528e-02,1.081123483394413887e-02
-4.716016770081869758e-03,-1.609827706949155945e-02,1.180266491450487898e-02
-7.107650865391224038e-03,-1.520557813720339879e-02,1.275305470471731206e-02
-9.041164537016328079e-03,-1.418747640489732842e-02,1.364107626555510072e-02
-1.055457717076358284e-02,-1.307658135859448081e-02,1.443834548934710971e-02
-1.168566356274739620e-02,-1.188750432826855483e-02,1.512625295023586197e-02
-1.246446637378955530e-02,-1.062128078130607917e-02,1.570211881778312002e-02
-1.291826161099678474e-02,-9.280616764419529624e-03,1.617483795238499472e-02
-1.307522499987517212e-02,-7.871910385781005423e-03,1.655845882493473670e-02
-1.296258393177770508e-02,-6.400204883085316293e-03,1.686904463884784933e-02
-1.260373948726425247e-02,-4.868672500264317922e-03,1.712297250794534570e-02
-1.201525702812341820e-02,-3.280406447469058802e-03,1.733445245984418723e-02
-1.120146370862286009e-02,-1.638532875553679741e-03,1.751537237514327536e-02
-1.015158535865579373e-02,5.118130671839977996e-05,1.768090125604839663e-02
-8.848212690853889117e-03,1.773489813251361708e-03,1.785608299751200584e-02
-7.285296229434061292e-03,3.499798340592113685e-03,1.807300651213945841e-02
-5.485942685224624166e-03,5.190296512503396117e-03,1.835594965339451892e-02
-3.518772538985131572e-03,6.792216506884961313e-03,1.870589817678378064e-02
-1.513743741044211791e-03,8.228643590091492058e-03,1.909758116617678997e-02
3.420270854602724953e-04,9.395495531799885613e-03,1.948834438364098129e-02
1.852854829419952123e-03,1.018991997028426827e-02,1.982759532792734147e-02
2.888258778423517803e-03,1.056054656042210334e-02,2.006186285150683007e-02
3.420670281482466463e-03,1.053708927341714605e-02,2.014131771136792870e-02
3.495913016380953683e-03,1.021274882709175338e-02,2.003104606319266318e-02
3.176566915275859035e-03,9.700516082474934174e-03,1.972034996267557627e-02
2.515191590542784766e-03,9.101884855010879127e-03,1.922331219473829775e-02
1.564195321218136286e-03,8.499054016611591253e-03,1.857186398473849309e-02
3.913679905944190962e-04,7.956125643627036739e-03,1.780460344044292390e-02
-9.176976107343713662e-04,7.519767978110292531e-03,1.695349714929762081e-02
-2.269884147294329302e-03,7.221936380869474828e-03,1.603690991271247007e-02
-3.586821967738747230e-03,7.084483561018936962e-03,1.506972433170843291e-02
-4.831575468849725816e-03,7.119434667170621706e-03,1.408292969380381746e-02
-6.015994365916274914e-03,7.321734742217405473e-03,1.312496170658369356e-02
-7.175559403313970519e-03,7.657220506442432434e-03,1.223121311115922712e-02
-8.334687450964214234e-03,8.054077150084427289e-03,1.138806367895991295e-02
-9.495291690122340672e-03,8.412161831291977560e-03,1.053194401740890906e-02
-1.064750507462131762e-02,8.637986123963456095e-03,9.590178240445126900e-03
-1.177487112268601338e-02,8.686191226312124647e-03,8.528333444674695424e-03
-1.284634925181411813e-02,8.570950513621115180e-03,7.365646790291533602e-03
-1.381770959192469075e-02,8.336228695390168406e-03,6.154019032587606380e-03
-1.465080257807441222e-02,8.018256992364828847e-03,4.948494392807929743e-03
-1.532184151491755228e-02,7.638753135139793315e-03,3.798092806387442372e-03
-1.580092711253591395e-02,7.225684789022999294e-03,2.757571053503528324e-03
-1.604268644425294044e-02,6.826079510879148535e-03,1.893556128954145337e-03
-1.603461224988157047e-02,6.492177444751754539e-03,1.264822699016149299e-03
-1.586654380101411299e-02,6.259456229858701565e-03,8.919068422933787432e-04
-1.572633418535570454e-02,6.142670220628795863e-03,7.505591309874791450e-04
-1.580025627963060897e-02,6.150102034522802325e-03,7.977058100665998519e-04
-1.617428046599176869e-02,6.295204339671081617e-03,1.000977172093547862e-03
-1.682709584677614598e-02,6.593097303103107737e-03,1.344381544571813386e-03
-1.769027208136851603e-02,7.049974355047269881e-03,1.816224620620979918e-03
-1.869297986969432196e-02,7.658694745364971745e-03,2.400703843429718987e-03
-1.976617433677607324e-02,8.402720503528440105e-03,3.078081455614677803e-03
-2.083979420088147988e-02,9.262064734072310290e-03,3.824626891178566079e-03
-2.185040110324840829e-02,1.021672992317367024e-02,4.610777290264857220e-03
-2.274690574434282131e-02,1.124664605647093807e-02,5.403196818456697248e-03
-2.349253669437777539e-02,1.232823550896790937e-02,6.170397322090237502e-03
-2.407201036141332073e-02,1.343063109523635196e-02,6.886740515724128903e-03
-2.449425352010864421e-02,1.451660659053020247e-02,7.533330257739057068e-03
-2.477502408706649950e-02,1.554778075300621704e-02,8.095497882428255576e-03
-2.491259994434650779e-02,1.648718784614902622e-02,8.554989688752064753e-03
-2.488630003711505417e-02,1.729718313553602060e-02,8.882048499947191311e-03
-2.468109705553410763e-02,1.794084212238492709e-02,9.040620696277826274e-03
-2.431109468142208033e-02,1.839227714360175403e-02,9.008996305387283188e-03
-2.382108299000470705e-02,1.864661991731875884e-02,8.796915455967571629e-03
-2.327165084192787947e-02,1.871612211026117689e-02,8.440673949876867366e-03
-2.272315936509110637e-02,1.861410100305178894e-02,7.983734263336192405e-03
-2.222526578070189995e-02,1.834361811718637769e-02,7.466012901728033557e-03
-2.181198354096509223e-02,1.790241964406044661e-02,6.928160475732421386e-03
-2.150335575988824438e-02,1.729745729779855190e-02,6.413886926957539092e-03
-2.131335498646910742e-02,1.655476949858981917e-02,5.959581776820044308e-03
-2.125654268605350894e-02,1.571960751185356997e-02,5.586527151092833543e-03
-2.134481829169408013e-02,1.485039511219256314e-02,5.313839406880446758e-03
-2.157673707159704635e-02,1.400751163599275873e-02,5.179971355132005628e-03
-2.193214701005349876e-02,1.323610944577881254e-02,5.241614344700447348e-03
-2.237940420373134981e-02,1.255212161427139705e-02,5.544615861835806847e-03
-2.288898766916147576e-02,1.194714303516343501e-02,6.098319130665774690e-03
-2.344396177549868537e-02,1.141202677609076677e-02,6.879182086073798441e-03
-2.404342484981412259e-02,1.095539263280759235e-02,7.851255402783238746e-03
-2.469687378361541674e-02,1.059553226295714690e-02,8.976789688010598789e-03
-2.540846834786896630e-02,1.033417821433292583e-02,1.021465326621322223e-02
-2.616075003010187583e-02,1.014114497560919537e-02,1.152362531837568954e-02
-2.691518619396116030e-02,9.965282758271992725e-03,1.287506811209994384e-02
-2.763258017674609379e-02,9.759399469753377021e-03,1.426149171489034945e-02
-2.829367696564702439e-02,9.497956507930727099e-03,1.569196945553657727e-02
-2.890161676377345223e-02,9.180245938565478880e-03,1.718025155522171638e-02
-2.947130431580197163e-02,8.826402846888459219e-03,1.873462816007609097e-02
-3.002174819516503779e-02,8.473573616969487521e-03,2.035226087988787833e-02
-3.057450633620273361e-02,8.170446791791408092e-03,2.201743024681687005e-02
-3.115023617515516596e-02,7.964728652019859023e-03,2.370356442130467506e-02
-3.176222104627486609e-02,7.885841564943291138e-03,2.537797261427740536e-02
-3.241370882127697639e-02,7.934354876452054395e-03,2.700723946431432543e-02
-3.309932466172660348e-02,8.086250740944711524e-03,2.856300422193461253e-02
-3.380285303253711959e-02,8.305876432271264154e-03,3.002862741429433713e-02
-3.449124128058042582e-02,8.554964424024702474e-03,3.140258442155977048e-02
-3.511676558621962263e-02,8.794932102869662538e-03,3.269043910810695563e-02
-3.563321254733436971e-02,8.989507197812995898e-03,3.388569660743752376e-02
-3.601239895894592369e-02,9.109923387678908746e-03,3.495576661348068215e-02
-3.624400310092665278e-02,9.137668070967552847e-03,3.584871367835060219e-02
-3.632289575413569227e-02,9.065307454416582367e-03,3.651387336631747860e-02
-3.624324165566744638e-02,8.901382424917281266e-03,3.691658594882638034e-02
-3.600374034807377055e-02,8.674038960602981074e-03,3.704416516875622123e-02
-3.560710575804904021e-02,8.417966520164243960e-03,3.691419939000534223e-02
-3.504504809338981897e-02,8.146180059152574593e-03,3.657776295227332941e-02
-3.428639095500077283e-02,7.833278035711044307e-03,3.609524222224499979e-02
-3.328786053965063219e-02,7.429551453840332886e-03,3.549366817918669925e-02
-3.201887770596179017e-02,6.892058468730088983e-03,3.475056350423733065e-02
-3.047434535687992829e-02,6.205407847008181932e-03,3.382267103509140060e-02
-2.866652413460202276e-02,5.383573409817044020e-03,3.267824811474023816e-02
-2.661153825194090272e-02,4.460857297032272406e-03,3.129073466014020699e-02
-2.432525436235327687e-02,3.477924563415224490e-03,2.961198139959023146e-02
-2.182507300703129260e-02,2.466441048653122969e-03,2.757032858900335115e-02
-1.912761341424923378e-02,1.441031270115467056e-03,2.509491192357429790e-02
-1.624352960391250988e-02,4.033068752574697768e-04,2.212730954925354321e-02
-1.317959527064443970e-02,-6.509034214321474110e-04,1.860578233903140144e-02
-9.950520387209171869e-03,-1.731407296459153144e-03,1.445242436686861032e-02
-6.588989268700995439e-03,-2.857786171341691883e-03,9.590916611339969644e-03
-3.141507199780124715e-03,-4.059917275352598054e-03,3.980249542161334864e-03
3.470168908962234511e-04,-5.375448666249615925e-03,-2.372636602823968710e-03
3.843279841964197807e-03,-6.848145123049098615e-03,-9.435239577269660671e-03
7.319142362674169178e-03,-8.523812192763879914e-03,-1.718211396981540046e-02
1.073663558811743801e-02,-1.043896809358157984e-02,-2.560109872849468393e-02
1.404027870192348093e-02,-1.260691711639616575e-02,-3.466478034108572137e-02
1.716079308116957858e-02,-1.501113849572432990e-02,-4.429851459508743483e-02
2.002270346606505047e-02,-1.760862799456519578e-02,-5.438191918823393617e-02
2.255224300908542645e-02,-2.033723794461883561e-02,-6.478189875856106561e-02
2.468726192103165573e-02,-2.312179445236428599e-02,-7.537696716803105046e-02
2.638466477450829295e-02,-2.587911382003837968e-02,-8.604095519494475708e-02
2.761981378957578670e-02,-2.852293544309225659e-02,-9.659564548325005884e-02
2.838624407018053297e-02,-3.096727723223291484e-02,-1.067687105189377150e-01
2.870585108499268401e-02,-3.312763880432356700e-02,-1.161894814302562584e-01
2.863570247198854446e-02,-3.492205340923948409e-02,-1.244348837720209433e-01
2.824947883911299584e-02,-3.627034260738448701e-02,-1.311070093163654027e-01
2.760831285145481928e-02,-3.708633838510277947e-02,-1.358953718058021065e-01
2.676414981563235429e-02,-3.727122398060611630e-02,-1.385903712554238387e-01
2.579902834104119691e-02,-3.673589976179547634e-02,-1.390710423228660730e-01
2.484270414739886412e-02,-3.546562706164868573e-02,-1.373147272256726448e-01
2.402608574574793820e-02,-3.358804959160810455e-02,-1.334261881535037109e-01
2.341092897068297596e-02,-3.138214102675396244e-02,-1.276366900924907899e-01
2.297129740477954485e-02,-2.921541099771363115e-02,-1.202575290923174334e-01
2.263519794076307434e-02,-2.746022380425694465e-02,-1.116275697216588259e-01
2.231816160813293592e-02,-2.643468579460861445e-02,-1.020786247989373674e-01
2.190277083519154289e-02,-2.636240427739888759e-02,-9.189789806133952244e-02
2.120749734860050140e-02,-2.733465817281111043e-02,-8.128572959583636737e-02
2.001817001832573162e-02,-2.929282464478888404e-02,-7.035443987515740960e-02
1.818288493732089783e-02,-3.205399932644281691e-02,-5.919075132925946670e-02
1.569271293043361659e-02,-3.536149433482560500e-02,-4.793211413000264542e-02
1.268471272380899961e-02,-3.892111056958402759e-02,-3.679433659248160238e-02
9.382672503711830814e-03,-4.241628040172762404e-02,-2.604530766625237637e-02
6.033189234692759584e-03,-4.552812963734664820e-02,-1.595932313042600081e-02
2.865310998278136623e-03,-4.797375215238774970e-02,-6.775584949158613979e-03
6.189652934551759245e-05,-4.954400568599248711e-02,1.329539059657547373e-03
-2.265208466237123019e-03,-5.011810857467569047e-02,8.245173949537720759e-03
-4.081262192647816534e-03,-4.965571671086188577e-02,1.390436334754172054e-02
-5.411349011897215178e-03,-4.818314907843790351e-02,1.826226643737396960e-02
-6.327490807714664101e-03,-4.578275250438090804e-02,2.129457787186572748e-02
-6.962320071404626276e-03,-4.257963966423239377e-02,2.300960820641698157e-02
-7.520769183677167291e-03,-3.871933713521846787e-02,2.345839772019273073e-02
-8.240166342417420964e-03,-3.434258663190781213e-02,2.274181535192260073e-02
-9.304685769304210652e-03,-2.957117333931447156e-02,2.101953162802028263e-02
-1.078428063823988481e-02,-2.450961216937053155e-02,1.851691470183436383e-02
-1.264811791127362639e-02,-1.925142342203817192e-02,1.552543132493705569e-02
-1.482234180587749250e-02,-1.387478989659685080e-02,1.239789969239996070e-02
-1.722855193966443821e-02,-8.428128719066840802e-03,9.528567683851629777e-03
-1.978311190844062040e-02,-2.927161374774278624e-03,7.293074266493781987e-03
-2.238390187712635537e-02,2.616218158770777791e-03,5.948090293748542479e-03
-2.490916453497415972e-02,8.146812896126787162e-03,5.547691130754622835e-03
-2.723167063926013043e-02,1.354580702661967173e-02,5.948225019952430026e-03
-2.924096321809166454e-02,1.866272602659191371e-02,6.902344976022434242e-03
-3.085930197918340667e-02,2.336786029833219647e-02,8.158485842593488080e-03
-3.203776671382208008e-02,2.757587463521432580e-02,9.496238751398933253e-03
-3.274356971289726914e-02,3.124141313393428987e-02,1.072876826578583742e-02
-3.296822805364474362e-02,3.436546655709561693e-02,1.174706392591548521e-02
-3.275746636719167881e-02,3.701331712792674256e-02,1.259589727007814908e-02
-3.222204060018363236e-02,3.929879525957603870e-02,1.348282345178031250e-02
-3.150404255801353415e-02,4.132589501981209779e-02,1.467299861252976956e-02
-3.072898841656668267e-02,4.314668652920777836e-02,1.635011160040925060e-02
-2.998595591550579087e-02,4.477879271339424427e-02,1.855139141318692952e-02
-2.933359050108963473e-02,4.624488126225712037e-02,2.119270194805389362e-02
-2.880295415963463057e-02,4.757387768585630283e-02,2.412639035854818870e-02
-2.839078391913574251e-02,4.876353949909256746e-02,2.718289521624857319e-02
-2.805841439528178327e-02,4.974969747286694943e-02,3.017638974237167593e-02
-2.774118077949516703e-02,5.041092897632970526e-02,3.288033550633839841e-02
-2.736195394443763362e-02,5.060801499659611791e-02,3.502311884573667405e-02
-2.684930788796613399e-02,5.024444947262679539e-02,3.636146520436982915e-02
-2.616073856757727967e-02,4.931690520229359276e-02,3.680089844609370220e-02
-2.529793493772070079e-02,4.791628390660229719e-02,3.645169531941248181e-02
-2.430241608146221921e-02,4.617674963416473766e-02,3.557000295944362511e-02
-2.323770678625747266e-02,4.421969825595373216e-02,3.445242610317354043e-02
-2.216813187073496394e-02,4.213351653462205082e-02,3.335233717175928314e-02
-2.113411909287155055e-02,3.997930333835353345e-02,3.240993803404165763e-02
-2.012929223266857193e-02,3.779274468509596918e-02,3.160140064069863475e-02
-1.909953006334008663e-02,3.558103959960945417e-02,3.077340494683013933e-02
-1.797239066926037410e-02,3.333435133790774163e-02,2.976918379698667225e-02
-1.669307529424202130e-02,3.105167487710858154e-02,2.852740262341458416e-02
-1.523624514785471007e-02,2.875655836312529523e-02,2.706112512342003992e-02
-1.359050698612129793e-02,2.648777618045539128e-02,2.538170326653392192e-02
-1.173644449745125939e-02,2.428119509749082638e-02,2.348035458766700029e-02
-9.638158658942241885e-03,2.216991873567131233e-02,2.136389049890553837e-02
-7.253658781714467096e-03,2.020485331782528871e-02,1.906699388668618711e-02
-4.550764804132079178e-03,1.846835236222943433e-02,1.663167408169759914e-02
-1.502429950956507554e-03,1.705971792769445106e-02,1.410544775802592687e-02
1.946152740210038701e-03,1.606731636098668314e-02,1.155606374250479212e-02
5.898958078064175936e-03,1.555913099973593727e-02,9.045253751231670247e-03
1.046510107968590120e-02,1.559702233562820783e-02,6.561987273034849966e-03
1.565963031912875891e-02,1.624652958691252813e-02,4.000140615634480146e-03
2.133898364080000221e-02,1.756018728228980752e-02,1.231800661375924422e-03
2.724311717517302611e-02,1.954888440748669964e-02,-1.791245951751119225e-03
3.309998499095012647e-02,2.217385552501316415e-02,-5.011411239942600848e-03
3.867620438490027013e-02,2.537048233274674658e-02,-8.318386501268114352e-03
4.373726098326180534e-02,2.908295016478668060e-02,-1.159303180091603158e-02
4.801457248353635521e-02,3.328146231927076037e-02,-1.469802302525879262e-02
5.127220967395507145e-02,3.795338652580182437e-02,-1.747119862334433477e-02
5.341514158563809289e-02,4.308239269824443163e-02,-1.977184281160068724e-02
5.450231121684367963e-02,4.863551569907431649e-02,-2.153548782688369245e-02
5.464968114077040084e-02,5.456661727494194203e-02,-2.276938179219246960e-02
5.395379841941538857e-02,6.082820049926396244e-02,-2.350211149447534176e-02
5.251624938551646693e-02,6.737537131016524405e-02,-2.375013876726233403e-02
5.049036840390730418e-02,7.415283502045566522e-02,-2.351744429494825178e-02
4.805348244408991221e-02,8.107268030601444408e-02,-2.280129683397900953e-02
4.533947585607611686e-02,8.800062230599203783e-02,-2.160019507670518646e-02
4.242547889327763500e-02,9.476009080940839269e-02,-1.993727909012178029e-02
3.937915523343571422e-02,1.011477552144781633e-01,-1.788007999113681856e-02
3.630071455938876923e-02,1.069510319779852781e-01,-1.552489012091703979e-02
3.332995324792076275e-02,1.119678968116107898e-01,-1.295821972998693894e-02
3.063430937852906766e-02,1.160318158466566718e-01,-1.023681998467439180e-02
2.837882018590009991e-02,1.190332861149544508e-01,-7.396618019259393328e-03
2.667284453751683770e-02,1.209234817817301799e-01,-4.469480834457528751e-03
2.552962317610107945e-02,1.216979577104658761e-01,-1.501076134471007739e-03
2.488369120503586274e-02,1.213741113060275434e-01,1.423372320705579286e-03
2.464800212669926438e-02,1.199759287888899628e-01,4.164569277321068796e-03
2.474512795248440256e-02,1.175281877952188414e-01,6.560994221120580727e-03
2.508801196357479668e-02,1.140562478043186667e-01,8.499382155927957816e-03
2.555545624482657985e-02,1.095897740700167988e-01,9.963607442793509517e-03
2.600718012647007527e-02,1.041702465580113257e-01,1.102050976473356592e-02
2.632002658080434543e-02,9.785855545337446282e-02,1.177346306685459268e-02
2.639647668380540324e-02,9.073527080550602975e-02,1.233873244614452566e-02
2.614209025616220927e-02,8.289017415594515659e-02,1.284358458626382385e-02
2.545751586003097700e-02,7.441044905409860410e-02,1.340295305250261901e-02
2.426502877970371230e-02,6.538459188886625029e-02,1.407653922867033863e-02
2.252972951336618124e-02,5.592521012276641112e-02,1.486449923816606650e-02
2.023997885698713972e-02,4.618980210248166407e-02,1.575995596424005496e-02
1.737524622075792280e-02,3.637894890231074818e-02,1.679018210861412536e-02
1.391077373488380786e-02,2.672102382318106151e-02,1.798487164887369733e-02
9.857611515332376229e-03,1.746850128288010562e-02,1.930934091984608247e-02
5.296156763130888123e-03,8.906067922937396797e-03,2.064690725895632073e-02
3.804894557837279478e-04,1.342623395316822066e-03,2.184736024725285330e-02
-4.679071548000290903e-03,-4.926588802756148855e-03,2.278524443977304748e-02
-9.645665186243768119e-03,-9.666008725354169329e-03,2.338603123684925011e-02
-1.428823220229746838e-02,-1.272741694946132041e-02,2.362979696825717735e-02
-1.839777154828836636e-02,-1.405785333505171764e-02,2.354781139443526405e-02
-2.178074988722245031e-02,-1.369951568137876136e-02,2.320430857152236404e-02
-2.424968163763985274e-02,-1.178578745629099006e-02,2.266571895914278045e-02
-2.562677277005165344e-02,-8.534919861462195168e-03,2.199112950531554450e-02
-2.574732900035114902e-02,-4.245951132297060004e-03,2.126541021334967668e-02
-2.445106435388888499e-02,7.081979100237723035e-04,2.063865499844798335e-02
-2.158298533737157410e-02,5.903339435116061740e-03,2.031373755005626974e-02
-1.702844759012467346e-02,1.089703781537143534e-02,2.048202685919808114e-02
-1.076292257099964456e-02,1.524957156598896746e-02,2.127188511124186027e-02
-2.871795859179959720e-03,1.853298932240815544e-02,2.275161552238131463e-02
6.466888520309410637e-03,2.035758873463908158e-02,2.494798819962017883e-02
1.699526290099978576e-02,2.042119737751441066e-02,2.782079099051848470e-02
2.835574810711888327e-02,1.853701297725365849e-02,3.120231844332668758e-02
4.006709754531417866e-02,1.460276557105588680e-02,3.476298891965987764e-02
5.154069860008819726e-02,8.536852115934218110e-03,3.802256713442335456e-02
6.213595709307662140e-02,2.399013822940720964e-04,4.036495140828976619e-02
7.122656037227925729e-02,-1.039304749839763120e-02,4.104582212404050967e-02
7.828344156039357404e-02,-2.343015610896645451e-02,3.926822897489271047e-02
8.299535611335862040e-02,-3.886239823617135269e-02,3.438626870804520341e-02
8.538075638584952110e-02,-5.658569754550025338e-02,2.614995071902583706e-02
8.578886112559391819e-02,-7.640678077073148611e-02,1.480692577737102722e-02
8.475867300179329433e-02,-9.804786779972315958e-02,9.834587741783390458e-04
8.282946200669560888e-02,-1.211127398420112633e-01,-1.453458909886109346e-02
8.041076319907736192e-02,-1.450040414348434115e-01,-3.094822584405681337e-02
7.772877044026893500e-02,-1.688272089832890677e-01,-4.747537477675185802e-02
7.481611661955067660e-02,-1.913251628509561320e-01,-6.333654220544046587e-02
7.153807143695090076e-02,-2.108489614286090386e-01,-7.774881152248319660e-02
6.765079181988298274e-02,-2.253335124505379261e-01,-8.991786553835634521e-02
6.284989554748809937e-02,-2.322565295620468984e-01,-9.902524410023018364e-02
5.677879571663480007e-02,-2.285958257183251241e-01,-1.042491970013700725e-01
4.902391567142094786e-02,-2.108177737801059104e-01,-1.048407522521699609e-01
3.913167944628570538e-02,-1.749234715339916257e-01,-1.002147517464578169e-01
2.663428714584203938e-02,-1.165541657106599349e-01,-8.998895079962446197e-02
1.105395233143197098e-02,-3.108311097228869113e-02,-7.393201833806575807e-02
-8.099418541616776324e-03,8.635819626296248330e-02,-5.183640324692818241e-02
-3.128468704829856506e-02,2.407233370351710700e-01,-2.339301824805255225e-02
-5.884597782526501675e-02,4.365799936239516676e-01,1.185403972725801447e-02
-9.098040130959450522e-02,6.776879778851927494e-01,5.447927735250579495e-02
-1.277722622042976042e-01,9.669841506403182851e-01,1.051082854854737958e-01
-1.691484124133868505e-01,1.306314727478432358e+00,1.642595784636391443e-01
-2.147052236369546563e-01,1.695253305519493603e+00,2.320929535884013184e-01
-2.636274075142992501e-01,2.130073290090994220e+00,3.082830899722706075e-01
-3.148038553818928165e-01,2.603954671918198738e+00,3.921497254931505250e-01
-3.668187213668367974e-01,3.106715395130577928e+00,4.827103000417936052e-01
-4.176153840883216617e-01,3.622360783866809264e+00,5.783293501728612451e-01
-4.642675811092686899e-01,4.127194119180356502e+00,6.763379000704450306e-01
-5.031722380641951986e-01,4.591255057434937115e+00,7.730499503139158790e-01
-5.300335992567823951e-01,4.978691542328129493e+00,8.635147779140250890e-01
-5.392131459809874627e-01,5.242695046933694591e+00,9.402135594963954013e-01
-5.238966499437509583e-01,5.324454609567860430e+00,9.920568601088346483e-01
-5.308435373383346700e-01,5.317392925195020048e+00,9.799400015956600818e-01
-5.381633709504498597e-01,5.310450491231794246e+00,9.679120471512145940e-01
