9.548830440151281351e-01,-1.620974226298677046e-01,2.488429179807147285e-01
9.540393814215929469e-01,-1.693119178826292259e-01,2.472697578750990000e-01
9.531194013751198568e-01,-1.767355985552579445e-01,2.456174564758130674e-01
9.521178033046878708e-01,-1.843686612209160525e-01,2.438849839368197048e-01
9.510282165479838623e-01,-1.922157941166600659e-01,2.420711048879291838e-01
9.498428643418383999e-01,-2.002873174045634308e-01,2.401739443523706607e-01
9.485521165968985313e-01,-2.085996241117721028e-01,2.381912654149414277e-01
9.471442372473901639e-01,-2.171731042220410579e-01,2.361220799747919541e-01
9.456051818325784675e-01,-2.260301875175620423e-01,2.339683620110888096e-01
9.439184745511068897e-01,-2.351944221341696339e-01,2.317358349459259503e-01
9.420653176278545038e-01,-2.446894431555161620e-01,2.294341163187655908e-01
9.400246730361904168e-01,-2.545382404376826946e-01,2.270768553553876024e-01
9.377730723561753523e-01,-2.647635264298913715e-01,2.246818636117915435e-01
9.352845371870858182e-01,-2.753880986677746945e-01,2.222706224647935935e-01
9.325309408562998392e-01,-2.864343950493361546e-01,2.198667361798617992e-01
9.294823130822902346e-01,-2.979244515973571428e-01,2.174940247630020307e-01
9.261065665079543097e-01,-3.098807435730348003e-01,2.151756311329680038e-01
9.223691430876960196e-01,-3.223261828979148147e-01,2.129342520547812534e-01
9.182333568375573574e-01,-3.352823732021668612e-01,2.107919178022580609e-01
9.136611375409250391e-01,-3.487679069834089263e-01,2.087684669815707827e-01
9.086132070823395024e-01,-3.627984420294926848e-01,2.068799902758078346e-01
9.030485683595088631e-01,-3.773876897450372248e-01,2.051385259105291403e-01
8.969241756157776413e-01,-3.925473541828005120e-01,2.035524451340257612e-01
8.901952426864708778e-01,-4.082856912055961573e-01,2.021267529426623022e-01
8.828156213721664036e-01,-4.246059731412771820e-01,2.008639993478787134e-01
8.747378062690273071e-01,-4.415056111215983070e-01,1.997662775139832647e-01
8.659131761127679683e-01,-4.589753069759841542e-01,1.988367144684295706e-01
8.562932121034336763e-01,-4.769976841804124956e-01,1.980786313364149287e-01
8.458313721729258106e-01,-4.955459113980237307e-01,1.974931379688102118e-01
8.344848459975817700e-01,-5.145828014040547682e-01,1.970776047640805106e-01
8.222162743221222980e-01,-5.340599215299476343e-01,1.968258073913956574e-01
8.089961316049499862e-01,-5.539163104216571210e-01,1.967281883642623685e-01
7.948057807651198736e-01,-5.740774836381299373e-01,1.967709674775750539e-01
7.796403697313976089e-01,-5.944556514523212654e-01,1.969349444397462956e-01
7.635110338662542961e-01,-6.149510648234767229e-01,1.971955603885535702e-01
7.464466480066013210e-01,-6.354538005685819169e-01,1.975243504549605289e-01
7.284953486857860261e-01,-6.558458789027855618e-01,1.978906517989359737e-01
7.097254129470575990e-01,-6.760041633465510014e-01,1.982629802945027608e-01
6.902249836627264434e-01,-6.958040694606623111e-01,1.986105960158487671e-01
6.701006553784935038e-01,-7.151235157480062554e-01,1.989056783642054183e-01
6.494750321590333497e-01,-7.338467713689147409e-01,1.991258364789519064e-01
6.284829138084999656e-01,-7.518682699771137568e-01,1.992569488183526805e-01
6.072661260459784049e-01,-7.690959520728331000e-01,1.992969359079365121e-01
5.859685956287016273e-01,-7.854528486137124510e-01,1.992602005959331624e-01
5.647340543596511830e-01,-8.008760750204783063e-01,1.991807227276364833e-01
5.437071051011405087e-01,-8.153141085397314081e-01,1.991117482184323884e-01
5.230360453548358324e-01,-8.287241473304529649e-01,1.991220301498248801e-01
5.028755398067861204e-01,-8.410705254566038791e-01,1.992901469520904356e-01
4.833884350061219970e-01,-8.523240496448538650e-01,1.996981104050030709e-01
4.647461996508704951e-01,-8.624621255520299457e-01,2.004246788655214273e-01
4.471266724473057508e-01,-8.714699156465995911e-01,2.015388918028190313e-01
4.307083043675206113e-01,-8.793422948544130646e-01,2.030947685909947065e-01
4.156620918705256074e-01,-8.860855163489651520e-01,2.051279676163310639e-01
4.021434133516835208e-01,-8.917175768965689420e-01,2.076546126421679739e-01
3.902848611279761681e-01,-8.962673155238067846e-01,2.106718450530715436e-01
3.801898103136661655e-01,-8.997730338019279683e-01,2.141592766529925029e-01
3.719267374957190286e-01,-9.022810975761125230e-01,2.180810007603506961e-01
3.655253953800842170e-01,-9.038442221848035363e-01,2.223888651784987347e-01
3.609759463914514743e-01,-9.045191522602650247e-01,2.270274638037596826e-01
3.582308694026514750e-01,-9.043643343222262931e-01,2.319392054244751034e-01
3.572085123792496653e-01,-9.034386834592021964e-01,2.370667077286620628e-01
3.577976073691109260e-01,-9.018017253641239517e-01,2.423520585661045335e-01
3.598629624580695907e-01,-8.995141262873859178e-01,2.477357157543956523e-01
3.632525133185420807e-01,-8.966374763021135452e-01,2.531577525147895580e-01
3.678051191753456406e-01,-8.932331776721272876e-01,2.585611815686254533e-01
3.733581190687759177e-01,-8.893610125669986211e-01,2.638952524226775842e-01
3.797540163823258097e-01,-8.850778347717941363e-01,2.691172856528630808e-01
3.868459900711824218e-01,-8.804365821722083263e-01,2.741926416568594149e-01
3.945019605298870635e-01,-8.754857771498375518e-01,2.790929184813193964e-01
4.026071273137430406e-01,-8.702693510157267776e-01,2.837935124678525600e-01
4.110652708501969510e-01,-8.648261513615729257e-01,2.882725637690551901e-01
4.197991129655930242e-01,-8.591888216243591669e-01,2.925120058203531381e-01
4.287496546165829314e-01,-8.533827359183271399e-01,2.964989708290932113e-01
4.378743512079738553e-01,-8.474258945555436240e-01,3.002255914990136221e-01
4.471444699089681674e-01,-8.413297271991870829e-01,3.036875255270941043e-01
4.565423186627785013e-01,-8.351000022497212516e-01,3.068828726281892516e-01
4.660587217074176891e-01,-8.287374621425976917e-01,3.098120184271334066e-01
4.756906097523352916e-01,-8.222385246944605708e-01,3.124776028801560801e-01
4.854386525599771463e-01,-8.155963136737018893e-01,3.148840544114964168e-01
4.953053353352663835e-01,-8.088017049589646401e-01,3.170369487045495704e-01
5.052938494373784284e-01,-8.018439234413217154e-01,3.189427035706942637e-01
5.154074227054943336e-01,-7.947106796843385057e-01,3.206089896053079813e-01
5.256483142351014992e-01,-7.873883461391917304e-01,3.220457143108482190e-01
5.360163946386047318e-01,-7.798626904963729123e-01,3.232655389155951742e-01
5.465080888803405257e-01,-7.721200979602739212e-01,3.242829984969530788e-01
5.571162147289723254e-01,-7.641485614003931115e-01,3.251130563292882747e-01
5.678304109852831960e-01,-7.559378103584207809e-01,3.257708569390463382e-01
5.786377972961450622e-01,-7.474787818788884985e-01,3.262725397288567808e-01
5.895240273341790793e-01,-7.387631470671809364e-01,3.266350160823008886e-01
6.004746426154849992e-01,-7.297831765180077257e-01,3.268741636273687634e-01
6.114758307852992125e-01,-7.205316615502689315e-01,3.270037202678841570e-01
6.225139799111540917e-01,-7.110017663949669275e-01,3.270364398632240599e-01
6.335747929584948368e-01,-7.011870512343799655e-01,3.269857808970220159e-01
6.446431484957195757e-01,-6.910816779747255278e-01,3.268659135871517241e-01
6.557036389040673541e-01,-6.806804596496079940e-01,3.266907555765281579e-01
6.667406955244610245e-01,-6.699787215502582827e-01,3.264741300646030187e-01
6.777379114421863138e-01,-6.589723982107178468e-01,3.262310558337421784e-01
6.886773973928675963e-01,-6.476585147967331979e-01,3.259783589925506764e-01
6.995399698809232625e-01,-6.360356558002920879e-01,3.257337487729658476e-01
7.103059625378250752e-01,-6.241041759150006696e-01,3.255140813984424009e-01
7.209559443126307698e-01,-6.118664041591513891e-01,3.253337206955846939e-01
7.314709895047701860e-01,-5.993269434229364645e-01,3.252036383563882693e-01
7.418326310649683286e-01,-5.864926372550575140e-01,3.251318716041753931e-01
7.520228023499306858e-01,-5.733718884187715137e-01,3.251251794568497666e-01
7.620240339992306877e-01,-5.599736672237820567e-01,3.251905035874943506e-01
7.718199481962805253e-01,-5.463067500238815155e-01,3.253350618126414906e-01
7.813957322949517392e-01,-5.323793516295904915e-01,3.255655625364771155e-01
7.907381737271700350e-01,-5.181990844791760642e-01,3.258877866007923174e-01
7.998352540339680461e-01,-5.037732166179778037e-01,3.263067768569846150e-01
8.086757908281049234e-01,-4.891090512241033639e-01,3.268268675295786241e-01
8.172495488980227041e-01,-4.742140583715998559e-01,3.274510675944043991e-01
8.255477027500631726e-01,-4.590956594610973163e-01,3.281800815833794682e-01
8.335632098691021508e-01,-4.437609814993834223e-01,3.290114989653447619e-01
8.412908506222028793e-01,-4.282167681727223063e-01,3.299395461521387740e-01
8.487270059677571865e-01,-4.124692532359682806e-01,3.309555626907775827e-01
8.558693152194389864e-01,-3.965239890860526861e-01,3.320488538530025902e-01
8.627163388044730707e-01,-3.803861153625128777e-01,3.332070257350868148e-01
8.692673985083166910e-01,-3.640613449335929341e-01,3.344152015320577265e-01
8.755226633207471298e-01,-3.475571307608809057e-01,3.356547435520756961e-01
8.814832913193492159e-01,-3.308832207483646815e-01,3.369028069814741233e-01
8.871515011833348563e-01,-3.140514518820919365e-01,3.381329613020677693e-01
8.925308584811045831e-01,-2.970752548561088058e-01,3.393154279002953411e-01
8.976270023413618349e-01,-2.799692830319314707e-01,3.404158709964139051e-01
9.024481979035250401e-01,-2.627491990977088854e-01,3.413943591716075421e-01
9.070046299990740524e-01,-2.454314191913960219e-01,3.422075680547407295e-01
9.113063106657520729e-01,-2.280325757276137622e-01,3.428147496065565014e-01
9.153609402130495898e-01,-2.105686317228670223e-01,3.431839163868863340e-01
9.191731778465886959e-01,-1.930539488942307758e-01,3.432941041494117496e-01
9.227453645384492420e-01,-1.755008062162370097e-01,3.431332966068075807e-01
9.260785425318404096e-01,-1.579195672456767674e-01,3.426951171858744760e-01
9.291728753128900564e-01,-1.403192439426516891e-01,3.419770132072318947e-01
9.320275948544701761e-01,-1.227081350361124285e-01,3.409798762768134206e-01
9.346410490933836357e-01,-1.050944405215219896e-01,3.397076212290324748e-01
9.370110340912586322e-01,-8.748685024617378070e-02,3.381661914284657122e-01
9.391351340924869451e-01,-6.989506976761895862e-02,3.363627195978567963e-01
9.410108400445598154e-01,-5.233029216903725689e-02,3.343054582864823376e-01
9.426355680312130669e-01,-3.480564033675657976e-02,3.320041464849806667e-01
9.440068266537529063e-01,-1.733651180704478059e-02,3.294701148654843870e-01
9.451225657279538339e-01,5.911192145525016634e-05,3.267159810257077024e-01
9.459815381825725789e-01,1.735997410134094629e-02,3.237554026065587731e-01
9.465835784420180143e-01,3.454018659893365317e-02,3.206033445452725616e-01
9.469298549512737972e-01,5.156766986533847796e-02,3.172768904704833526e-01
9.470231716867761884e-01,6.840301702935852601e-02,3.137963345063165543e-01
9.468684043452453292e-01,8.499851977155231664e-02,3.101861964841988728e-01
9.464732629538147313e-01,1.012968094962852644e-01,3.064756416086478752e-01
9.458494811059267038e-01,1.172300131322468325e-01,3.026976760939245059e-01
9.450140917882846603e-01,1.327213360815111542e-01,2.988869573439129623e-01
9.439901687256775364e-01,1.476891010413403371e-01,2.950770929483813587e-01
9.428067750032800287e-01,1.620504138099895797e-01,2.912988987138904196e-01
9.414984599610214389e-01,1.757219603011276332e-01,2.875803236644565719e-01
9.401047332555162450e-01,1.886188536569107510e-01,2.839472108609759071e-01
9.386695630913391986e-01,2.006543769006614297e-01,2.804233805454203754e-01
9.372407289579787193e-01,2.117416626637870225e-01,2.770293924382242201e-01
9.358689680903056196e-01,2.217958152807925354e-01,2.737807350591254241e-01
9.346068966422188540e-01,2.307349730444280822e-01,2.706867580118907934e-01
9.335075550378726383e-01,2.384805601076001313e-01,2.677511291068232491e-01
9.326224569547840737e-01,2.449579157092335036e-01,2.649735313479635868e-01
9.319992948019542034e-01,2.500979708439965976e-01,2.623515188985482416e-01
9.316796114048252475e-01,2.538397858513809502e-01,2.598816361566909094e-01
9.316966151442905852e-01,2.561333210303619601e-01,2.575599720193905706e-01
9.320731885702719932e-01,2.569417582061210847e-01,2.553830535458319617e-01
9.328202447062997615e-01,2.562429669975766489e-01,2.533494285179226368e-01
9.339357009819205802e-01,2.540302467845691470e-01,2.514612100304527420e-01
9.354042192406734069e-01,2.503128594855276168e-01,2.497246864107044717e-01
9.371976827436130364e-01,2.451166686329275812e-01,2.481497979412792265e-01
9.392764363791211712e-01,2.384846020631889996e-01,2.467485980541759827e-01
9.415914405887304550e-01,2.304764016259889248e-01,2.455324567212555931e-01
9.440872851366013396e-01,2.211676355665036509e-01,2.445078220043765682e-01
9.467055511852472405e-01,2.106487464616193794e-01,2.436713051821771947e-01
9.493878592594280352e-01,1.990252224390120783e-01,2.430054598643870412e-01
9.520783461046555818e-01,1.864196657000863067e-01,2.424758361546395513e-01
9.547258075144696710e-01,1.729757898922194559e-01,2.420289416103089675e-01
9.572857513415932162e-01,1.588630205680620078e-01,2.415916616407790540e-01
9.597222014648910671e-01,1.442785191796862598e-01,2.410746874283983543e-01
9.620088734221392546e-01,1.294426793984375101e-01,2.403820297094187985e-01
9.641295756446394138e-01,1.145862922111627602e-01,2.394246081850932573e-01
9.660779449258825036e-01,9.993197682936093285e-02,2.381323252621524444e-01
9.678564600601520240e-01,8.567584317216117573e-02,2.364604039084994003e-01
9.694744289995563813e-01,7.197513330482981087e-02,2.343905111171017686e-01
9.709449731141159834e-01,5.894441899317280631e-02,2.319297623289992005e-01
9.722817852287902740e-01,4.665933941954018144e-02,2.291092232042366283e-01
9.734967080123273497e-01,3.516467666237954592e-02,2.259814262376258209e-01
9.745986102258890060e-01,2.448318193320793423e-02,2.226165374544108178e-01
9.755933180866555032e-01,1.462260877118264253e-02,2.190978252228777123e-01
9.764841734295898190e-01,5.580093955327923051e-03,2.155168707850513010e-01
9.772729855603470295e-01,-2.655644586606414025e-03,2.119680618531838978e-01
9.779612260652722489e-01,-1.010340777324813914e-02,2.085419896909894988e-01
9.785512048869304813e-01,-1.678926224677648391e-02,2.053184358199365012e-01
9.790469097143115196e-01,-2.274656088046074498e-02,2.023604273245343532e-01
9.794543091590957040e-01,-2.801586212092707640e-02,1.997107101266723805e-01
9.797811215293292797e-01,-3.264420382915737134e-02,1.973912608275500136e-01
9.800362135871656388e-01,-3.668325951486035852e-02,1.954056256331868913e-01
9.802288551173407027e-01,-4.018654151129540109e-02,1.937432153049706562e-01
9.803680161354715317e-01,-4.320665711837282097e-02,1.923843489456849576e-01
9.804618157749419582e-01,-4.579373050190055361e-02,1.913048929170994839e-01
9.805171824499117061e-01,-4.799516440823339836e-02,1.904797078796408305e-01
9.805397634091376213e-01,-4.985594062527957254e-02,1.898845901012530257e-01
9.805340792579060327e-01,-5.141871717562187388e-02,1.894967940041830667e-01
9.805038459671685525e-01,-5.272369755972329541e-02,1.892945317731650756e-01
9.804523402569547130e-01,-5.380849318427362304e-02,1.892560555065511130e-01
9.803827148518028389e-01,-5.470786646744144749e-02,1.893588703134582996e-01
9.802982384823609729e-01,-5.545321282349360836e-02,1.895792837203801873e-01
9.802024446862022122e-01,-5.607213707202886310e-02,1.898922928277191891e-01
9.800991193398301826e-01,-5.658864537495647551e-02,1.902720197084075693e-01
9.799920670597965788e-01,-5.702386701046961021e-02,1.906930179399333458e-01
9.798847362024711849e-01,-5.739664036890886750e-02,1.911322302275981488e-01
9.797799090334839978e-01,-5.772356965435183201e-02,1.915706641443226665e-01
9.796796138418295552e-01,-5.801885330202301988e-02,1.919939240815764225e-01
9.795852537820770589e-01,-5.829427106515430029e-02,1.923915500579117810e-01
9.794978553481876737e-01,-5.855916271604658108e-02,1.927557413679202303e-01
9.794183352422405342e-01,-5.882007208672394155e-02,1.930800966206265290e-01
9.793476658780269073e-01,-5.908039221593186507e-02,1.933588803103496734e-01
9.792868209023675163e-01,-5.934081600533044204e-02,1.935871637344685758e-01
9.792365173624149044e-01,-5.960073056728831115e-02,1.937616989494427011e-01
9.791969529493537161e-01,-5.985964204971536140e-02,1.938817954022012124e-01
9.791677330269640267e-01,-6.011772484632765812e-02,1.939495031139222281e-01
9.791479822470218197e-01,-6.037560507236233026e-02,1.939691088130574836e-01
9.791364933673593063e-01,-6.063409329393482095e-02,1.939464722202842439e-01
9.791318245067753834e-01,-6.089417233188660489e-02,1.938885504975666196e-01
9.791323705951198164e-01,-6.115701170809936804e-02,1.938030463427147243e-01
9.791364413118971433e-01,-6.142385201394676142e-02,1.936980632294566795e-01
9.791423245132425679e-01,-6.169587511542849734e-02,1.935818362877713417e-01
9.791483211177924861e-01,-6.197413542301827977e-02,1.934625849893912564e-01
9.791527897158979199e-01,-6.225949133086765980e-02,1.933483129763390596e-01
9.791542394798122828e-01,-6.255254956159005120e-02,1.932463553396420730e-01
9.791514473235816141e-01,-6.285371981966479671e-02,1.931627632567068098e-01
9.791435354353960063e-01,-6.316336082094527182e-02,1.931018561922080712e-01
9.791299789261600495e-01,-6.348188183402263263e-02,1.930661416377003337e-01
9.791105690983094023e-01,-6.380974869930784721e-02,1.930564929001760688e-01
9.790853629726971041e-01,-6.414747698426047362e-02,1.930724040591400015e-01
9.790546127644332852e-01,-6.449567273703769865e-02,1.931123336891831799e-01
9.790186574204483572e-01,-6.485507457105252338e-02,1.931742418777568082e-01
9.789777924566016587e-01,-6.522654170665467821e-02,1.932562550961519909e-01
9.789321641714574529e-01,-6.561101314544159901e-02,1.933572158069502556e-01
9.788817211940568086e-01,-6.600947716335449356e-02,1.934769361882221483e-01
9.788262185786053005e-01,-6.642292050852513507e-02,1.936161910952358678e-01
9.787652413478387103e-01,-6.685224224060896947e-02,1.937766240719188959e-01
9.786982123841159176e-01,-6.729824717723273397e-02,1.939607047909649162e-01
9.786243811906502055e-01,-6.776182686667793498e-02,1.941717161661484503e-01
9.785428352067365720e-01,-6.824419916982979450e-02,1.944136027782782106e-01
9.784525744516918699e-01,-6.874697274159470572e-02,1.946905577775226159e-01
9.783526220317332323e-01,-6.927206581267567054e-02,1.950064815888868375e-01
9.782420917748959610e-01,-6.982171753868243735e-02,1.953646274017498408e-01
9.781201879560175172e-01,-7.039858481885415131e-02,1.957675590295481771e-01
9.779862114951836105e-01,-7.100566203020579337e-02,1.962171401405859994e-01
9.778396454159381523e-01,-7.164606531640096976e-02,1.967141814346650142e-01
9.776802714849454068e-01,-7.232312373913475645e-02,1.972578325992083714e-01
9.775081846591627821e-01,-7.304088380115339452e-02,1.978453391361407743e-01
9.773236417054922409e-01,-7.380440775526607433e-02,1.984726902105404811e-01
9.771268292372513597e-01,-7.461926992979914242e-02,1.991359438672468118e-01
9.769176990487058454e-01,-7.549050972635948376e-02,1.998324103508651028e-01
9.766959422998303664e-01,-7.642183423347183313e-02,2.005610618924774935e-01
9.764610552100830843e-01,-7.741547709558509183e-02,2.013222579946742641e-01
9.762124047833315998e-01,-7.847250367264661797e-02,2.021173097844202737e-01
9.759492556321511803e-01,-7.959322327320135504e-02,2.029481934879742433e-01
9.756707902547377964e-01,-8.077754803110040460e-02,2.038173122621790567e-01
9.753761583484714670e-01,-8.202521422660358219e-02,2.047271695609974573e-01
9.750645322713613616e-01,-8.333581661998784584e-02,2.056800903702424022e-01
9.747351172408340592e-01,-8.470875468098622296e-02,2.066781993774225723e-01
9.743871110073515363e-01,-8.614325016816845593e-02,2.077236104856921561e-01
9.740196558751370581e-01,-8.763838702202769726e-02,2.088186368336334420e-01
9.736318073682769247e-01,-8.919293941244497981e-02,2.099660049621138447e-01
9.732225118359688620e-01,-9.080498184069225875e-02,2.111691211531623591e-01
9.727906103377553793e-01,-9.247170913690992700e-02,2.124321337462768133e-01
9.723349100835269043e-01,-9.418988112451180672e-02,2.137594183342804155e-01
9.718543029796310462e-01,-9.595671586152626498e-02,2.151546477793257750e-01
9.713478395236708751e-01,-9.777061952451356064e-02,2.166201297444204088e-01
9.708147256570651695e-01,-9.963143989298986480e-02,2.181566974269797121e-01
9.702543475603430112e-01,-1.015404808348647353e-01,2.197635815872991671e-01
9.696664369743374090e-01,-1.035005177256403675e-01,2.214376748342921919e-01
9.690513210075754058e-01,-1.055156671700576698e-01,2.231725369196007336e-01
9.684100654801888197e-01,-1.075909689654812040e-01,2.249580593660193417e-01
9.677443970216582647e-01,-1.097319552603614329e-01,2.267811280241923411e-01
9.670564799115720644e-01,-1.119445426208114935e-01,2.286267351786670510e-01
9.663487049330167222e-01,-1.142350857820276788e-01,2.304789050014215968e-01
9.656235645044823901e-01,-1.166101306679526023e-01,2.323213487806506106e-01
9.648835916996750806e-01,-1.190757904822070112e-01,2.341380161139412219e-01
9.641313543611549353e-01,-1.216371973424331537e-01,2.359133819019238465e-01
9.633695562792068401e-01,-1.242984272909889998e-01,2.376320664544049888e-01
9.626012672060340059e-01,-1.270628056029959596e-01,2.392777545147745655e-01
9.618301761684999729e-01,-1.299332725179528081e-01,2.408320097172459151e-01
9.610606795566145610e-01,-1.329127091949384720e-01,2.422737747768834993e-01
9.602976837891035178e-01,-1.360042857990760856e-01,2.435799514606370453e-01
9.595461696880972502e-01,-1.392117129910016571e-01,2.447268828776520966e-01
9.588106932792238579e-01,-1.425391704740780197e-01,2.456921637618419973e-01
9.580949989707863157e-01,-1.459910170127038109e-01,2.464560729597984057e-01
9.574018116814200230e-01,-1.495717266678893431e-01,2.470021651134280682e-01
9.567327442321852393e-01,-1.532862350775596461e-01,2.473171774254655786e-01
9.560882074596119828e-01,-1.571402962422212557e-01,2.473909191008696051e-01
9.554672714463946503e-01,-1.611404062258114667e-01,2.472166310670905198e-01
9.548675185906400076e-01,-1.652934507070578929e-01,2.467916066115445339e-01
9.542849615634682037e-01,-1.696066004239735470e-01,2.461174785065711190e-01
9.537140717260570444e-01,-1.740875682961800230e-01,2.451998938752387169e-01
9.531479275604848311e-01,-1.787447682890103973e-01,2.440478149798941676e-01
9.525784553599172533e-01,-1.835870256472179052e-01,2.426728052298443850e-01
9.519966897365408354e-01,-1.886231081170940682e-01,2.410884190808746386e-01
9.513929798513305336e-01,-1.938615606815331516e-01,2.393096178170150135e-01
9.507571365387618156e-01,-1.993108393568407133e-01,2.373521784932375311e-01
9.500785643785678580e-01,-2.049793172634998828e-01,2.352322278144490242e-01
9.493463676730384826e-01,-2.108750302049506309e-01,2.329660829864921290e-01
9.485493576236386781e-01,-2.170055628890223132e-01,2.305703836727537592e-01
9.476759621491724905e-01,-2.233783944311568403e-01,2.280621925396633110e-01
9.467141682216123622e-01,-2.300014416603723411e-01,2.254586891707902607e-01
9.456515998693055813e-01,-2.368833176834333476e-01,2.227764472917014849e-01
9.444756658244457537e-01,-2.440331826627294975e-01,2.200307306377198568e-01
9.431736283940269638e-01,-2.514604152975834506e-01,2.172352785355381455e-01
9.417325291717852931e-01,-2.591743661740674720e-01,2.144026385518211508e-01
9.401390032317057388e-01,-2.671843927858675860e-01,2.115446876055793179e-01
9.383790350154022075e-01,-2.755002475343351076e-01,2.086729504561688764e-01
9.364377235787761933e-01,-2.841325776071841336e-01,2.057986107846625501e-01
9.342991170023403624e-01,-2.930931729848885725e-01,2.029323826260794050e-01
9.319460657218825439e-01,-3.023950000128090010e-01,2.000844685445565263e-01
9.293599597948768443e-01,-3.120523923196067417e-01,1.972647195462864378e-01
9.265203556567683796e-01,-3.220813902010815633e-01,1.944829263452047818e-01
9.234047051968328201e-01,-3.324997450825019074e-01,1.917489763738554898e-01
9.199883117524499943e-01,-3.433264702664550194e-01,1.890725814422957451e-01
9.162443292890714019e-01,-3.545814763428347116e-01,1.864626120168739187e-01
9.121435791956173933e-01,-3.662855734544989139e-01,1.839265331900677702e-01
9.076542901065635105e-01,-3.784602806919349360e-01,1.814703986597601126e-01
9.027420746031583620e-01,-3.911268638046337953e-01,1.790991991928973792e-01
8.973702270285294214e-01,-4.043049038296766540e-01,1.768169120362687030e-01
8.915001026271236473e-01,-4.180111357182461074e-01,1.746260502656171443e-01
8.850913398633157847e-01,-4.322587996225445428e-01,1.725272449436248134e-01
8.781019124031445022e-01,-4.470572690533842763e-01,1.705192939830279808e-01
8.704881264353950820e-01,-4.624118155643293093e-01,1.685993314384618691e-01
8.622046953466345753e-01,-4.783234438410328693e-01,1.667625449382172664e-01
8.532050698030874125e-01,-4.947884268127679674e-01,1.650015804604759440e-01
8.434422284750393572e-01,-5.117970617552856094e-01,1.633063832301595297e-01
8.328700227001892831e-01,-5.293316434882191501e-01,1.616648894764940447e-01
8.214449831156324100e-01,-5.473642257820177104e-01,1.600641872756386752e-01
8.091283886426446914e-01,-5.658548561555576395e-01,1.584914270796065339e-01
7.958884126579583995e-01,-5.847506468508947286e-01,1.569341123027606089e-01
7.817022715867353311e-01,-6.039855971466424611e-01,1.553800406601546225e-01
7.665584283103975549e-01,-6.234808250990617751e-01,1.538175436030831122e-01
7.504588523598777483e-01,-6.431450855264031485e-01,1.522363618782679451e-01
7.334210166248132934e-01,-6.628760020764401517e-01,1.506287430877011058e-01
7.154790088166540496e-01,-6.825626164211268110e-01,1.489901426507271864e-01
6.966832347517102342e-01,-7.020892987152060893e-01,1.473196763690556577e-01
6.770985901556818565e-01,-7.213404169927593035e-01,1.456210905806573919e-01
6.568013008161531774e-01,-7.402051001112565087e-01,1.439043467567741597e-01
6.358749259969112000e-01,-7.585815683268810616e-01,1.421867880049064170e-01
6.144065844797041986e-01,-7.763802441281800748e-01,1.404929374575517309e-01
5.924849391710801383e-01,-7.935246706904325320e-01,1.388531377430196334e-01
5.702010141273436972e-01,-8.099499983887386012e-01,1.373018703377024974e-01
5.476515159357794316e-01,-8.256000583390885605e-01,1.358762700538118096e-01
5.249431667047287364e-01,-8.404245640111023263e-01,1.346150955010613215e-01
5.021965393648075704e-01,-8.543774134619872562e-01,1.335584936124088462e-01
4.795486320754563936e-01,-8.674162456175676938e-01,1.327485077629196875e-01
4.571540514009730938e-01,-8.795029989532812120e-01,1.322295281692448532e-01
4.351849085035400244e-01,-8.906051001010906187e-01,1.320479120800162331e-01
4.138295227544870891e-01,-9.006968570827583731e-01,1.322508893657609597e-01
3.932898599794802941e-01,-9.097607269837777455e-01,1.328853102312998746e-01
3.737774654310926370e-01,-9.177883255928633854e-01,1.339962527138592319e-01
3.555077781016110494e-01,-9.247810952998597456e-01,1.356250179179612492e-01
3.386930973862629091e-01,-9.307504442877175821e-01,1.378063722805150382e-01
3.235347069225078531e-01,-9.357171855876600386e-01,1.405654367633649426e-01
3.102146156524984710e-01,-9.397103097530191684e-01,1.439146482449139841e-01
2.988873727465702346e-01,-9.427652919883388050e-01,1.478510826297704805e-01
2.896725828331068731e-01,-9.449221293128102772e-01,1.523547317602624851e-01
2.826488010889948721e-01,-9.462232625580013767e-01,1.573886674352552306e-01
2.778492887910485321e-01,-9.467116108023904131e-01,1.629014999631737404e-01
2.752599495242812333e-01,-9.464290575568792274e-01,1.688312743536802552e-01
2.748198268678662681e-01,-9.454156777443996074e-01,1.751092774110316608e-01
2.764245213411649083e-01,-9.437097311686671874e-01,1.816629497142157879e-01
2.799324430368002603e-01,-9.413481761164276262e-01,1.884182545766827088e-01
2.851731619265048812e-01,-9.383673996142830598e-01,1.953020508288833279e-01
2.919567787275418325e-01,-9.348039673650625492e-01,2.022443619821735483e-01
3.000833751985022557e-01,-9.306952492424800383e-01,2.091801160888694389e-01
3.093518543066908766e-01,-9.260797622685760233e-01,2.160502352546501137e-01
3.195675963368972972e-01,-9.209971512131673865e-01,2.228021517595551171e-01
3.305485652118788642e-01,-9.154878393699225070e-01,2.293897600202747245e-01
3.421299356517405466e-01,-9.095923233047222833e-01,2.357730105759632822e-01
3.541675336018929032e-01,-9.033499906887089148e-01,2.419176563731171847e-01
3.665400460268093963e-01,-8.967975516471735631e-01,2.477953712608440551e-01
3.791495984810134279e-01,-8.899675320540479939e-01,2.533838468831689505e-01
3.919206300723392378e-01,-8.828872266115929124e-01,2.586665127336559289e-01
4.047976775751487288e-01,-8.755780664062224883e-01,2.636321108251163947e-01
4.177427702155992462e-01,-8.680551835295660101e-01,2.682744420925119444e-01
4.307325960197736503e-01,-8.603272504853058944e-01,2.725920996625912918e-01
4.437553105875234327e-01,-8.523968358367157716e-01,2.765878858173758115e-01
4.568071564434583731e-01,-8.442612341565691736e-01,2.802680686815186006e-01
4.698893300656739602e-01,-8.359134772605336661e-01,2.836418093734336399e-01
4.830053581561137288e-01,-8.273433696659693304e-01,2.867207224151116507e-01
4.961589753920554458e-01,-8.185385745740266783e-01,2.895183466936532279e-01
5.093524794447159554e-01,-8.094857016502490232e-01,2.920495685792468543e-01
5.225856115571013705e-01,-8.001712466614004926e-01,2.943301795770025264e-01
5.358549554529854486e-01,-7.905823181636990604e-01,2.963765593352327699e-01
5.491537325360574817e-01,-7.807071928921521797e-01,2.982053939957691191e-01
5.624718079883690436e-01,-7.705357630542805092e-01,2.998334588945220092e-01
5.757957488437306370e-01,-7.600599674900327951e-01,3.012774492598772613e-01
5.891089598570968811e-01,-7.492742352996210053e-01,3.025537204072318298e-01
6.023921787684639595e-01,-7.381756847549234557e-01,3.036779896455826244e-01
6.156245687409845901e-01,-7.267636809014135224e-01,3.046652958331571570e-01
6.287851540035667153e-01,-7.150388022770033380e-01,3.055302625649043979e-01
6.418539231840426629e-01,-7.030018839186397139e-01,3.062872712015573540e-01
6.548121742479134921e-01,-6.906537202826890098e-01,3.069502486013024889e-01
6.676423650229680318e-01,-6.779952815493822671e-01,3.075322269670475173e-01
6.803280182663622444e-01,-6.650279224724019445e-01,3.080448829209879724e-01
6.928538027758043283e-01,-6.517534730745380145e-01,3.084980037445695378e-01
7.052054233000140115e-01,-6.381745374144576211e-01,3.088989652687286203e-01
7.173690893274725644e-01,-6.242950962968200068e-01,3.092526837672014972e-01
7.293308917877279196e-01,-6.101210127953122786e-01,3.095622716510199046e-01
7.410766337837217943e-01,-5.956600348620024743e-01,3.098298657779545717e-01
7.525922465544199191e-01,-5.809213480441043354e-01,3.100569267292567766e-01
7.638643724571428928e-01,-5.659150330746867130e-01,3.102440907265300862e-01
7.748806133934678098e-01,-5.506516849602144381e-01,3.103912963300357597e-01
7.856293488791926682e-01,-5.351422571814676843e-01,3.104984553236609379e-01
7.960994536407818289e-01,-5.193981241006695448e-01,3.105660132621634317e-01
8.062802884516659940e-01,-5.034312839542820495e-01,3.105946535123251251e-01
8.161620311908613923e-01,-4.872544982730945828e-01,3.105842764130898881e-01
8.257361134702870809e-01,-4.708811872479937710e-01,3.105330552564491975e-01
8.349955079854118889e-01,-4.543251533018431432e-01,3.104370414777217757e-01
8.439347938825860762e-01,-4.376003950329402925e-01,3.102901189876523524e-01
8.525500444776481501e-01,-4.207211351584780878e-01,3.100840984186740701e-01
8.608385621104597263e-01,-4.037018980530136525e-01,3.098092114382501316e-01
8.687984913036999046e-01,-3.865574188478943518e-01,3.094552365723815535e-01
8.764284349139799257e-01,-3.693024051503199234e-01,3.090128347244180951e-01
8.837272259282578091e-01,-3.519513820156792150e-01,3.084743341842223763e-01
8.906938902757691734e-01,-3.345187655651415404e-01,3.078337039867301561e-01
8.973277073270399251e-01,-3.170190433806562291e-01,3.070861634740511548e-01
9.036282498750315417e-01,-2.994668319245676891e-01,3.062280238724898740e-01
9.095953273113842608e-01,-2.818767786623671001e-01,3.052569772899920153e-01
9.152288301256656933e-01,-2.642635148004868206e-01,3.041726208127518705e-01
9.205285868518592318e-01,-2.466418021024116281e-01,3.029768014950878774e-01
9.254943970921720720e-01,-2.290267397135592742e-01,3.016734549926038400e-01
9.301262778749024296e-01,-2.114337944482159448e-01,3.002679766005851292e-01
9.344247646972665411e-01,-1.938785701980159371e-01,2.987665629524681732e-01
9.383910787774091267e-01,-1.763763548617919841e-01,2.971759827385745401e-01
9.420271240163803350e-01,-1.589415086142801081e-01,2.955037977029127405e-01
9.453354052231774940e-01,-1.415868869831816146e-01,2.937586170071315728e-01
9.483189538908601834e-01,-1.243236255552421510e-01,2.919499919851762937e-01
9.509812909666774949e-01,-1.071614204137935622e-01,2.900879421938277192e-01
9.533264295456627124e-01,-9.010906257954896803e-02,2.881823651279753484e-01
9.553589080440294534e-01,-7.317491150205875095e-02,2.862425355316460251e-01
9.570838121443697721e-01,-5.636720636798706746e-02,2.842768273663357492e-01
9.585067111116229999e-01,-3.969420145731072241e-02,2.822928534778131882e-01
9.596334656350110626e-01,-2.316411869707719895e-02,2.802981185065748782e-01
9.604699887317924567e-01,-6.785149013870632809e-03,2.783008488999093033e-01
9.610221492789062792e-01,9.434084216028522027e-03,2.763103810036034447e-01
9.612959363564499427e-01,2.548353601375479699e-02,2.743368588739252822e-01
9.612978028459393531e-01,4.135065088477687945e-02,2.723906347783912052e-01
9.610350376491207935e-01,5.701951330327491296e-02,2.704818506173947146e-01
9.605161447772988526e-01,7.247017353401168094e-02,2.686201957599338996e-01
9.597512879929608332e-01,8.767810342316804950e-02,2.668145711462721614e-01
9.587527673838879272e-01,1.026139596219165229e-01,2.650726434856079394e-01
9.575354385183235673e-01,1.172435372417695021e-01,2.634005257332635019e-01
9.561170913767055302e-01,1.315273233773323613e-01,2.618027325727202981e-01
9.545188834041307135e-01,1.454193753408493106e-01,2.602823591801959879e-01
9.527658468108343159e-01,1.588660968503295967e-01,2.588412726409280995e-01
9.508874153821600395e-01,1.718055791880608030e-01,2.574800307357646978e-01
9.489179090562717134e-01,1.841673816421959542e-01,2.561975359197093960e-01
9.468968587479285048e-01,1.958723276376934663e-01,2.549909217189847976e-01
9.448690028593867973e-01,2.068326613999051655e-01,2.538558993085251458e-01
9.428838955082370354e-01,2.169534206897263118e-01,2.527868130307409644e-01
9.409951460837732151e-01,2.261350952459634245e-01,2.517758005545355782e-01
9.392590997612327852e-01,2.342766714806699124e-01,2.508122499314120457e-01
9.377326085603451267e-01,2.412785366421116018e-01,2.498844184787275269e-01
9.364699483074307995e-01,2.470457994208483943e-01,2.489827482087702826e-01
9.355195482086390291e-01,2.514925357245679227e-01,2.481021551585777529e-01
9.349211544875630775e-01,2.545462079212861828e-01,2.472421139784552746e-01
9.347034426814861963e-01,2.561508993200384832e-01,2.464065563594307062e-01
9.348819213426473596e-01,2.562689878041958247e-01,2.456053725725337311e-01
9.354574688577974584e-01,2.548820827207065598e-01,2.448559737194863917e-01
9.364160992997920818e-01,2.519919137428419109e-01,2.441822360049600016e-01
9.377300531531490568e-01,2.476208477806920438e-01,2.436108847275995359e-01
9.393597320677565810e-01,2.418114012903789800e-01,2.431677198469732182e-01
9.412560323669478812e-01,2.346248508702342972e-01,2.428749902459114429e-01
9.433630001350299388e-01,2.261396286015036061e-01,2.427490851727548693e-01
9.456208202433672438e-01,2.164498697440256914e-01,2.427976898779219683e-01
9.479689313593320232e-01,2.056640357209189862e-01,2.430168915701760857e-01
9.503489335565618035e-01,1.939038677913527686e-01,2.433889778594318098e-01
9.527071122465464725e-01,1.813045287613972156e-01,2.438807621061040432e-01
9.549966226434347671e-01,1.680164690921158721e-01,2.444420521380290812e-01
9.571793730307485149e-01,1.542081397002540988e-01,2.450050968748409552e-01
9.592274162656320158e-01,1.400672099434072115e-01,2.454871495272806237e-01
9.611234963681332122e-01,1.257975696694529633e-01,2.457978767083923988e-01
9.628605296550136750e-01,1.116105742388903976e-01,2.458509307497768470e-01
9.644401319002742223e-01,9.771140724716734227e-02,2.455762872794522711e-01
9.658705422543473196e-01,8.428392186639015182e-02,2.449292063436155353e-01
9.671642889118718944e-01,7.147835045473979743e-02,2.438935908749197412e-01
9.683358132617436720e-01,5.940512239533954353e-02,2.424804820762117841e-01
9.693992335964924933e-01,4.813545618424527189e-02,2.407241237609302476e-01
9.703665336878289915e-01,3.770695151648886800e-02,2.386775567706367895e-01
9.712465301912155402e-01,2.813127074156986096e-02,2.364081411415200062e-01
9.720448178239902148e-01,1.940136418004686711e-02,2.339924340859743102e-01
9.727645578450127006e-01,1.149694666574674687e-02,2.315101190401017417e-01
9.734077197141794979e-01,4.388161095270716461e-03,2.290374537996859583e-01
9.739763799432986646e-01,-1.962077571073065144e-03,2.266410412174995059e-01
9.744738207489164195e-01,-7.596677086631741307e-03,2.243725989782399954e-01
9.749052478207791417e-01,-1.256374176817078372e-02,2.222654047851080616e-01
9.752779438182844762e-01,-1.691639125866951920e-02,2.203333111637068575e-01
9.756007517365359316e-01,-2.071229618200385106e-02,2.185730404189292209e-01
9.758830075014440775e-01,-2.401224816997025654e-02,2.169695084747170211e-01
9.761332693466180377e-01,-2.687777555194410806e-02,2.155027277230199545e-01
9.763582437144657789e-01,-2.936851302153369730e-02,2.141543143943351601e-01
9.765621713853315233e-01,-3.154006033513069573e-02,2.129120710838694197e-01
9.767467429697120895e-01,-3.344260367298690362e-02,2.117720292145082450e-01
9.769114722629606007e-01,-3.512024637869185645e-02,2.107380925587840903e-01
9.770543871374008926e-01,-3.661091750383914378e-02,2.098198400892658522e-01
9.771728686578243783e-01,-3.794660628812231845e-02,2.090292798395775586e-01
9.772644629699693830e-01,-3.915358387961198616e-02,2.083774610782062331e-01
9.773275153591446385e-01,-4.025254911288073806e-02,2.078717393294149951e-01
9.773615388125099779e-01,-4.125904873260889671e-02,2.075141280677603728e-01
9.773673124943919044e-01,-4.218445096585830140e-02,2.073007683637442811e-01
9.773467668489314031e-01,-4.303720774430943447e-02,2.072223348954298494e-01
9.773027268756007135e-01,-4.382385357490940075e-02,2.072651680803116181e-01
9.772385759213859657e-01,-4.454952099613185973e-02,2.074128875218624601e-01
9.771579044545266601e-01,-4.521821335691986882e-02,2.076481228974782212e-01
9.770642183502238343e-01,-4.583311887211696800e-02,2.079539334422900732e-01
9.769607665836738120e-01,-4.639698962665395748e-02,2.083146176095777014e-01
9.768504997610367724e-01,-4.691246546558876240e-02,2.087158875135108338e-01
9.767361170303793250e-01,-4.738229788293465972e-02,2.091446282737135787e-01
9.766201287827191990e-01,-4.780952450122952224e-02,2.095885813287340083e-01
9.765048647246536984e-01,-4.819763163421446339e-02,2.100362765665451936e-01
9.763923931263197575e-01,-4.855067506949656969e-02,2.104773778707688670e-01
9.762843794068576386e-01,-4.887330325284284377e-02,2.109033208731488918e-01
9.761819631361315919e-01,-4.917066584037405735e-02,2.113078807534226333e-01
9.760857262122430988e-01,-4.944824201620853787e-02,2.116873318038291485e-01
9.759957641240381010e-01,-4.971162980486839439e-02,2.120401430721994829e-01
9.759118120871602686e-01,-4.996630565744467067e-02,2.123664364434782736e-01
9.758333628974175111e-01,-5.021734779714318031e-02,2.126675006589816286e-01
9.757597407195713890e-01,-5.046914829190569246e-02,2.129455175897451424e-01
9.756901373617682394e-01,-5.072518636358586130e-02,2.132034505427933546e-01
9.756236455351162684e-01,-5.098793873942424754e-02,2.134449164910573182e-01
9.755593135095810275e-01,-5.125893713799312829e-02,2.136739272541181567e-01
9.754962097532773324e-01,-5.153889967747813522e-02,2.138945688347992924e-01
9.754334785844358535e-01,-5.182784975918020010e-02,2.141107256678345672e-01
9.753704021055881190e-01,-5.212520285967459782e-02,2.143257845505786019e-01
9.753064871442905792e-01,-5.242985006631946387e-02,2.145422265109758475e-01
9.752415305989169392e-01,-5.274023955737418973e-02,2.147613189718124704e-01
9.751755814755630469e-01,-5.305444079655720346e-02,2.149832821536641625e-01
9.751088030829492270e-01,-5.337024476847502391e-02,2.152078974468440153e-01
9.750413444229096838e-01,-5.368540058499212536e-02,2.154350352890486153e-01
9.749733010973294922e-01,-5.399798346746518402e-02,2.156647396512080816e-01
9.749047303854894153e-01,-5.430672811904336400e-02,2.158970725901591392e-01
9.748356510658474638e-01,-5.461116588592808407e-02,2.161320752956508440e-01
9.747660141623006869e-01,-5.491158529772909025e-02,2.163699041785426547e-01
9.746956553365847542e-01,-5.520896343437784598e-02,2.166110565610336602e-01
9.746242373015541194e-01,-5.550494625376434926e-02,2.168566277652828334e-01
9.745512439116906789e-01,-5.580181382694924391e-02,2.171083383101601039e-01
9.744761148007871077e-01,-5.610233492793603727e-02,2.173679592267383498e-01
9.743984757670066665e-01,-5.640949457893593144e-02,2.176363465606863112e-01
9.743182535360669361e-01,-5.672614692862314872e-02,2.179130218253618467e-01
9.742355291652898819e-01,-5.705466206130269807e-02,2.181969276802445401e-01
9.741502457124712189e-01,-5.739665111898716032e-02,2.184878102289858903e-01
9.740620188848130301e-01,-5.775287391754507088e-02,2.187870858170253285e-01
9.739701696024360977e-01,-5.812338072275134021e-02,2.190976525158583876e-01
9.738739130665866606e-01,-5.850779737858589902e-02,2.194229684747720233e-01
9.737725882202051819e-01,-5.890555724780784791e-02,2.197659704236489819e-01
9.736658398502576750e-01,-5.931595538448337923e-02,2.201282574898514033e-01
9.735536824164272574e-01,-5.973810494467027277e-02,2.205098325949064186e-01
9.734364190088389268e-01,-6.017098735301034534e-02,2.209094620612979676e-01
9.733144844873148349e-01,-6.061366242051748759e-02,2.213253221282281136e-01
9.731883277092158169e-01,-6.106549449007490915e-02,2.217554603459014617e-01
9.730583715576229809e-01,-6.152623822352988603e-02,2.221979467764908511e-01
9.729249855163846217e-01,-6.199603291516789932e-02,2.226509924988527289e-01
9.727884109913544908e-01,-6.247547422496684683e-02,2.231132505282491796e-01
9.726486797815467877e-01,-6.296577588098668798e-02,2.235841156856168965e-01
9.725056167029109133e-01,-6.346882912678006305e-02,2.240636811501737491e-01
9.723589447197579227e-01,-6.398702505973140331e-02,2.245523173950427498e-01
9.722084094343100835e-01,-6.452293984344106836e-02,2.250502140838103460e-01
9.720538364631240436e-01,-6.507906945825868428e-02,2.255572072352587942e-01
9.718951171211340778e-01,-6.565769151089213829e-02,2.260728839590399608e-01
9.717321669787596372e-01,-6.626086860142882395e-02,2.265967628871785600e-01
9.715648735583758411e-01,-6.689065536702688830e-02,2.271284585693017499e-01
9.713930189656355685e-01,-6.754951929423173851e-02,2.276678834353817460e-01
9.712161870189757185e-01,-6.824077744406897850e-02,2.282154998376555721e-01
9.710336964725596598e-01,-6.896875475232820685e-02,2.287725315302304718e-01
9.708445873923783331e-01,-6.973856994312435664e-02,2.293410538765589812e-01
9.706476505346784966e-01,-7.055574720617245610e-02,2.299239549235515268e-01
9.704414775243265234e-01,-7.142591319790909943e-02,2.305247874399775909e-01
9.702245208070335858e-01,-7.235465234512468424e-02,2.311475362377416742e-01
9.699951586260460168e-01,-7.334742234072785805e-02,2.317963500100957974e-01
9.697517554650341154e-01,-7.440944295725035462e-02,2.324753052934362962e-01
9.694927031713729271e-01,-7.554556227969552729e-02,2.331882641071557072e-01
9.692164317905054283e-01,-7.676013005441847947e-02,2.339388612037537063e-01
9.689213982241061673e-01,-7.805690309513896308e-02,2.347305773490946379e-01
9.686060821678912358e-01,-7.943906141129730702e-02,2.355667487347495037e-01
9.682690092438460683e-01,-8.090945069599367323e-02,2.364503891432902238e-01
9.679087837647748493e-01,-8.247105170788499029e-02,2.373838914947463963e-01
9.675241095312890893e-01,-8.412747570388166840e-02,2.383687590842794579e-01
9.671138310975126995e-01,-8.588321289222403121e-02,2.394053287694337395e-01
9.666770575883868455e-01,-8.774349047231362608e-02,2.404922996937610968e-01
9.662133608532287310e-01,-8.971380629610216373e-02,2.416261042780225299e-01
9.657229426427539343e-01,-9.179938444501425931e-02,2.428004758416604236e-01
9.652066782589251437e-01,-9.400489894133251534e-02,2.440064491348569453e-01
9.646660607967890710e-01,-9.633471490720940666e-02,2.452325709414484578e-01
9.641031424821829843e-01,-9.879353036198852689e-02,2.464649447986355102e-01
9.635205184573799597e-01,-1.013869095633160716e-01,2.476871112529311081e-01
9.629213092210525682e-01,-1.041212187148166241e-01,2.488801399496454181e-01
9.623090804392858688e-01,-1.070029972631869747e-01,2.500231834866322722e-01
9.616876888103333965e-01,-1.100383313550609282e-01,2.510943145975895741e-01
9.610610869356194241e-01,-1.132327748877846457e-01,2.520712714081833061e-01
9.604331258468912225e-01,-1.165918175711635613e-01,2.529319253305558624e-01
9.598073785025010851e-01,-1.201214336588462550e-01,2.536545630338625790e-01
9.591869844848049942e-01,-1.238283317438473030e-01,2.542181603514631072e-01
9.585744879100508431e-01,-1.277199673073425301e-01,2.546027515149727471e-01
9.579716324290937779e-01,-1.318045946102238131e-01,2.547899140483624314e-01
9.573791197002931019e-01,-1.360913975608933901e-01,2.547633267796103884e-01
9.567964011186441686e-01,-1.405904304443132413e-01,2.545092879914074846e-01
9.562215731914168737e-01,-1.453121685715668965e-01,2.540170794028627221e-01
9.556513641718750174e-01,-1.502668430574830571e-01,2.532791859469941120e-01
9.550811343133799314e-01,-1.554639425714835488e-01,2.522914771426058578e-01
9.545048539723161030e-01,-1.609120690185100733e-01,2.510533604385124518e-01
9.539151072801123066e-01,-1.666189990876999205e-01,2.495677808648076312e-01
9.533031655641490687e-01,-1.725917165141443166e-01,2.478410254902799481e-01
9.526590927326022973e-01,-1.788363839584310999e-01,2.458824939001709176e-01
9.519718122542932814e-01,-1.853584321121881096e-01,2.437045759073634688e-01
9.512291257657264909e-01,-1.921629150741696601e-01,2.413225318223913562e-01
9.504177343934950839e-01,-1.992550693426473896e-01,2.387541570142660274e-01
9.495233004209936434e-01,-2.066408683368610999e-01,2.360191803447576897e-01
9.485305258618673685e-01,-2.143274350029137909e-01,2.331385684808099379e-01
9.474231755958263390e-01,-2.223233408973454006e-01,2.301340010432242622e-01
9.461839748003220141e-01,-2.306388472745830032e-01,2.270277691361018702e-01
9.447943835359667863e-01,-2.392860057915946748e-01,2.238432046571822986e-01
9.432343588756564312e-01,-2.482784642197942981e-01,2.206054134446601145e-01
9.414822487463901934e-01,-2.576309753140961778e-01,2.173417950007494881e-01
9.395148615177596474e-01,-2.673588275511439294e-01,2.140819523400850910e-01
9.373076156399638981e-01,-2.774774463910715250e-01,2.108570615550161842e-01
9.348346356062938733e-01,-2.880022575592607326e-01,2.076990700788449440e-01
9.320687287409874511e-01,-2.989487798604654745e-01,2.046399568097556909e-01
9.289812403604783553e-01,-3.103328979381648756e-01,2.017110495625061006e-01
9.255417928215687873e-01,-3.221712162855203121e-01,1.989424467974210964e-01
9.217179262106114379e-01,-3.344812890498529145e-01,1.963627555764035915e-01
9.174747150387300154e-01,-3.472815385322566284e-01,1.939991759242035430e-01
9.127744827423682761e-01,-3.605908537979037320e-01,1.918775125221838518e-01
9.075767097030197350e-01,-3.744279481208742100e-01,1.900216505312816717e-01
9.018381437227209751e-01,-3.888104438555795572e-01,1.884526499563858037e-01
8.955130421246848549e-01,-4.037536205099803710e-01,1.871881548327109790e-01
8.885534602088543954e-01,-4.192689696890958828e-01,1.862425284587696239e-01
8.809095778689732814e-01,-4.353628204101085419e-01,1.856273962088113849e-01
8.725301981720519073e-01,-4.520350488824296797e-01,1.853520106707756132e-01
8.633636383658526148e-01,-4.692776395959139535e-01,1.854230970590362848e-01
8.533591271034018932e-01,-4.870731051192006555e-01,1.858439949496892563e-01
8.424685768715757250e-01,-5.053931954766496260e-01,1.866130085226714030e-01
8.306484970496891274e-01,-5.241982202833325166e-01,1.877213365626811126e-01
8.178620023931503225e-01,-5.434367427223498748e-01,1.891513988866833085e-01
8.040810920376116888e-01,-5.630452218671890829e-01,1.908760738283599712e-01
7.892892808784595093e-01,-5.829476466704296422e-01,1.928586848751493998e-01
7.734843678837206582e-01,-6.030556009654475247e-01,1.950535177425000433e-01
7.566810405752509849e-01,-6.232690093088321115e-01,1.974070537471804276e-01
7.389131886571758123e-01,-6.434774891819206033e-01,1.998600023631942613e-01
7.202358033438469587e-01,-6.635623316206463729e-01,2.023497458259207460e-01
7.007259687433462503e-01,-6.833994143507229335e-01,2.048129810187525601e-01
6.804821473475808347e-01,-7.028632662065377179e-01,2.071889865767553296e-01
6.596212648718031701e-01,-7.218320068134094214e-01,2.094238307085619366e-01
6.382739481729812203e-01,-7.401923572287029129e-01,2.114749190421662539e-01
6.165790963626763821e-01,-7.578436354940600861e-01,2.133148894703122134e-01
5.946793168399415741e-01,-7.746997450656305517e-01,2.149344437683909648e-01
5.727185419291859203e-01,-7.906887364852921429e-01,2.163441557468086807e-01
5.508424104328649706e-01,-8.057504551818093219e-01,2.175749131743325293e-01
5.292009274726426904e-01,-8.198335667814249383e-01,2.186762473167617182e-01
5.079520028416730781e-01,-8.328933173243101562e-01,2.197122772301061122e-01
4.872642467871783345e-01,-8.448907341584284136e-01,2.207559764449333328e-01
4.673178066033790157e-01,-8.557932023221315188e-01,2.218829927926833367e-01
4.483025186622406344e-01,-8.655759812382607388e-01,2.231660199593867577e-01
4.304130787291735594e-01,-8.742241677002563494e-01,2.246701721806176333e-01
4.138416014863603998e-01,-8.817345462544816659e-01,2.264493736370400412e-01
3.987687005974758780e-01,-8.881167609404808649e-01,2.285435239957357700e-01
3.853544000523789204e-01,-8.933935150408935932e-01,2.309762187826871760e-01
3.737296930729589461e-01,-8.975998733399886964e-01,2.337532542995456042e-01
3.639891769007649325e-01,-9.007818437227940178e-01,2.368627220954520884e-01
3.561853769457958285e-01,-9.029943460831495461e-01,2.402773151836158638e-01
3.503256125802035048e-01,-9.042988002231147071e-01,2.439582855435339370e-01
3.463719720618866904e-01,-9.047608041802480683e-01,2.478595251126539389e-01
3.442443963139001917e-01,-9.044482954158241661e-01,2.519306978632986360e-01
3.438265243958743556e-01,-9.034301724529207878e-01,2.561195904719884564e-01
3.449737623829041144e-01,-9.017750904492146669e-01,2.603743257556213608e-01
3.475227033032397550e-01,-8.995502518077396203e-01,2.646456407376484021e-01
3.513007688871788159e-01,-8.968201762659603338e-01,2.688890872117518649e-01
3.561352084619466285e-01,-8.936454354162063352e-01,2.730669314537090275e-01
3.618611205665170916e-01,-8.900813920279929681e-01,2.771491385298806009e-01
3.683281568648982818e-01,-8.861772271460930384e-01,2.811125947875132702e-01
3.754050011434819645e-01,-8.819756513417107424e-01,2.849386522689181245e-01
3.829807455619289591e-01,-8.775133782150723594e-01,2.886104980460693081e-01
3.909636524400096347e-01,-8.728218942705177064e-01,2.921119021073818600e-01
3.992792906097206718e-01,-8.679278137770535251e-01,2.954274160642212932e-01
4.078696747641616938e-01,-8.628524940675365018e-01,2.985429648965271521e-01
4.166928449535936552e-01,-8.576114011077502486e-01,3.014461106972222137e-01
4.257209383032231620e-01,-8.522141718210277661e-01,3.041261054852461565e-01
4.349362773030850393e-01,-8.466656968946064676e-01,3.065740243199090997e-01
4.443276260524127719e-01,-8.409673258140986096e-01,3.087829620294990640e-01
4.538888485970967168e-01,-8.351170527847473490e-01,3.107481637392557894e-01
4.636192496217354519e-01,-8.291088597054255827e-01,3.124671024894425386e-01
4.735228134823199486e-01,-8.229325941036471637e-01,3.139396290270312084e-01
4.836052676160093045e-01,-8.165751048144862523e-01,3.151682777997478202e-01
4.938708657845203853e-01,-8.100217898820967211e-01,3.161586118476812923e-01
5.043209049434560498e-01,-8.032574928466144071e-01,3.169192720911506167e-01
5.149536937964773742e-01,-7.962668383546140927e-01,3.174615179547131127e-01
5.257646121201228206e-01,-7.890346414223561311e-01,3.177985325291333707e-01
5.367458499866559762e-01,-7.815464593603934640e-01,3.179450021361162615e-01
5.478860829015588241e-01,-7.737891018212579297e-01,3.179170741961450108e-01
5.591700867394052699e-01,-7.657512532781238779e-01,3.177323279095604081e-01
5.705786352484989443e-01,-7.574240587824027093e-01,3.174095401457739385e-01
5.820896796814513108e-01,-7.488007753409209322e-01,3.169684584579059439e-01
5.936809428384778320e-01,-7.398750755930609824e-01,3.164297878306944201e-01
6.053323295524177805e-01,-7.306390927656253309e-01,3.158152734135367679e-01
6.170265945626337567e-01,-7.210826071313617414e-01,3.151476722031713584e-01
6.287484964557794598e-01,-7.111935155832530553e-01,3.144504914878173407e-01
6.404835576579246403e-01,-7.009589371865247998e-01,3.137473199059805373e-01
6.522168645796924125e-01,-6.903666925533052945e-01,3.130606832082962754e-01
6.639319542904571492e-01,-6.794069379891587435e-01,3.124109035937283063e-01
6.756102818737350635e-01,-6.680731160109003586e-01,3.118157447756262357e-01
6.872316018856273745e-01,-6.563616955223888771e-01,3.112909411156861705e-01
6.987746695026513244e-01,-6.442715127753887439e-01,3.108507344169748610e-01
7.102175073644999559e-01,-6.318038326484156642e-01,3.105076638083654195e-01
7.215373506885633947e-01,-6.189629587076694861e-01,3.102719892435936710e-01
7.327108407390582334e-01,-6.057563608072707995e-01,3.101516648431766887e-01
7.437145741780522012e-01,-5.921940510154429793e-01,3.101529269522983467e-01
7.545257204315427568e-01,-5.782879228202116861e-01,3.102805432629420213e-01
7.651225527288340045e-01,-5.640516071020003075e-01,3.105370570984455902e-01
7.754848153507697406e-01,-5.495007076094025056e-01,3.109216517020783055e-01
7.855937349486268317e-01,-5.346530448403659097e-01,3.114299363458697956e-01
7.954317552507864653e-01,-5.195285658337261969e-01,3.120551105516532475e-01
8.049826389667852355e-01,-5.041485131279194176e-01,3.127894302449790165e-01
8.142324704297581039e-01,-4.885337261101289630e-01,3.136244291358799563e-01
8.231710731834021022e-01,-4.727027461302532041e-01,3.145496750514986672e-01
8.317926802578811118e-01,-4.566708063381968441e-01,3.155514406682868866e-01
8.400954546623573549e-01,-4.404500765291868847e-01,3.166123136283244266e-01
8.480807625898387769e-01,-4.240504754759900075e-01,3.177108974738264147e-01
8.557530649734123029e-01,-4.074802868003691292e-01,3.188204944129211516e-01
8.631198870486469499e-01,-3.907466519665471760e-01,3.199079782657273108e-01
8.701907319325118406e-01,-3.738563884967628370e-01,3.209353374730130604e-01
8.769751147883687592e-01,-3.568169395412147948e-01,3.218638216674379882e-01
8.834811678194748330e-01,-3.396367316153700022e-01,3.226575842064867139e-01
8.897154926436886546e-01,-3.223247561015448182e-01,3.232848492488910597e-01
8.956833415046676627e-01,-3.048900092573282317e-01,3.237181397544771633e-01
9.013882654949358919e-01,-2.873413223895903146e-01,3.239354245454373338e-01
9.068317413052371379e-01,-2.696874213411947219e-01,3.239211134391341007e-01
9.120135785057383870e-01,-2.519369080877763012e-01,3.236649918732770748e-01
9.169327358387209248e-01,-2.340982413504774096e-01,3.231599779427087316e-01
9.215875635655446096e-01,-2.161798533144161649e-01,3.224013549944862445e-01
9.259753348572445919e-01,-1.981903078444040289e-01,3.213880537800904991e-01
9.300918013024790376e-01,-1.801385663424138750e-01,3.201239417257157327e-01
9.339312629993923309e-01,-1.620347198296860081e-01,3.186175537569690408e-01
9.374869723920703501e-01,-1.438911175874788284e-01,3.168809285434764922e-01
9.407515512501969379e-01,-1.257230347503670853e-01,3.149289401650889331e-01
9.437173361891098011e-01,-1.075481750637412026e-01,3.127794421259001978e-01
9.463766598235873184e-01,-8.938545630378218199e-02,3.104536325162179367e-01
9.487220639059064098e-01,-7.125420860884362773e-02,3.079761081864053063e-01
9.507465587220109704e-01,-5.317436543769774732e-02,3.053743079215274214e-01
9.524441342037530678e-01,-3.516736946769173644e-02,3.026771007948668157e-01
9.538105228647472122e-01,-1.725730572800051113e-02,2.999127737717878772e-01
9.548438767807005956e-01,5.280475080145686931e-04,2.971075430550885743e-01
9.555450333003485675e-01,1.815650176783106459e-02,2.942856278831681993e-01
9.559174950028349604e-01,3.559122372343192370e-02,2.914704230987664180e-01
9.559675647083544225e-01,5.279081833971295545e-02,2.886852000442723387e-01
9.557048086389088315e-01,6.970942140830299616e-02,2.859526452253698392e-01
9.551425957489448892e-01,8.629670628997129778e-02,2.832940173555912877e-01
9.542985220912894029e-01,1.024978893896835164e-01,2.807285404176801946e-01
9.531948397326067690e-01,1.182537616921607582e-01,2.782726097782237673e-01
9.518589020163595871e-01,1.335007603257256925e-01,2.759387208143567749e-01
9.503232945366185680e-01,1.481711643735328654e-01,2.737351674689584291e-01
9.486254841775725311e-01,1.621933537338008935e-01,2.716670881307637897e-01
9.468073398515595152e-01,1.754918661209877995e-01,2.697377728991375290e-01
9.449148653748040694e-01,1.879872174978355348e-01,2.679490683901276094e-01
9.429979054660028170e-01,1.995959008745263330e-01,2.663013830997090770e-01
9.411093891919724008e-01,2.102309121267971759e-01,2.647944130095037374e-01
9.393041373962207619e-01,2.198026401616517411e-01,2.634284283222092515e-01
9.376375382742865305e-01,2.282198669140783620e-01,2.622051470979470666e-01
9.361640458095734640e-01,2.353911345440622971e-01,2.611281162791741495e-01
9.349351599331844342e-01,2.412270001908058681e-01,2.602033456734473837e-01
9.339968623852569207e-01,2.456432131683206066e-01,2.594403069664357742e-01
9.333869456909342777e-01,2.485642267242519354e-01,2.588525348663279213e-01
9.331326658865453094e-01,2.499264218613529986e-01,2.584573688464885666e-01
9.332488231076108143e-01,2.496808835599390874e-01,2.582752224914104389e-01
9.337362261826849252e-01,2.477960011742136592e-01,2.583288634980361875e-01
9.345806352928532901e-01,2.442602518438720394e-01,2.586425438801106536e-01
9.357524771342249359e-01,2.390852187892441305e-01,2.592403512064840321e-01
9.372076949982932614e-01,2.323083971214263965e-01,2.601433163909073198e-01
9.388899396871026592e-01,2.239951839788201227e-01,2.613653357058720039e-01
9.407339850351971178e-01,2.142400025345120307e-01,2.629083313891166784e-01
9.426700090817048405e-01,2.031672801072727241e-01,2.647570778500766275e-01
9.446283662433712092e-01,1.909330111827532150e-01,2.668741930743135371e-01
9.465444968665627234e-01,1.777265475108652237e-01,2.691965634280900077e-01
9.483634746199733900e-01,1.637707061284892074e-01,2.716355569893370570e-01
9.500435518319485517e-01,1.493173132956389371e-01,2.740831800251660733e-01
9.515582045109129972e-01,1.346359489202800797e-01,2.764238497060323985e-01
9.528965266999636086e-01,1.199964040914159175e-01,2.785481509690475033e-01
9.540620979680822789e-01,1.056489238928990659e-01,2.803637246524838256e-01
9.550705652292684755e-01,9.180780200771383737e-02,2.818005374784762762e-01
9.559462386334153239e-01,7.864187567969710413e-02,2.828113226732695829e-01
9.567180677791429222e-01,6.627208461284879448e-02,2.833699870946295163e-01
9.574154678784397854e-01,5.477455004488319262e-02,2.834702286563599571e-01
9.580645901556419375e-01,4.418759493225626195e-02,2.831248797686360397e-01
9.586856335164505305e-01,3.452080059828588343e-02,2.823653137607649022e-01
9.592915570176313578e-01,2.576358214777449765e-02,2.812400157687438007e-01
9.598882046090410070e-01,1.789147137781874758e-02,2.798115971584601569e-01
9.604756023740469439e-01,1.086996452153495170e-02,2.781518669998682691e-01
9.610500204397530721e-01,4.656454391369512294e-03,2.763352595041960180e-01
9.616062166088131802e-01,-7.995349056918766044e-04,2.744318584334168309e-01
9.621392296648673126e-01,-5.557102249456701351e-03,2.725017822959783786e-01
9.626453467536002506e-01,-9.683922828221539283e-03,2.705922356836902298e-01
9.631222964627216276e-01,-1.325393914873808365e-02,2.687373720817683442e-01
9.635689914585622295e-01,-1.634313097972799403e-02,2.669601108205281181e-01
9.639851339473906044e-01,-1.902479974757041725e-02,2.652747981301581404e-01
9.643708433299670313e-01,-2.136543098010795436e-02,2.636899597900579373e-01
9.647263522362188315e-01,-2.342187870243713985e-02,2.622107566425284086e-01
9.650517923888910499e-01,-2.524083239906320733e-02,2.608408296007188043e-01
9.653470821414475989e-01,-2.686080577127290120e-02,2.595833355866883352e-01
9.656118966989104546e-01,-2.831511307595716703e-02,2.584413266585438573e-01
9.658457086308079864e-01,-2.963380148516006271e-02,2.574177634293917660e-01
9.660479292958975561e-01,-3.084427206963664264e-02,2.565151636523715362e-01
9.662181458199230466e-01,-3.197193184454497072e-02,2.557348045582333307e-01
9.663563388350639993e-01,-3.304154208064578879e-02,2.550758375272416667e-01
9.664629675288577415e-01,-3.407847654577029345e-02,2.545348499353939364e-01
9.665389291757507939e-01,-3.510933581309470808e-02,2.541059482313555717e-01
9.665854163455120940e-01,-3.616242326123254164e-02,2.537812287227892427e-01
9.666036380133901096e-01,-3.726773449013083550e-02,2.535518151093624772e-01
9.665945750927006364e-01,-3.845362815587233946e-02,2.534092458514715651e-01
