9.794132840093770775e-02,9.629111458778077948e-01,2.514152368798419634e-01
1.045535759966811640e-01,9.613147151321446149e-01,2.548383177952442402e-01
1.113680248541377704e-01,9.596151095656018093e-01,2.583331270539767077e-01
1.183866265904773840e-01,9.578082214165010155e-01,2.618931416274313806e-01
1.256154262323332937e-01,9.558888118689055080e-01,2.655133594309732614e-01
1.330654682628523988e-01,9.538498821345475776e-01,2.691913511015861515e-01
1.407530125769825835e-01,9.516822336331505205e-01,2.729276747373217127e-01
1.486974289995174059e-01,9.493748526614657068e-01,2.767245268185557494e-01
1.569192412158475769e-01,9.469154421124974519e-01,2.805842070130395993e-01
1.654392019263678515e-01,9.442906706070661738e-01,2.845083476287182944e-01
1.742773033776402192e-01,9.414863781555593558e-01,2.884975238627625616e-01
1.834520076560343105e-01,9.384877097429430437e-01,2.925511571476273054e-01
1.929804813540425268e-01,9.352789846276902130e-01,2.966677514158876927e-01
2.028790803059299652e-01,9.318435863256244733e-01,3.008448261114330391e-01
2.131635203347922169e-01,9.281641073526168961e-01,3.050781923061670620e-01
2.238495796542422367e-01,9.242223736077983531e-01,3.093612286815951018e-01
2.349543096910266804e-01,9.199991424529904149e-01,3.136846350132173611e-01
2.464961608096669921e-01,9.154740044552294176e-01,3.180361455444983276e-01
2.584936891616047561e-01,9.106258342252896432e-01,3.223997560562337217e-01
2.709646883983912180e-01,9.054332137144065484e-01,3.267550047726346940e-01
2.839268869933448958e-01,8.998741544298762829e-01,3.310770741555258412e-01
2.973990015302682699e-01,8.939253281562523634e-01,3.353376530745332817e-01
3.114005669191788339e-01,8.875615418535807155e-01,3.395058119456992873e-01
3.259506109573998001e-01,8.807557900114473259e-01,3.435483045771133837e-01
3.410662693535441159e-01,8.734796363549620635e-01,3.474293090435215947e-01
3.567618196867132219e-01,8.657036065766260391e-01,3.511100533651057565e-01
3.730477065968839656e-01,8.573974848557730510e-01,3.545489551046503984e-01
3.899292141240843779e-01,8.485304056468865319e-01,3.577028916088100252e-01
4.074049396157277125e-01,8.390706390194085929e-01,3.605297184869322713e-01
4.254651100255233409e-01,8.289854033530543731e-01,3.629912411870883648e-01
4.440894880348381091e-01,8.182414157151933765e-01,3.650554919808101650e-01
4.632450099059080006e-01,8.068064494730196046e-01,3.666979872947424557e-01
4.828838502681128131e-01,7.946513544714931543e-01,3.679027208201430810e-01
5.029423159168213697e-01,7.817519811433997212e-01,3.686636228848648722e-01
5.233402983019233012e-01,7.680912370844475978e-01,3.689861564982309106e-01
5.439811156413764115e-01,7.536618089888632577e-01,3.688880907500237671e-01
5.647521854733003055e-01,7.384693717653353362e-01,3.683991801940417199e-01
5.855269691489694006e-01,7.225354780372054142e-01,3.675604050721036908e-01
6.061681802594574009e-01,7.058997106306796887e-01,3.664228919874696344e-01
6.265323212836664268e-01,6.886212867950783911e-01,3.650451667391187427e-01
6.464758208381973237e-01,6.707799375524367003e-01,3.634876730354525964e-01
6.658621466409039291e-01,6.524751807883195642e-01,3.618062190261755462e-01
6.845677685416911018e-01,6.338237154675189222e-01,3.600478690185505148e-01
7.024848500439319077e-01,6.149563453123327861e-01,3.582509299623012344e-01
7.195206134649888563e-01,5.960163205283954824e-01,3.564472365761288675e-01
7.355953493096115681e-01,5.771593762751784373e-01,3.546639768170955498e-01
7.506410649869660334e-01,5.585540962378897634e-01,3.529239480838718968e-01
7.646014276982157076e-01,5.403814239127570085e-01,3.512443215937752772e-01
7.774328417956446469e-01,5.228331081623732723e-01,3.496336904630620857e-01
7.891066028183538750e-01,5.061086918072263963e-01,3.480872900087773614e-01
7.996118908075057208e-01,4.904099385516784149e-01,3.465817598330653837e-01
8.089584528817522768e-01,4.759323305312889163e-01,3.450719320173948335e-01
8.171773953782530686e-01,4.628552151896534461e-01,3.434911268934818240e-01
8.243194487500098422e-01,4.513329268657473858e-01,3.417543497005967046e-01
8.304512906415287832e-01,4.414878566192076415e-01,3.397633387073963895e-01
8.356505598083902031e-01,4.334050401097930272e-01,3.374140084515650506e-01
8.399996448954405448e-01,4.271283170143330699e-01,3.346072285232903343e-01
8.435787718453202633e-01,4.226593813178115000e-01,3.312610799293903008e-01
8.464600245846093385e-01,4.199605834083026124e-01,3.273202333550136456e-01
8.487038417903535192e-01,4.189601954871806089e-01,3.227601950793158592e-01
8.503580015060004937e-01,4.195578453150323739e-01,3.175885446758559549e-01
8.514580178830994939e-01,4.216294225238880755e-01,3.118459136252325070e-01
8.520282285623538288e-01,4.250327289053405511e-01,3.056060815693572019e-01
8.520835566121122140e-01,4.296148364885874482e-01,2.989727492935396191e-01
8.516319828242634449e-01,4.352202708318985147e-01,2.920723911769519399e-01
8.506774743115212978e-01,4.416983165479303475e-01,2.850446138022879605e-01
8.492228703812902957e-01,4.489084944747289696e-01,2.780317967603604390e-01
8.472720099360668833e-01,4.567241203717256615e-01,2.711700924688613679e-01
8.448305952938044427e-01,4.650341231246294393e-01,2.645836910794449048e-01
8.419061764864499420e-01,4.737435143268012294e-01,2.583816414284471064e-01
8.385082271036968793e-01,4.827731356355154935e-01,2.526540175577414171e-01
8.346486223033589003e-01,4.920590355052687492e-01,2.474663267289710089e-01
8.303418029003416523e-01,5.015512592565861683e-01,2.428555634412003783e-01
8.256039735470888097e-01,5.112118480869631831e-01,2.388315834197174692e-01
8.204515433752392894e-01,5.210125002659123927e-01,2.353831759915105126e-01
8.148993970764425443e-01,5.309326577593518337e-01,2.324854523815231278e-01
8.089594758205927993e-01,5.409581434422749968e-01,2.301061788035226319e-01
8.026402566741339673e-01,5.510796826455578445e-01,2.282099948322851568e-01
7.959475288565338591e-01,5.612908917787667873e-01,2.267599305727839298e-01
7.888856562867173627e-01,5.715864126411306367e-01,2.257175097087466553e-01
7.814576587286233833e-01,5.819612258657410608e-01,2.250445715924345724e-01
7.736638396529733619e-01,5.924109930796394030e-01,2.247075399086863046e-01
7.655010988229858926e-01,6.029319639560924982e-01,2.246800270180916714e-01
7.569650391273418100e-01,6.135194236898386944e-01,2.249396503381074497e-01
7.480539863214265006e-01,6.241654977865002119e-01,2.254610053236554279e-01
7.387717985445925173e-01,6.348580988402424685e-01,2.262110165578616050e-01
7.291276779484172632e-01,6.455817504337725277e-01,2.271498024573546382e-01
7.191341326738373008e-01,6.563193907379341052e-01,2.282344333461422126e-01
7.088050975150710364e-01,6.670539222158399228e-01,2.294218790636906313e-01
6.981547521786306554e-01,6.777691253954850614e-01,2.306706627879540894e-01
6.871965024173841696e-01,6.884501539147721560e-01,2.319425632350406996e-01
6.759421096507995941e-01,6.990836827488261518e-01,2.332043501205856573e-01
6.644014771095523297e-01,7.096576750092811192e-01,2.344283718218987123e-01
6.525829931358494429e-01,7.201610378479853525e-01,2.355918433128967593e-01
6.404937614233376930e-01,7.305835074584060562e-01,2.366758969721201589e-01
6.281396108031721548e-01,7.409156376453508441e-01,2.376649894970285504e-01
6.155254507923383356e-01,7.511485150010382972e-01,2.385462802867060472e-01
6.026560221800668637e-01,7.612732538528015347e-01,2.393089047621647925e-01
5.895361791473787694e-01,7.712806935747741344e-01,2.399441293199838510e-01
5.761701969030081916e-01,7.811613563731428789e-01,2.404471657350537861e-01
5.625609911512691186e-01,7.909052697576035573e-01,2.408194043356020053e-01
5.487105655771377100e-01,8.005015743183343524e-01,2.410683403889565257e-01
5.346215602240961262e-01,8.099384340636485158e-01,2.412043125030684243e-01
5.202981103370437621e-01,8.192035899224979767e-01,2.412371336212425776e-01
5.057445954177018921e-01,8.282851370481747466e-01,2.411765659239541171e-01
4.909631206867112740e-01,8.371718881481288177e-01,2.410361877811350029e-01
4.759520815925747383e-01,8.458532332740029691e-01,2.408358855893577288e-01
4.607070433673419729e-01,8.543188359046230973e-01,2.405999725899648223e-01
4.452228124078194127e-01,8.625583730863009002e-01,2.403532823374487093e-01
4.294947861669848876e-01,8.705613268278941108e-01,2.401191472728329834e-01
4.135189801897872219e-01,8.783168698859753487e-01,2.399198388972890450e-01
3.972915450569511342e-01,8.858138676540013856e-01,2.397774386762020205e-01
3.808086418864599088e-01,8.930408881468052673e-01,2.397138927191228286e-01
3.640668439189816974e-01,8.999862030251165601e-01,2.397502190266054822e-01
3.470638182504410807e-01,9.066379496689820350e-01,2.399048442225570066e-01
3.297990189555736196e-01,9.129844303775043191e-01,2.401916671831172689e-01
3.122742420662739660e-01,9.190141549353235684e-01,2.406195768644925070e-01
2.944941275547870441e-01,9.247154097002961981e-01,2.411941539477234497e-01
2.764668253967683120e-01,9.300757765530351939e-01,2.419197063579182350e-01
2.582047484386921776e-01,9.350821923743061204e-01,2.427995086242409062e-01
2.397249426857877563e-01,9.397215341655547061e-01,2.438347597858679938e-01
2.210488048975970954e-01,9.439811736684774468e-01,2.450244265636138952e-01
2.022014982283517615e-01,9.478491544510639910e-01,2.463666668212503852e-01
1.832114872273767903e-01,9.513142128258330610e-01,2.478604837877517453e-01
1.641099223359032133e-01,9.543660353824174880e-01,2.495063203595251355e-01
1.449292422684941017e-01,9.569958101432143316e-01,2.513056587182489476e-01
1.257011123294983213e-01,9.591967722975465183e-01,2.532603055614823795e-01
1.064547736950548634e-01,9.609644439545574901e-01,2.553717263375938074e-01
8.721663084085981565e-02,9.622965112531745024e-01,2.576406096381899657e-01
6.801068240686375388e-02,9.631924460183797221e-01,2.600670279210407498e-01
4.885886609820346005e-02,9.636529861766450766e-01,2.626513533877802287e-01
2.978116924438873117e-02,9.636796225413092332e-01,2.653953033817231244e-01
1.079610663732921347e-02,9.632743081022925313e-01,2.683021644182639887e-01
-8.078253428861153704e-03,9.624394892199952256e-01,2.713760700789476510e-01
-2.682327187452606190e-02,9.611783181629223183e-01,2.746211076728104494e-01
-4.541910262168850215e-02,9.594949115804097817e-01,2.780406800602066575e-01
-6.384421687625595199e-02,9.573947260889154043e-01,2.816367419719736920e-01
-8.207498663957552010e-02,9.548850304261212729e-01,2.854089613803654779e-01
-1.000855943468037385e-01,9.519751030508890599e-01,2.893549325231838387e-01
-1.178481253321258110e-01,9.486759063083498589e-01,2.934720500247586239e-01
-1.353321580140157687e-01,9.449996880912149289e-01,2.977596287524151286e-01
-1.525036685453870777e-01,9.409602668109968704e-01,3.022191379829812785e-01
-1.693238567245949622e-01,9.365741362218333865e-01,3.068522753773151868e-01
-1.857482105355839075e-01,9.318618117680674828e-01,3.116587333144431593e-01
-2.017255765183865179e-01,9.268488700915310519e-01,3.166353798746706083e-01
-2.171976768015859427e-01,9.215665724729416031e-01,3.217766643068891153e-01
-2.321002631720688603e-01,9.160522044499755934e-01,3.270746498244650469e-01
-2.463658705408492688e-01,9.103493930741438644e-01,3.325174286592919026e-01
-2.599261740616088390e-01,9.045087637825676152e-01,3.380862024369311047e-01
-2.727123806090045455e-01,8.985889709819246951e-01,3.437525544519126064e-01
-2.846545966410029549e-01,8.926574834626902488e-01,3.494772922940843074e-01
-2.956821450820636410e-01,8.867904301295149727e-01,3.552109262260655931e-01
-3.057251168659271823e-01,8.810715465490041032e-01,3.608948361767749802e-01
-3.147157980546801959e-01,8.755907570357709391e-01,3.664625392155811956e-01
-3.225892039808081480e-01,8.704424677163070667e-01,3.718415198320034754e-01
-3.292834511698861100e-01,8.657230188041409313e-01,3.769563151060006390e-01
-3.347409114114406892e-01,8.615269788841916077e-01,3.817326117613162317e-01
-3.389100986963816675e-01,8.579428095253616160e-01,3.861011274074941935e-01
-3.417476020653193447e-01,8.550488357968822895e-01,3.900000831858890238e-01
-3.432196866624486753e-01,8.529099841632030721e-01,3.933761629815096250e-01
-3.433036696628677942e-01,8.515749475509999389e-01,3.961851828369158390e-01
-3.419891780692236316e-01,8.510731832860677359e-01,3.983940747235783508e-01
-3.392791828997020476e-01,8.514117611108901196e-01,3.999845610682529751e-01
-3.351907542927425321e-01,8.525729164611955957e-01,4.009570804381857312e-01
-3.297556052307915597e-01,8.545132758058917588e-01,4.013331562310274991e-01
-3.230202410681761171e-01,8.571650634950663816e-01,4.011558023807658691e-01
-3.150451812881186475e-01,8.604391074102984982e-01,4.004885468850579722e-01
-3.059030360437305918e-01,8.642295602198718507e-01,3.994128187494674909e-01
-2.956762030314729617e-01,8.684201832293632073e-01,3.980225726271947040e-01
-2.844555695396248085e-01,8.728913685787603738e-01,3.964160536842401550e-01
-2.723410992931783459e-01,8.775268223684929980e-01,3.946859532079126098e-01
-2.594439920031090252e-01,8.822198135998231550e-01,3.929084059999021217e-01
-2.458891325936819749e-01,8.868798296976987405e-01,3.911300322753388237e-01
-2.318161205410776970e-01,8.914395020987913032e-01,3.893544662067502382e-01
-2.173771939414463339e-01,8.958594306575161648e-01,3.875345611118239386e-01
-2.027310468575213298e-01,9.001279547201295195e-01,3.855772137606288674e-01
-1.880331636241093507e-01,9.042553947898499533e-01,3.833610704948553494e-01
-1.734253105749927470e-01,9.082655850778134088e-01,3.807588326161644998e-01
-1.590278524869286614e-01,9.121882682128552577e-01,3.776542141539371844e-01
-1.449375860240359193e-01,9.160537039643242840e-01,3.739501405411786439e-01
-1.312312183928238674e-01,9.198885693592095958e-01,3.695718973101199123e-01
-1.179721155503498098e-01,9.237122298204630821e-01,3.644698841230685216e-01
-1.052171189835808263e-01,9.275336482294281870e-01,3.586233250570886044e-01
-9.302127827345220423e-02,9.313494121581239460e-01,3.520444776744693915e-01
-8.143985908803280660e-02,9.351429026435688074e-01,3.447829766491991021e-01
-7.052760365539703646e-02,9.388850242769871679e-01,3.369284320312379566e-01
-6.033527316713106076e-02,9.425375139891581933e-01,3.286071964138720380e-01
-5.090413188827873359e-02,9.460588650001291455e-01,3.199709257282104535e-01
-4.226009583798119584e-02,9.494110250303630094e-01,3.111796745460090885e-01
-3.440957814366740058e-02,9.525645800928645990e-01,3.023850222555332645e-01
-2.733840336942457844e-02,9.555013087302665076e-01,2.937173142937923864e-01
-2.101426724330883108e-02,9.582140607381018915e-01,2.852791867207001286e-01
-1.539214805169753474e-02,9.607044329120486559e-01,2.771463049753569163e-01
-1.042068444813181761e-02,9.629794268839905191e-01,2.693734076218618489e-01
-6.046997450459362655e-03,9.650487167325103588e-01,2.620007789201574400e-01
-2.218887897038730739e-03,9.669233098133982462e-01,2.550576199136256328e-01
1.114581032857894045e-03,9.686150368714795400e-01,2.485632073650152207e-01
4.002771645496870818e-03,9.701361193240349845e-01,2.425281175494002073e-01
6.493266223817590471e-03,9.714988579828465198e-01,2.369552836122707229e-01
8.632053026958177652e-03,9.727157246871800389e-01,2.318396139723192251e-01
1.046365926703249349e-02,9.737995778021988347e-01,2.271671061289528282e-01
1.203063844099218870e-02,9.747635376744653302e-01,2.229154758177714357e-01
1.337279508342040929e-02,9.756205956638487331e-01,2.190562066415230880e-01
1.452697501179960049e-02,9.763833476922819665e-01,2.155563159506556081e-01
1.552731929997358887e-02,9.770638670395045411e-01,2.123796178571897564e-01
1.640506661190698975e-02,9.776733845746888862e-01,2.094889660190518421e-01
1.718763999545945206e-02,9.782217343032244550e-01,2.068497608608194371e-01
1.789787323867945631e-02,9.787169654751121106e-01,2.044327948855572119e-01
1.855405675308461483e-02,9.791653853596705703e-01,2.022149724710093632e-01
1.917026719307183755e-02,9.795717623116626527e-01,2.001790781709461287e-01
1.975612923089357931e-02,9.799393087254272272e-01,1.983145142760466828e-01
2.031638410353100652e-02,9.802695855550188631e-01,1.966183719105349670e-01
2.085159005642615165e-02,9.805628513759672149e-01,1.950940944609843852e-01
2.136031368183350515e-02,9.808189819542965093e-01,1.937469009753469418e-01
2.184144232950695902e-02,9.810383974448424471e-01,1.925788517356514240e-01
2.229512987367223212e-02,9.812223922570324497e-01,1.915869100886135046e-01
2.272245491836064751e-02,9.813728954759538547e-01,1.907640691210633621e-01
2.312491422704533728e-02,9.814921340323974341e-01,1.901011025073823246e-01
2.350431058007322604e-02,9.815824725221079516e-01,1.895874389867127918e-01
2.386272574178480155e-02,9.816463371890308265e-01,1.892116249164725317e-01
2.420231594818724949e-02,9.816861066587394546e-01,1.889619959038059405e-01
2.452509578158047071e-02,9.817040197909590038e-01,1.888272681663762109e-01
2.483285241490046022e-02,9.817021629011326578e-01,1.887966969948836615e-01
2.512710566376286439e-02,9.816824849652966423e-01,1.888600732641022573e-01
2.540908065569496763e-02,9.816467647461435408e-01,1.890079571966798433e-01
2.567977699033607494e-02,9.815965298563116281e-01,1.892321368789505465e-01
2.594011435987923081e-02,9.815329833201500431e-01,1.895260222809584394e-01
2.619102758109872336e-02,9.814569842034993608e-01,1.898847498679611945e-01
2.643347489248924070e-02,9.813690798136711635e-01,1.903050198780277258e-01
2.666842713259294853e-02,9.812695439403427144e-01,1.907848975400969205e-01
2.689688035555148210e-02,9.811584064055839383e-01,1.913236508296711214e-01
2.711990172650109027e-02,9.810355453992264385e-01,1.919212588370218242e-01
2.733872259019166570e-02,9.809008978275451929e-01,1.925773166503585709e-01
2.755481687531562834e-02,9.807546679288523528e-01,1.932899723284534632e-01
2.776979527051105096e-02,9.805973109802827992e-01,1.940560541927835725e-01
2.798503508840446616e-02,9.804292492120588731e-01,1.948725868370903835e-01
2.820125852181009501e-02,9.802505539528244549e-01,1.957384491942424365e-01
2.841842046015876852e-02,9.800608404682720209e-01,1.966548813509955140e-01
2.863601283608840226e-02,9.798593717058570185e-01,1.976248730525949071e-01
2.885350119509313277e-02,9.796452043640281326e-01,1.986523320662160752e-01
2.907059340943517547e-02,9.794172998783715611e-01,1.997414661450732654e-01
2.928740449606357515e-02,9.791746544496668925e-01,2.008961025536809553e-01
2.950473364153977096e-02,9.789164799542166007e-01,2.021187669831469580e-01
2.972435100566145350e-02,9.786423732966077482e-01,2.034098526268459384e-01
2.994899457629639911e-02,9.783523940951251996e-01,2.047673086510782003e-01
3.018217867353926651e-02,9.780470293651528646e-01,2.061869162689969892e-01
3.042831580945217634e-02,9.777270984502000051e-01,2.076628001187342809e-01
3.069325382275059008e-02,9.773937117971408517e-01,2.091876103147124188e-01
3.098457168726985456e-02,9.770483803834187908e-01,2.107520313247170929e-01
3.131100429858935802e-02,9.766932306122235730e-01,2.123439527890346179e-01
3.168123406478113441e-02,9.763311343027222255e-01,2.139481610093718622e-01
3.210285873901996823e-02,9.759656067524982159e-01,2.155470735060222853e-01
3.258200593913278265e-02,9.756005265555152128e-01,2.171221441345485559e-01
3.312344832024357449e-02,9.752398479302293310e-01,2.186551535646921451e-01
3.373089558519914988e-02,9.748873981830874502e-01,2.201290247714529635e-01
3.440727526336478242e-02,9.745467211185563361e-01,2.215283904289057082e-01
3.515486635341187605e-02,9.742208922592384690e-01,2.228402756623830139e-01
3.597518136410196576e-02,9.739122875407595359e-01,2.240549988349843646e-01
3.686870699703741899e-02,9.736223655138546151e-01,2.251670220426890134e-01
3.783477069469762949e-02,9.733515578947257163e-01,2.261753188798243108e-01
3.887153748250379848e-02,9.730992814982687422e-01,2.270832268603284188e-01
3.997575830716164347e-02,9.728639375580001580e-01,2.278984373507433048e-01
4.114212979290843980e-02,9.726427847234353496e-01,2.286336337495954996e-01
4.236292698164882686e-02,9.724318380183619714e-01,2.293070056186191641e-01
4.362878479447287322e-02,9.722261195941250822e-01,2.299410827066525609e-01
4.493052092430090821e-02,9.720203396741885493e-01,2.305595531509071483e-01
4.626085907911210021e-02,9.718096628621029076e-01,2.311837193340146035e-01
4.761521218204698563e-02,9.715901457122787521e-01,2.318304991230699941e-01
4.899179917844657256e-02,9.713587631919319287e-01,2.325122723287939286e-01
5.039168113194203436e-02,9.711132195133065359e-01,2.332376328108249075e-01
5.181865523495465115e-02,9.708517121627001645e-01,2.340123500168195259e-01
5.327868369812534255e-02,9.705726981890332450e-01,2.348404126070614550e-01
5.477910316606524749e-02,9.702747022489389694e-01,2.357249499566265449e-01
5.632816257686525802e-02,9.699562194227043799e-01,2.366686935442224859e-01
5.793487292480815204e-02,9.696157067063857493e-01,2.376740032217709298e-01
5.960864441940887104e-02,9.692516145581934195e-01,2.387427845753996858e-01
6.135856771609872473e-02,9.688624439314075243e-01,2.398764075666654783e-01
6.319286207125061894e-02,9.684468294935952848e-01,2.410755081443299030e-01
6.511896332392556885e-02,9.680035959076276342e-01,2.423397592751124763e-01
6.714408175584163363e-02,9.675317108145878864e-01,2.436679315243627797e-01
6.927573260697643398e-02,9.670301285028839455e-01,2.450583674136895262e-01
7.152201445695866022e-02,9.664975967584673588e-01,2.465096284288415263e-01
7.389168475103498335e-02,9.659325008841858073e-01,2.480210125378009278e-01
7.639397734422034847e-02,9.653327756967950979e-01,2.495928532451437420e-01
7.903805626690067754e-02,9.646958888838529367e-01,2.512266459437429988e-01
8.183238255315976317e-02,9.640188839017259648e-01,2.529249941119772749e-01
8.478457272726515337e-02,9.632984504338635290e-01,2.546913261561382646e-01
8.790188853968179672e-02,9.625309894071284456e-01,2.565294377300419981e-01
9.119174769451453277e-02,9.617126720483905045e-01,2.584430335179587757e-01
9.466164625296673296e-02,9.608395131688971524e-01,2.604354097699370096e-01
9.831868761073858654e-02,9.599074443232090692e-01,2.625093026911373695e-01
1.021693916462950991e-01,9.589123294273506071e-01,2.646668847491852050e-01
1.062199769686168749e-01,9.578499017064238119e-01,2.669098767257982452e-01
1.104766318517747259e-01,9.567156925167956683e-01,2.692396655524504356e-01
1.149453695299434419e-01,9.555050300824152743e-01,2.716573200022918133e-01
1.196316849908474478e-01,9.542130707684668423e-01,2.741635926246652200e-01
1.245404582014383310e-01,9.528347563355837879e-01,2.767591035357002682e-01
1.296761248540868050e-01,9.513646997751916690e-01,2.794446468703357112e-01
1.350427561078071381e-01,9.497971373056645072e-01,2.822212819557942676e-01
1.406439110323577379e-01,9.481260167537354233e-01,2.850900676000790446e-01
1.464825752004825510e-01,9.463451025522547910e-01,2.880517350025813550e-01
1.525614879580227401e-01,9.444479514532855280e-01,2.911066117210779347e-01
1.588837195596032592e-01,9.424277851580074028e-01,2.942547084093609655e-01
1.654531057471785582e-01,9.402773949348286475e-01,2.974956980750903535e-01
1.722743210108934886e-01,9.379891363854044872e-01,3.008287525207632984e-01
1.793526475856997704e-01,9.355549722056782924e-01,3.042523981585558146e-01
1.866936576212318566e-01,9.329665111557239321e-01,3.077644671919141373e-01
1.943031064111370720e-01,9.302149964289804229e-01,3.113621095406673978e-01
2.021872080380008319e-01,9.272911922283797459e-01,3.150418666169118587e-01
2.103530766718046674e-01,9.241851828409415326e-01,3.187998289710348154e-01
2.188089497650678450e-01,9.208861785078455986e-01,3.226318176124671200e-01
2.275642019719018583e-01,9.173823712554662890e-01,3.265334881609988082e-01
2.366294953046561012e-01,9.136607786785334584e-01,3.305003229293426714e-01
2.460170785947747851e-01,9.097070690983337649e-01,3.345274958388498865e-01
2.557408778576812369e-01,9.055055080942187029e-01,3.386094774273358254e-01
2.658164069360792192e-01,9.010391049800813290e-01,3.427392144186112710e-01
2.762609823150249944e-01,8.962897791803922098e-01,3.469070500683162361e-01
2.870941959945905730e-01,8.912383034519409941e-01,3.510999986988401211e-01
2.983378091230032836e-01,8.858640642702254597e-01,3.553018593848395468e-01
3.100146215437054042e-01,8.801449049239193911e-01,3.594939231274681957e-01
3.221469622143841027e-01,8.740571139293500380e-01,3.636557387496301974e-01
3.347555409225485556e-01,8.675752826990517086e-01,3.677660352334244931e-01
3.478586057074346538e-01,8.606718638659319742e-01,3.718041597196326542e-01
3.614712831717924457e-01,8.533167675684103504e-01,3.757512549928972434e-01
3.756056606971659995e-01,8.454775204404552102e-01,3.795894493819670923e-01
3.902719137177081965e-01,8.371200376858916048e-01,3.832986771016687055e-01
4.054794216079341540e-01,8.282095304032226490e-01,3.868532181613184018e-01
4.212363209313138568e-01,8.187111895309626686e-01,3.902203865318255027e-01
4.375471933189878371e-01,8.085908094694451709e-01,3.933616103030693201e-01
4.544099643789037968e-01,7.978156407070366996e-01,3.962345110113250635e-01
4.718131098512062804e-01,7.863553687066586750e-01,3.987952149647089328e-01
4.897334627527667461e-01,7.741829069058200341e-01,4.010011996428924919e-01
5.081343848072823466e-01,7.612750653325823791e-01,4.028147488354879568e-01
5.269640040740670717e-01,7.476135953351412677e-01,4.042064453720279893e-01
5.461535893768489913e-01,7.331869717489079008e-01,4.051581435297212930e-01
5.656169641250792246e-01,7.179927191393458141e-01,4.056647694301508400e-01
5.852523727936792541e-01,7.020397749466225079e-01,4.057336743878474650e-01
6.049473395096840456e-01,6.853504497175092469e-01,4.053806575210058827e-01
6.245853050222170966e-01,6.679614996364722224e-01,4.046240622524803210e-01
6.440519261322084077e-01,6.499235613232039466e-01,4.034804591084381054e-01
6.632394591506867165e-01,6.312985061391606090e-01,4.019646949322400187e-01
6.820486785663416596e-01,6.121556512958483687e-01,4.000938123146406400e-01
7.003886347024876891e-01,5.925690968166250627e-01,3.978914749997973233e-01
7.181752379707191380e-01,5.726180352168912524e-01,3.953895715747294259e-01
7.353297799379677757e-01,5.523898506179891754e-01,3.926264989409342099e-01
7.517777507558607297e-01,5.319842662507665576e-01,3.896446508423956345e-01
7.674476651723648457e-01,5.115169985801466535e-01,3.864898981668785649e-01
7.822701299382045503e-01,4.911223819259185608e-01,3.832130605523209610e-01
7.961782462479197742e-01,4.709548768707521593e-01,3.798706413415511851e-01
8.091100425186316114e-01,4.511892917851635931e-01,3.765224589236351171e-01
8.210122302749859324e-01,4.320195368512522172e-01,3.732265230630360531e-01
8.318438988729833783e-01,4.136557551855694626e-01,3.700333013522567049e-01
8.415793655394895323e-01,3.963195615896550339e-01,3.669808940524477148e-01
8.502101268187896022e-01,3.802372152051274878e-01,3.640911979543412502e-01
8.577458470562717707e-01,3.656310402241176316e-01,3.613668555392823833e-01
8.642139923433314053e-01,3.527098142154298510e-01,3.587895795506293450e-01
8.696577522660225990e-01,3.416588562559753073e-01,3.563209506406662674e-01
8.741322933004195272e-01,3.326305433374174281e-01,3.539062806003924755e-01
8.776998121816544929e-01,3.257362344670879928e-01,3.514810738169136251e-01
8.804241301386316332e-01,3.210406618988122518e-01,3.489788596422516709e-01
8.823656561910975249e-01,3.185593477768395299e-01,3.463391267507158755e-01
8.835774288244367947e-01,3.182588959655020533e-01,3.435144864642790119e-01
8.841026806662564130e-01,3.200597712818742391e-01,3.404764203960881641e-01
8.839740943183466149e-01,3.238414045811901509e-01,3.372188388167847162e-01
8.832146863213006238e-01,3.294494854212067780e-01,3.337586769240143969e-01
8.818400303016709074e-01,3.367048222856278694e-01,3.301333421621508446e-01
8.798613069966578770e-01,3.454126990141196396e-01,3.263956920823470331e-01
8.772885107965366913e-01,3.553717788521107979e-01,3.226077612517738169e-01
8.741331200506049504e-01,3.663820357779203341e-01,3.188345845259284994e-01
8.704097519895026558e-01,3.782513930312303430e-01,3.151392506678689642e-01
8.661368019936547258e-01,3.908008334604489709e-01,3.115794421954422577e-01
8.613364968662465815e-01,4.038680780493205669e-01,3.082045014254827242e-01
8.560346885615864876e-01,4.173102228093173993e-01,3.050521101682553970e-01
8.502601781252052682e-01,4.310054824000615903e-01,3.021455007700502571e-01
8.440432225285159351e-01,4.448537462192003189e-01,2.994932102375972849e-01
8.374135663778297101e-01,4.587757597621785477e-01,2.970914355901225767e-01
8.303989917445040447e-01,4.727112913446465114e-01,2.949263459662224696e-01
8.230248992880809800e-01,4.866168441643654585e-01,2.929745076407809234e-01
8.153142337900022296e-01,5.004631781219848197e-01,2.912032065816994031e-01
8.072867306913906749e-01,5.142326962162750981e-01,2.895735978844518610e-01
7.989575232294541252e-01,5.279168245425396311e-01,2.880463546722605295e-01
7.903362221765876106e-01,5.415135148797912690e-01,2.865864077694083023e-01
7.814272468020913021e-01,5.550248717455958936e-01,2.851646010624185879e-01
7.722309745298605588e-01,5.684549593593714034e-01,2.837574336583932322e-01
7.627448186094158977e-01,5.818080060728209046e-01,2.823469244636068742e-01
7.529640099329246716e-01,5.950871458078614840e-01,2.809207871268761258e-01
7.428824247248677626e-01,6.082936099080719083e-01,2.794719792392570401e-01
7.324934917242630350e-01,6.214262460667242527e-01,2.779976713589812354e-01
7.217908187555107657e-01,6.344812969912637657e-01,2.764986396504207633e-01
7.107685135291857970e-01,6.474522929552102291e-01,2.749793601755454731e-01
6.994215898710106627e-01,6.603299568292139154e-01,2.734479616604159613e-01
6.877464133555901693e-01,6.731023883603027835e-01,2.719155120624378030e-01
6.757404810904056314e-01,6.857559272721999166e-01,2.703952855113275211e-01
6.634013115294050689e-01,6.982764984089099292e-01,2.689026434062277704e-01
6.507255299580376739e-01,7.106505933006889153e-01,2.674547043934913382e-01
6.377094751382453852e-01,7.228653491557845978e-01,2.660682474644227025e-01
6.243511611779202219e-01,7.349081313546068639e-01,2.647558611337292311e-01
6.106520326212568905e-01,7.467663329632857616e-01,2.635225588220001525e-01
5.966174823392337290e-01,7.584274755799550460e-01,2.623649062900960671e-01
5.822567248740436741e-01,7.698791916931796431e-01,2.612721503276012602e-01
5.675829867789973227e-01,7.811089897084960709e-01,2.602273992407507786e-01
5.526136422095850875e-01,7.921041916925835036e-01,2.592086262972275734e-01
5.373690029172861760e-01,8.028522702480805906e-01,2.581913764268369271e-01
5.218695397335576525e-01,8.133412895901964701e-01,2.571539036181270110e-01
5.061330720643633097e-01,8.235600735007445605e-01,2.560822498693303140e-01
4.901736108596198571e-01,8.334981009979260946e-01,2.549720511148090285e-01
4.740019739725141457e-01,8.431453421040912000e-01,2.538268322268848465e-01
4.576269912761334879e-01,8.524920895642884577e-01,2.526554453912816522e-01
4.410562986657383666e-01,8.615287215602783766e-01,2.514708796938353030e-01
4.242966287328387431e-01,8.702454600806482921e-01,2.502902516179336123e-01
4.073539863109548742e-01,8.786322884468662497e-01,2.491345651153154261e-01
3.902339927949664000e-01,8.866790447735310998e-01,2.480276243219622645e-01
3.729424202837709479e-01,8.943755313207960578e-01,2.469946560707881045e-01
3.554857637931609360e-01,9.017115411715428408e-01,2.460613099583800478e-01
3.378716770955348392e-01,9.086769063799818857e-01,2.452529502949071516e-01
3.201092057338209562e-01,9.152617132970753966e-01,2.445937296354188661e-01
3.022088328154257098e-01,9.214566303395972380e-01,2.441055095067147518e-01
2.841823281671042034e-01,9.272531026925969755e-01,2.438074812315581541e-01
2.660424377963694353e-01,9.326432635627126544e-01,2.437169756550766342e-01
2.478026372929564847e-01,9.376197266572865452e-01,2.438505713213949544e-01
2.294771966848589695e-01,9.421755756625980194e-01,2.442240791292097368e-01
2.110815099987111976e-01,9.463046384524295140e-01,2.448512352022763905e-01
1.926324135353245370e-01,9.500018259515579100e-01,2.457423120756001833e-01
1.741483742459285222e-01,9.532633454108273563e-01,2.469034994560784513e-01
1.556496660872083992e-01,9.560868716534535183e-01,2.483366169111052846e-01
1.371585600659800397e-01,9.584718424431971640e-01,2.500385103222501071e-01
1.186992974223772673e-01,9.604198660380020014e-01,2.520003129184176238e-01
1.002975815300658352e-01,9.619350993128028549e-01,2.542071199814980864e-01
8.197952364197802488e-02,9.630244473841517161e-01,2.566384060188257599e-01
6.377023880090268437e-02,9.636974014884203132e-01,2.592695026564875715e-01
4.569257003537438577e-02,9.639654193026587770e-01,2.620741487293466454e-01
2.776654014810702592e-02,9.638411337009309410e-01,2.650269575615052386e-01
1.000973893931410806e-02,9.633378946911057561e-01,2.681042815370071608e-01
-7.561904896401549711e-03,9.624696919975455067e-01,2.712838173951546139e-01
-2.493385125306710193e-02,9.612508960979059269e-01,2.745451107061694929e-01
-4.209350783993614370e-02,9.596954408137751136e-01,2.778719084020248031e-01
-5.903107021572438079e-02,9.578158242388679078e-01,2.812546525602812042e-01
-7.573976723543715539e-02,9.556225112347264128e-01,2.846912427184177252e-01
-9.221509073718119065e-02,9.531237982483647952e-01,2.881864019223392970e-01
-1.084532790393210877e-01,9.503258828124973023e-01,2.917509258293226049e-01
-1.244496069314738884e-01,9.472331443052832700e-01,2.954008558960655173e-01
-1.401967951117694122e-01,9.438488382856839998e-01,2.991558608938715835e-01
-1.556835490882635675e-01,9.401761917726007001e-01,3.030368970393742534e-01
-1.708932577104728678e-01,9.362197488877467277e-01,3.070636355247336469e-01
-1.858029809269629296e-01,9.319870100674189084e-01,3.112514503488254536e-01
-2.003826494230819544e-01,9.274904854298416934e-01,3.156076571430150302e-01
-2.145941804539253372e-01,9.227499892073848242e-01,3.201277793836072583e-01
-2.283905162249529608e-01,9.177947457555946098e-01,3.247931291790562280e-01
-2.417150771533548570e-01,9.126649781783419124e-01,3.295701125458352920e-01
-2.545019815749743897e-01,9.074128344909083710e-01,3.344109585159951714e-01
-2.666767913742696949e-01,9.021024975823452863e-01,3.392559104835448092e-01
-2.781574582913276528e-01,8.968093682151280222e-01,3.440368955192031342e-01
-2.888555931088082063e-01,8.916185593982162150e-01,3.486815034761782672e-01
-2.986782334864090949e-01,8.866232056196824418e-01,3.531155676235703811e-01
-3.075299102468675994e-01,8.819226995642663880e-01,3.572641967743624969e-01
-3.153149513789519354e-01,8.776202431609332333e-01,3.610528911822111775e-01
-3.219405137629142710e-01,8.738191037741253053e-01,3.644097686361537081e-01
-3.273205697241540757e-01,8.706178747889429248e-01,3.672679685644253400e-01
-3.313800586806978643e-01,8.681055321900961186e-01,3.695673709754788705e-01
-3.340582220418366055e-01,8.663563401889922133e-01,3.712570485534005815e-01
-3.353111006452134113e-01,8.654240448666907781e-01,3.723005349857444468e-01
-3.351136884658012516e-01,8.653357914346978541e-01,3.726832218720492196e-01
-3.334615834065637330e-01,8.660876338110896633e-01,3.724185588172200800e-01
-3.303714730461345672e-01,8.676431989996187255e-01,3.715507623825244909e-01
-3.258803472319555805e-01,8.699354801767470446e-01,3.701543726847392191e-01
-3.200440271805722325e-01,8.728710017787972841e-01,3.683314199463845195e-01
-3.129355388494809431e-01,8.763357937085759497e-01,3.662061239113091893e-01
-3.046434563325272071e-01,8.802023170038257849e-01,3.639179105991736107e-01
-2.952701536864829057e-01,8.843362192014809775e-01,3.616144186151750706e-01
-2.849297956184189684e-01,8.886028933180702971e-01,3.594438893006808855e-01
-2.737459079747559532e-01,8.928748814688327595e-01,3.575438769005761519e-01
-2.618488356413295470e-01,8.970400665825514208e-01,3.560257100531529217e-01
-2.493738376895298647e-01,9.010088664274850112e-01,3.549587464692965932e-01
-2.364600113066363529e-01,9.047192392826772789e-01,3.543582384037926580e-01
-2.232490346751337396e-01,9.081400697545859435e-01,3.541771904326373455e-01
-2.098824620319797163e-01,9.112729542071951183e-01,3.543034787606325620e-01
-1.964973795925772093e-01,9.141502675093872154e-01,3.545674381916176787e-01
-1.832212232297011356e-01,9.168278151473769899e-01,3.547629359590700471e-01
-1.701666555139155212e-01,9.193738030557859764e-01,3.546760770138708829e-01
-1.574274597881138438e-01,9.218580251955936777e-01,3.541106836670450675e-01
-1.450768320676848189e-01,9.243438051706946990e-01,3.529040133517408750e-01
-1.331691066691770842e-01,9.268828614072180949e-01,3.509332561307080267e-01
-1.217443688082452125e-01,9.295123707393253554e-01,3.481164479108116439e-01
-1.108340327750111376e-01,9.322534515541045508e-01,3.444115550388613944e-01
-1.004655115201732174e-01,9.351102658737054929e-01,3.398168207322849743e-01
-9.066492784535687410e-02,9.380696602227014402e-01,3.343728210074223828e-01
-8.145741078138557523e-02,9.411024878687247464e-01,3.281627607698491822e-01
-7.286496439136992687e-02,9.441677302409505756e-01,3.213066979318919825e-01
-6.490253409789446815e-02,9.472189461241994346e-01,3.139489276475277424e-01
-5.757350719807843853e-02,9.502112121852012150e-01,3.062416423454578096e-01
-5.086622572790917840e-02,9.531067030043860466e-01,2.983290796558500380e-01
-4.475307995861751986e-02,9.558777791649090139e-01,2.903357248651622924e-01
-3.919302453636536177e-02,9.585072711224206232e-01,2.823609711577402259e-01
-3.413683584772683743e-02,9.609865596226122575e-01,2.744804340258168440e-01
-2.953315158462695850e-02,9.633127199335312918e-01,2.667515633913725703e-01
-2.533342947517285004e-02,9.654858890317432607e-01,2.592203993354128544e-01
-2.149501308599628679e-02,9.675074212115424288e-01,2.519272798111073519e-01
-1.798225233151242580e-02,9.693790055730033828e-01,2.449101511889229255e-01
-1.476593222045283031e-02,9.711027083291756679e-01,2.382047378231610668e-01
-1.182174506044021169e-02,9.726815227861634883e-01,2.318424067639824615e-01
-9.128915249820080888e-03,9.741197660753413423e-01,2.258480556650507565e-01
-6.669519785249213364e-03,9.754230256952766132e-01,2.202395024724353445e-01
-4.428007090162784654e-03,9.765979329950179588e-01,2.150276029328972716e-01
-2.390304741473385074e-03,9.776520620961512975e-01,2.102159173858774988e-01
-5.428060476330934941e-04,9.785938222955248289e-01,2.058004769834833325e-01
1.127999064255047652e-03,9.794320843246889785e-01,2.017709587961222240e-01
2.635120987358824385e-03,9.801756225443508663e-01,1.981131119011967645e-01
3.990525162487205957e-03,9.808326913009679515e-01,1.948109529370144755e-01
5.204985572481351033e-03,9.814108764486035863e-01,1.918478556397597568e-01
6.288319239791916038e-03,9.819171131538004804e-01,1.892068707442868258e-01
7.249758941884672063e-03,9.823577581531004466e-01,1.868707467521305010e-01
8.098361675905581605e-03,9.827387104415696850e-01,1.848216533250554294e-01
8.843415900946777555e-03,9.830655618249539707e-01,1.830406926041052706e-01
9.494714727268063065e-03,9.833436860856833439e-01,1.815077007393046671e-01
1.006255364730196389e-02,9.835782053178390161e-01,1.802017176328636894e-01
1.055747267837945334e-02,9.837738827186829349e-01,1.791018912553756226e-01
1.098991714288386455e-02,9.839350425284838497e-01,1.781882538375163805e-01
1.136998154947468746e-02,9.840655668701208114e-01,1.774420570782258566e-01
1.170726899391660684e-02,9.841689496922069180e-01,1.768457472331249336e-01
1.201079404218271390e-02,9.842483736124594262e-01,1.763827652229791598e-01
1.228885404629639043e-02,9.843067962106192281e-01,1.760372545792945886e-01
1.254885195615233068e-02,9.843470335536118609e-01,1.757937537251733351e-01
1.279711653841657248e-02,9.843718116665035600e-01,1.756370410952881045e-01
1.303880433541953175e-02,9.843837667952866077e-01,1.755522408043415639e-01
1.327794009198462154e-02,9.843854146526040960e-01,1.755250743515991141e-01
1.351755356121395711e-02,9.843791234277777802e-01,1.755420664834488886e-01
1.375981116565233933e-02,9.843670952328936741e-01,1.755906871660365687e-01
1.400610898285851134e-02,9.843513369280688652e-01,1.756595411558494746e-01
1.425717561166156729e-02,9.843336227665716587e-01,1.757385900558398606e-01
1.451318833352548306e-02,9.843154803797141694e-01,1.758192323076398500e-01
1.477383786448937218e-02,9.842982147554211192e-01,1.758941674531729060e-01
1.503835935477465871e-02,9.842829380931682470e-01,1.759572264119801943e-01
1.530566805217606005e-02,9.842705610006152739e-01,1.760034069926225964e-01
1.557465764946675338e-02,9.842617434167040269e-01,1.760291182884591854e-01
1.584451236862254378e-02,9.842568500122553798e-01,1.760323965403891855e-01
1.611485371215525680e-02,9.842559495964361416e-01,1.760128892264812006e-01
1.638572447751743613e-02,9.842588533234122306e-01,1.759716388735089732e-01
1.665753443867032044e-02,9.842651589988696825e-01,1.759108391411807470e-01
1.693103504422784067e-02,9.842742833356638021e-01,1.758336578030401109e-01
1.720731563270013614e-02,9.842854906802530612e-01,1.757440784921354138e-01
1.748780880655108685e-02,9.842979327694402203e-01,1.756466796980573897e-01
1.777425750437842955e-02,9.843107054715554138e-01,1.755463211356400322e-01
1.806853319503063521e-02,9.843229255976463365e-01,1.754477308233715616e-01
1.837226372249419620e-02,9.843338278136901653e-01,1.753549980678047737e-01
1.868642914825222739e-02,9.843428601561098334e-01,1.752710786906281348e-01
1.901117927385935144e-02,9.843497337595753516e-01,1.751975362557091909e-01
1.934598916337604280e-02,9.843544022491393930e-01,1.751346438487534629e-01
1.969004497121940381e-02,9.843570044137801567e-01,1.750816666317759895e-01
2.004263003004228688e-02,9.843578268872116288e-01,1.750370293034168578e-01
2.040331354850093842e-02,9.843572924312262717e-01,1.749983589457529964e-01
2.077190584652667885e-02,9.843559250533396865e-01,1.749626838496915748e-01
2.114832834238940598e-02,9.843542634201478680e-01,1.749269341608110928e-01
2.153255885220471330e-02,9.843527466118174862e-01,1.748885906714545135e-01
2.192462651190569753e-02,9.843516009973168890e-01,1.748463221412804303e-01
2.232453594180172640e-02,9.843507430311955186e-01,1.748005428736310318e-01
2.273218328596697882e-02,9.843497424329060719e-01,1.747536334824680848e-01
2.314748338167014335e-02,9.843479029249129209e-01,1.747094731845452720e-01
2.357071789367031628e-02,9.843444314223093183e-01,1.746724408310237620e-01
2.400279599756564852e-02,9.843385732087298612e-01,1.746466119846048770e-01
2.444518209494499217e-02,9.843296361412640083e-01,1.746356220430171913e-01
2.489959357773446208e-02,9.843169493807701897e-01,1.746429311521027483e-01
2.536770112349619535e-02,9.842998251768746432e-01,1.746720753196779330e-01
2.585092180523122091e-02,9.842775286659001255e-01,1.747268622884526057e-01
2.635036903486927609e-02,9.842492636934431216e-01,1.748114554903118789e-01
2.686713241309578865e-02,9.842142371688323843e-01,1.749299647003641767e-01
2.740290821740243646e-02,9.841718130735702674e-01,1.750854733343409908e-01
2.796059805330031178e-02,9.841216347433530132e-01,1.752792428856654317e-01
2.854440003204808049e-02,9.840635911811150827e-01,1.755108707132911339e-01
2.915936270381882037e-02,9.839976696120845689e-01,1.757791732961966613e-01
2.981083282823925040e-02,9.839238490513858570e-01,1.760828597961553998e-01
3.050416686190687843e-02,9.838421022736679733e-01,1.764205588864021512e-01
3.124466397105858315e-02,9.837524248480590261e-01,1.767906603271215682e-01
3.203746719833902579e-02,9.836547940126280087e-01,1.771915542893897633e-01
3.288733523873382109e-02,9.835490630588982208e-01,1.776222501176548674e-01
3.379838888717949519e-02,9.834348681663689362e-01,1.780829272648774830e-01
3.477392947050456096e-02,9.833115972266740501e-01,1.785751286957619477e-01
3.581634386078337562e-02,9.831784067100345359e-01,1.791016752896630593e-01
3.692715405637490150e-02,9.830342495737527386e-01,1.796664950909479808e-01
3.810733942280110365e-02,9.828779001172130991e-01,1.802744134459821623e-01
3.935793649730673360e-02,9.827079838455922145e-01,1.809308467918194774e-01
4.068067412793980459e-02,9.825230101386520642e-01,1.816414525943308711e-01
4.207832651214696990e-02,9.823213866075691802e-01,1.824119180627182535e-01
4.355465380657783797e-02,9.821014105244268988e-01,1.832479510873735729e-01
4.511404464633841926e-02,9.818612738527373596e-01,1.841552656969879243e-01
4.676111186213215837e-02,9.815991181063817850e-01,1.851393252396437428e-01
4.850053351455900497e-02,9.813131132522615596e-01,1.862049193978435879e-01
5.033735133961229208e-02,9.810014906858141037e-01,1.873558814991486410e-01
5.227764411875499700e-02,9.806625069822925145e-01,1.885950564691394049e-01
5.432911274664999068e-02,9.802943960426911962e-01,1.899243128076473774e-01
5.650104667256215796e-02,9.798953651119606256e-01,1.913444672756503540e-01
5.880359382792076095e-02,9.794636035455570600e-01,1.928553517081461055e-01
6.124685531662864280e-02,9.789972245295288644e-01,1.944563114874466592e-01
6.384044815426381803e-02,9.784941165967381282e-01,1.961470391441885175e-01
6.659368622498362811e-02,9.779517676407872839e-01,1.979283231961214418e-01
6.951598034404397886e-02,9.773671408890526324e-01,1.998024033568302771e-01
7.261704437278090896e-02,9.767366320071122487e-01,2.017729331748056576e-01
7.590691229297155673e-02,9.760560838811521700e-01,2.038447001634743072e-01
7.939600952876810225e-02,9.753208206733597896e-01,2.060232278942146222e-01
8.309530672423752484e-02,9.745256853050117130e-01,2.083143266345410805e-01
8.701629833860428931e-02,9.736650997998200774e-01,2.107236039347597234e-01
9.117063034859620996e-02,9.727331764179427687e-01,2.132559111905194815e-01
9.556954285394522741e-02,9.717238700058000722e-01,2.159147585035320338e-01
1.002234507204707165e-01,9.706311145922758010e-01,2.187018502688941046e-01
1.051418027100476521e-01,9.694488917307222398e-01,2.216168938618077455e-01
1.103331086302499625e-01,9.681712439059809716e-01,2.246576230924085260e-01
1.158049761331498839e-01,9.667922982410281918e-01,2.278197962527213349e-01
1.215641187708182136e-01,9.653063239867168965e-01,2.310970919304829452e-01
1.276164108984782775e-01,9.637077543676744185e-01,2.344811630835295924e-01
1.339671011216769514e-01,9.619910998948507652e-01,2.379620548325921681e-01
1.406212415231881396e-01,9.601507879134079104e-01,2.415287372172081892e-01
1.475842314872817529e-01,9.581810075634999979e-01,2.451694339857730942e-01
1.548622434979159967e-01,9.560755374723789446e-01,2.488719594202888630e-01
1.624624178060725677e-01,9.538274964793936883e-01,2.526243649382562961e-01
1.703929928006545080e-01,9.514291386917107518e-01,2.564153311578418193e-01
1.786635428793466873e-01,9.488719354901251624e-01,2.602333346922020563e-01
1.872851265346832383e-01,9.461469344853452590e-01,2.640648779047893302e-01
1.962699661265709383e-01,9.432450306720517874e-01,2.678934723153116870e-01
2.056306971048537102e-01,9.401568672666622550e-01,2.717003521151703516e-01
2.153797455692659513e-01,9.368725256272143476e-01,2.754658525541831549e-01
2.255293054291380717e-01,9.333813315814400990e-01,2.791698806245193065e-01
2.360918447753863891e-01,9.296717985146053520e-01,2.827914211520104470e-01
2.470807803270512193e-01,9.257314587824477803e-01,2.863081455591102720e-01
2.585110707626068205e-01,9.215464769285818258e-01,2.896965949984383060e-01
2.703996053503052166e-01,9.171012025502214282e-01,2.929324797753516951e-01
2.827653125860745686e-01,9.123778226034203742e-01,2.959906870486657127e-01
2.956290544412573662e-01,9.073560928119268620e-01,2.988450819525764746e-01
3.090134146941740934e-01,9.020130462613032973e-01,3.014683630390595503e-01
3.229422222587753355e-01,8.963226468808689340e-01,3.038322461014245635e-01
3.374395072740591361e-01,8.902554560646127602e-01,3.059081592207518185e-01
3.525279715417751203e-01,8.837784080259701858e-01,3.076682544360452298e-01
3.682273712114764175e-01,8.768546970389771156e-01,3.090864658495566242e-01
3.845528042346226250e-01,8.694436730176283712e-01,3.101400332187111974e-01
4.015124943740590036e-01,8.615007455416062720e-01,3.108121334387990986e-01
4.191052755132045893e-01,8.529775663688782261e-01,3.110949040219509465e-01
4.373187990324546304e-01,8.438227955754638021e-01,3.109909286137145790e-01
4.561289277847294654e-01,8.339834380462667340e-01,3.105125219737231435e-01
4.754993614493694953e-01,8.234065364084209859e-01,3.096805338750397429e-01
4.953803452700064613e-01,8.120412072565603712e-01,3.085245391171941298e-01
5.157065724341448609e-01,7.998412041859678245e-01,3.070843194215015504e-01
5.363952340782631723e-01,7.867680844386758521e-01,3.054114178723874584e-01
5.573449265452381507e-01,7.727949568130348945e-01,3.035697408811071640e-01
5.784359327301751286e-01,7.579107823633218777e-01,3.016340791488746897e-01
5.995324919183001589e-01,7.421248400254780719e-01,2.996856902679737589e-01
6.204871759197634340e-01,7.254703562281425988e-01,2.978060220232769395e-01
6.411468046219245265e-01,7.080062334817786018e-01,2.960708500917325070e-01
6.613594975056054093e-01,6.898164350765708663e-01,2.945452443299402812e-01
6.809825468199454113e-01,6.710072028037112890e-01,2.932782036090644251e-01
6.998895776209815844e-01,6.517027594994430073e-01,2.922979514097474585e-01
7.179745933447666539e-01,6.320408146880728273e-01,2.916108569306949949e-01
7.351521038155172105e-01,6.121695319977832339e-01,2.912041351856701210e-01
7.513548811150566609e-01,5.922467877929352698e-01,2.910491109306623247e-01
7.665309669963492611e-01,5.724410775641287641e-01,2.911039150421387278e-01
7.806402322807951544e-01,5.529326920241683929e-01,2.913181522588189076e-01
7.936509733406132971e-01,5.339140455388026174e-01,2.916400598201257521e-01
8.055382429916794207e-01,5.155883930817771743e-01,2.920218279465231492e-01
8.162850496535025702e-01,4.981662311664436515e-01,2.924194313611874763e-01
8.258853529539046390e-01,4.818589894024079001e-01,2.927888285237240651e-01
8.343467645384813336e-01,4.668704395081263447e-01,2.930827003042948964e-01
8.416917933737247948e-01,4.533869820954923302e-01,2.932493298094043799e-01
8.479574636789575237e-01,4.415680802585539300e-01,2.932333035109156993e-01
8.531933038106676026e-01,4.315378319425564602e-01,2.929783028399129963e-01
8.574579974091918189e-01,4.233784885148399457e-01,2.924319376229414513e-01
8.608155874039482569e-01,4.171266234505921489e-01,2.915508608992666284e-01
8.633320712254859419e-01,4.127723436006885405e-01,2.903045420793609610e-01
8.650725470014031249e-01,4.102614621484576007e-01,2.886780578781750761e-01
8.660988041676017657e-01,4.095002691903108505e-01,2.866747127887513957e-01
8.664674842981663350e-01,4.103625358664479972e-01,2.843179343820316229e-01
8.662289039958640524e-01,4.126983243947718871e-01,2.816515203649213595e-01
8.654264058085761047e-01,4.163437998132951123e-01,2.787381862721299286e-01
8.640962427902885157e-01,4.211308870203657739e-01,2.756564151133555907e-01
8.622680498893898760e-01,4.268958249108180114e-01,2.724954399869122801e-01
8.599653155504509705e-01,4.334862794105382444e-01,2.693497755948981442e-01
8.572049767195184522e-01,4.407668248107762810e-01,2.663160416375931483e-01
8.539966003849224219e-01,4.486220067569743342e-01,2.634921281259466896e-01
8.503432975768886459e-01,4.569559833985636366e-01,2.609741471914692745e-01
8.462457627448315423e-01,4.656890874025104710e-01,2.588470260803382161e-01
8.417076651520867259e-01,4.747536870732810832e-01,2.571714273292186048e-01
8.367387913600722316e-01,4.840919185419800819e-01,2.559750172099428678e-01
8.313545659634796747e-01,4.936553501960873613e-01,2.552527783873319578e-01
8.255742711760610808e-01,5.034042462387765537e-01,2.549731116037232126e-01
8.194204109343801168e-01,5.133051696436974343e-01,2.550842859942304974e-01
8.129179575334880559e-01,5.233289667017207991e-01,2.555214020987111589e-01
8.060903969141174352e-01,5.334517258328358436e-01,2.562177359372483920e-01
7.989531222070842542e-01,5.436576198654692327e-01,2.571192347487151197e-01
7.915091049617601904e-01,5.539396431480068106e-01,2.581941295066415010e-01
7.837503383792945311e-01,5.642964981176391559e-01,2.594318201426157877e-01
7.756630017148399281e-01,5.747281505474330920e-01,2.608341632897253626e-01
7.672320263189288392e-01,5.852330957153782931e-01,2.624066338146683330e-01
7.584435200000537725e-01,5.958074839719799121e-01,2.641531166064620684e-01
7.492861944271880237e-01,6.064447049014416447e-01,2.660733333835344494e-01
7.397528921918423706e-01,6.171349401142804947e-01,2.681606313088254478e-01
7.298428306123756482e-01,6.278648154336690101e-01,2.703982546988054070e-01
7.195647465334664705e-01,6.386171120846572125e-01,2.727540278325518708e-01
7.089389366516406499e-01,6.493711924930185564e-01,2.751774672087742291e-01
6.979946083928643130e-01,6.601053779271831567e-01,2.776047850562060604e-01
6.867621752724023532e-01,6.708008822066617860e-01,2.799712325327056717e-01
6.752651927244147645e-01,6.814448145344551566e-01,2.822231107456672494e-01
6.635164894545686476e-01,6.920304614074967997e-01,2.843232468617585273e-01
6.515184808724848731e-01,7.025555060921846451e-01,2.862506418179073808e-01
6.392658307379874838e-01,7.130196447866493648e-01,2.879968468563349759e-01
6.267502834735219075e-01,7.234222307200735003e-01,2.895589029297024886e-01
6.139667916519707669e-01,7.337604484264237392e-01,2.909302030962735985e-01
6.009170726364014836e-01,7.440288744127250276e-01,2.920953711619392323e-01
5.876078888897078301e-01,7.542203755664546039e-01,2.930334349438246666e-01
5.740467714990002968e-01,7.643269656408580026e-01,2.937253712667896588e-01
5.602398706537723427e-01,7.743396255099793679e-01,2.941588545240636510e-01
5.461925598276395899e-01,7.842476498355276382e-01,2.943285771317185051e-01
5.319099699663157876e-01,7.940385138163058576e-01,2.942356579798332539e-01
5.173962476530233889e-01,8.036983042009719913e-01,2.938880037345061313e-01
5.026540860761828933e-01,8.132121107509472369e-01,2.933000727563949694e-01
4.876856033189392869e-01,8.225640874692252691e-01,2.924911525522831957e-01
4.724937057017860043e-01,8.317373420438657350e-01,2.914836048939966062e-01
4.570829410548426508e-01,8.407139142325928960e-01,2.903020830313962075e-01
4.414598651910533467e-01,8.494751236442287246e-01,2.889726660691617210e-01
4.256330107981124988e-01,8.580024919501119118e-01,2.875208930257625028e-01
4.096120435339962174e-01,8.662790010888951064e-01,2.859696943110049405e-01
3.934061132917159309e-01,8.742899763449518691e-01,2.843390006443876628e-01
3.770224288881557362e-01,8.820230801751944849e-01,2.826470841058474348e-01
3.604661596625639564e-01,8.894676688432432421e-01,2.809117545078694822e-01
3.437415916860507292e-01,8.966141546425945297e-01,2.791500955394534689e-01
3.268533810584730026e-01,9.034535911005360242e-01,2.773778578369047176e-01
3.098069613495443297e-01,9.099771998997838729e-01,2.756104902972864590e-01
2.926082943771926570e-01,9.161757678746063061e-01,2.738655663296238330e-01
2.752637618787158735e-01,9.220393418295795840e-01,2.721641297358142197e-01
2.577803683765838572e-01,9.275574936849619867e-01,2.705298090571617298e-01
2.401654950477013495e-01,9.327197195105015881e-01,2.689878432657202834e-01
2.224256340830949863e-01,9.375153397719556692e-01,2.675664870551013319e-01
2.045648596760954729e-01,9.419329600574174455e-01,2.662996750714706207e-01
1.865846710162634148e-01,9.459602145369946369e-01,2.652271348389451111e-01
1.684859692581796853e-01,9.495842895087730495e-01,2.643901573078133449e-01
1.502719948005697692e-01,9.527929621222239742e-01,2.638255084502174608e-01
1.319501670914338953e-01,9.555755126427798452e-01,2.635613648508279838e-01
1.135320632595534229e-01,9.579231725502818096e-01,2.636165133356246359e-01
9.503283712629739810e-02,9.598292978210543058e-01,2.640009070288743542e-01
7.647169765706883504e-02,9.612896579551311049e-01,2.647154566056785785e-01
5.787314542486914071e-02,9.623029333878674318e-01,2.657513187770431662e-01
3.926697667964996336e-02,9.628710436078758983e-01,2.670907297603563602e-01
2.068597978220030470e-02,9.629988931502790894e-01,2.687102938701600996e-01
2.162734663384136610e-03,9.626936969879951178e-01,2.705848635056330442e-01
-1.627218075520211679e-02,9.619645247094813501e-01,2.726893275028044461e-01
-3.458991309492118887e-02,9.608223427642939019e-01,2.749981155517607911e-01
-5.276213917157532990e-02,9.592800673329500150e-01,2.774849709222648730e-01
-7.076008791095357575e-02,9.573521049634561297e-01,2.801248955035479660e-01
-8.855389830860650735e-02,9.550536592778525735e-01,2.828970042159027476e-01
-1.061121001272927050e-01,9.524005183511763395e-01,2.857857149176389333e-01
-1.234013009635965691e-01,9.494094212460856275e-01,2.887799677430287759e-01
-1.403861620760941398e-01,9.460983499293692534e-01,2.918726396195256423e-01
-1.570294429810915326e-01,9.424863195634456403e-01,2.950615045593013575e-01
-1.732917941486605828e-01,9.385930944324645253e-01,2.983503932701092598e-01
-1.891310754868845423e-01,9.344395432023649972e-01,3.017485317030225711e-01
-2.045011863091688586e-01,9.300487870120162093e-01,3.052679455423052968e-01
-2.193508102677318439e-01,9.254477486000822761e-01,3.089201946230262785e-01
-2.336226905459999892e-01,9.206688293214940755e-01,3.127128797760616585e-01
-2.472535096284882994e-01,9.157518376490247913e-01,3.166453439083375399e-01
-2.601738232051937216e-01,9.107461986988819591e-01,3.207038248514184064e-01
-2.723079301258300444e-01,9.057128256899090735e-01,3.248579205920434365e-01
-2.835744891659039979e-01,9.007246207333131638e-01,3.290602782152926564e-01
-2.938884737263647295e-01,8.958650283135917158e-01,3.332497802782103946e-01
-3.031638135608238915e-01,8.912249805400653813e-01,3.373569863047422568e-01
-3.113156746355019711e-01,8.868990528090848757e-01,3.413101534566327921e-01
-3.182622983371368730e-01,8.829815208336785348e-01,3.450402053723702900e-01
-3.239270887690549605e-01,8.795627007538359132e-01,3.484834237151356318e-01
-3.282412372489890151e-01,8.767254837715566795e-01,3.515823036996927886e-01
-3.311465215640069237e-01,8.745413233181320578e-01,3.542872493684033341e-01
-3.325979112012994454e-01,8.730649860522152750e-01,3.565615789652296086e-01
-3.325658965720443283e-01,8.723287724177007929e-01,3.583886678585965768e-01
-3.310385681953229575e-01,8.723382334180858066e-01,3.597769765899476169e-01
-3.280235395278568999e-01,8.730707641785001583e-01,3.607603058159059572e-01
-3.235498091734278492e-01,8.744766183247357771e-01,3.613947495290609213e-01
-3.176692973021136845e-01,8.764813652896346063e-01,3.617549361813872655e-01
-3.104574015659826158e-01,8.789898918017308160e-01,3.619295123684717619e-01
-3.020122227982778851e-01,8.818925524909212443e-01,3.620140095928486845e-01
-2.924529234279190648e-01,8.850731219013137085e-01,3.621006164953686213e-01
-2.819179654287662373e-01,8.884173921457696466e-01,3.622661978454720377e-01
-2.705633478242464585e-01,8.918216316915298369e-01,3.625598599696234769e-01
-2.585601340872244469e-01,8.952004783073767014e-01,3.629914058198080440e-01
-2.460902068992089076e-01,8.984930967963975501e-01,3.635240914678474211e-01
-2.333394267926125754e-01,9.016656837466180408e-01,3.640765120930471443e-01
-2.204882300354882585e-01,9.047093743051322079e-01,3.645351676590806167e-01
-2.077010425284512019e-01,9.076349122824224347e-01,3.647727277890628339e-01
-1.951169348078854726e-01,9.104666872341209416e-01,3.646639455554946396e-01
-1.828438882335614024e-01,9.132375850333761536e-01,3.640950779920539837e-01
-1.709580214438367329e-01,9.159841989231587434e-01,3.629687345035489954e-01
-1.595078121511441793e-01,9.187417359679386220e-01,3.612075310031258035e-01
-1.485220148047530775e-01,9.215392014751987437e-01,3.587571759042456065e-01
-1.380188601607486298e-01,9.243958716984125301e-01,3.555883387104527005e-01
-1.280139595207593073e-01,9.273190918747514777e-01,3.516983480376378313e-01
-1.185252871015141096e-01,9.303029580152427647e-01,3.471140484417090111e-01
-1.095745528935664764e-01,9.333284260796567144e-01,3.418939403233782204e-01
-1.011845502031422511e-01,9.363661032227654779e-01,3.361252854749268715e-01
-9.337284786418771632e-02,9.393817658356174993e-01,3.299142453688357901e-01
-8.614424126304209839e-02,9.423426734221137524e-01,3.233720079797854363e-01
-7.948578100568226557e-02,9.452222520025804764e-01,3.166021240249141111e-01
-7.336687373014860736e-02,9.480019332377715990e-01,3.096928097591415963e-01
-6.774399590280567873e-02,9.506703536575619173e-01,3.027154269206091541e-01
-6.256783623158540530e-02,9.532208357465203896e-01,2.957284297594717226e-01
-5.779073950605461557e-02,9.556483704977833948e-01,2.887843873762480085e-01
-5.337236739229622023e-02,9.579475270929262987e-01,2.819360312827879356e-01
-4.928134935854947690e-02,9.601124154311693193e-01,2.752371674398759183e-01
-4.549242893958294065e-02,9.621385281455138161e-01,2.687375886755725696e-01
-4.198189357334985300e-02,9.640247853130696765e-01,2.624761587536778018e-01
-3.872487916277842640e-02,9.657741800533700127e-01,2.564773223426763948e-01
-3.569485769686117638e-02,9.673932574744128488e-01,2.507511964618417966e-01
-3.286274001058417382e-02,9.688918697162348659e-01,2.452928558209049870e-01
-3.019456940299341738e-02,9.702836223234602153e-01,2.400791124388637343e-01
-2.764964352214255641e-02,9.715860233736900442e-01,2.350661532377596730e-01
-2.518015369453439553e-02,9.728198730135511063e-01,2.301900400317479500e-01
-2.273111679093576393e-02,9.740085846673820491e-01,2.253676403649828852e-01
-2.024126881345439735e-02,9.751771492988526857e-01,2.204990215900839989e-01
-1.765070333374084768e-02,9.763482136377589216e-01,2.154822925397378297e-01
