-2.803673812044873981e-01,-2.157001407534112347e-01,9.353435629946337260e-01
-2.808512211883909537e-01,-2.172728536502190611e-01,9.348342626496314312e-01
-2.813548822437978991e-01,-2.188683844156406599e-01,9.343104733121994077e-01
-2.818799305995064453e-01,-2.204804021825206295e-01,9.337730436131959078e-01
-2.824289220707225656e-01,-2.221028316702733096e-01,9.332225008764073459e-01
-2.830055020929447829e-01,-2.237306256165956519e-01,9.326588298763524021e-01
-2.836150058619034131e-01,-2.253599853732798086e-01,9.320812225565473508e-01
-2.842654893897481605e-01,-2.269872946589359952e-01,9.314880029315590892e-01
-2.849687558796907827e-01,-2.286077422566203943e-01,9.308766343359961004e-01
-2.857407633976606909e-01,-2.302144938995613621e-01,9.302437868276740573e-01
-2.866013936640004478e-01,-2.317983523577565874e-01,9.295854801975350634e-01
-2.875742946964723323e-01,-2.333476008368927934e-01,9.288971537331205397e-01
-2.886870253059903302e-01,-2.348478145229482283e-01,9.281736396999072936e-01
-2.899705386292869558e-01,-2.362814544900770086e-01,9.274093815522326256e-01
-2.914573003788767380e-01,-2.376272862173887668e-01,9.265991122922665468e-01
-2.931791182124238726e-01,-2.388598443924410120e-01,9.257386128821700755e-01
-2.951662240644434276e-01,-2.399489584232140649e-01,9.248250632001456806e-01
-2.974471492311936416e-01,-2.408592514004111729e-01,9.238571396212021947e-01
-3.000475213269636621e-01,-2.415498297689696039e-01,9.228353941435748498e-01
-3.029875630922591601e-01,-2.419744667546846195e-01,9.217629272487585235e-01
-3.062802030132111830e-01,-2.420822105196663021e-01,9.206457736785077506e-01
-3.099308262703805994e-01,-2.418181947448125313e-01,9.194927099317965480e-01
-3.139374302601899980e-01,-2.411246236836409040e-01,9.183148728704392250e-01
-3.182901649672405520e-01,-2.399417277550528194e-01,9.171255847303828590e-01
-3.229711729714144774e-01,-2.382080864411452448e-01,9.159402431291664426e-01
-3.279554455981404382e-01,-2.358602571616641164e-01,9.147760189216587179e-01
-3.332113143893883911e-01,-2.328330314824239022e-01,9.136514649545530720e-01
-3.386991923199077492e-01,-2.290619129826118039e-01,9.125861587502784866e-01
-3.443697214111175464e-01,-2.244876665482168632e-01,9.116001220617325762e-01
-3.501635074523920532e-01,-2.190610452059623681e-01,9.107127848679350546e-01
-3.560125346905694266e-01,-2.127462945008025963e-01,9.099418054575653114e-01
-3.618415673267814103e-01,-2.055239016211936887e-01,9.093022632859218968e-01
-3.675689840187703616e-01,-1.973936868705127301e-01,9.088062358781848760e-01
-3.731084570809322654e-01,-1.883781262109960053e-01,9.084623056681659925e-01
-3.783726117701140534e-01,-1.785246184327392294e-01,9.082748082357604558e-01
-3.832778985348263001e-01,-1.679057623030825730e-01,9.082431984221782661e-01
-3.877492694336198698e-01,-1.566179111428311621e-01,9.083618959219669220e-01
-3.917244013542564018e-01,-1.447786383265045052e-01,9.086204594152460512e-01
-3.951577016442005541e-01,-1.325228110685269245e-01,9.090039028396789123e-01
-3.980230672313028739e-01,-1.199961690926069635e-01,9.094935719150983866e-01
-4.003138714478947091e-01,-1.073461295462896647e-01,9.100690154036832347e-01
-4.020408296697549622e-01,-9.471136709430212630e-02,9.107101230477145926e-01
-4.032304830130771789e-01,-8.221261591831255378e-02,9.113979719929754530e-01
-4.039255381820784918e-01,-6.994652217732806598e-02,9.121138326106094096e-01
-4.041850252612984584e-01,-5.798325726954211418e-02,9.128375579646892390e-01
-4.040817565005971335e-01,-4.636764813649580513e-02,9.135469201248955784e-01
-4.036970235396931117e-01,-3.512277334277242452e-02,9.142183021455568825e-01
-4.031139395082781185e-01,-2.425464693978254815e-02,9.148283248106950927e-01
-4.024099867049529267e-01,-1.375701298497253658e-02,9.153561859701669912e-01
-4.016487760451286082e-01,-3.615807717818628284e-03,9.157866490815412819e-01
-4.008722525511653201e-01,6.186945340611607613e-03,9.161130709917345571e-01
-4.000957111242469111e-01,1.566988306371206244e-02,9.163393894757295710e-01
-3.993070621271718745e-01,2.484969795243924251e-02,9.164804213113553200e-01
-3.984697247098414330e-01,3.373947510720587406e-02,9.165607051958716278e-01
-3.975278368191784706e-01,4.234821816236174208e-02,9.166123757468790378e-01
-3.964137359194084831e-01,5.068095155285883696e-02,9.166720193854038801e-01
-3.950583482364655730e-01,5.873858834998497980e-02,9.167762429989809725e-01
-3.934031532971922762e-01,6.651818854412840099e-02,9.169565363574401218e-01
-3.914100061406433628e-01,7.401494158431509707e-02,9.172349729023920872e-01
-3.890661038143967687e-01,8.122502941372129748e-02,9.176219599919266390e-01
-3.863849737742453549e-01,8.814624021539883836e-02,9.181159471316054921e-01
-3.834059414556885148e-01,9.477488165364163220e-02,9.187043081775635445e-01
-3.801927747653804368e-01,1.011015131870931921e-01,9.193649645529682335e-01
-3.768304978621233592e-01,1.071089555520981229e-01,9.200687189126270926e-01
-3.734198175501981520e-01,1.127732510960059026e-01,9.207821858061839837e-01
-3.700696550980596689e-01,1.180660259538168499e-01,9.214710325838114668e-01
-3.668888162139237741e-01,1.229568622896045904e-01,9.221031431206819784e-01
-3.639784624737348318e-01,1.274146877074762430e-01,9.226511671328782027e-01
-3.614269890221144532e-01,1.314074516077832488e-01,9.230940435667193134e-01
-3.593069593399802475e-01,1.349012205873526826e-01,9.234176572136251204e-01
-3.576720511589766560e-01,1.378616242098644473e-01,9.236151126903178188e-01
-3.565534771116478097e-01,1.402585982154742061e-01,9.236867128990348119e-01
-3.559581773500519186e-01,1.420712510491947689e-01,9.236392886852234918e-01
-3.558709477007834243e-01,1.432892166642288911e-01,9.234847421426614078e-01
-3.562598602186552443e-01,1.439106135682984566e-01,9.232381314153896845e-01
-3.570827409921465967e-01,1.439392203921725510e-01,9.229157149590795362e-01
-3.582929449494080543e-01,1.433823764795854327e-01,9.225332837976886191e-01
-3.598431077004696776e-01,1.422497517872995942e-01,9.221051707679118747e-01
-3.616861151716097567e-01,1.405531498333107143e-01,9.216441646123539888e-01
-3.637747188762496253e-01,1.383068145085949441e-01,9.211618636086660317e-01
-3.660629089857840857e-01,1.355265805260051359e-01,9.206685031192247681e-01
-3.685097716933680156e-01,1.322276479184747444e-01,9.201719389833890039e-01
-3.710820898973664628e-01,1.284236707318307247e-01,9.196768146219437279e-01
-3.737517280462709368e-01,1.241293709282639268e-01,9.191852615525227810e-01
-3.764892326972722469e-01,1.193649265854397068e-01,9.186990105384198468e-01
-3.792594797249631000e-01,1.141585320800089787e-01,9.182211479769389895e-01
-3.820228443559801623e-01,1.085459827786473680e-01,9.177561310134538797e-01
-3.847393907097544363e-01,1.025686500946559471e-01,9.173087120779169767e-01
-3.873715979938910925e-01,9.627085432185022995e-02,9.168833991712361797e-01
-3.898847850150098382e-01,8.969686690138901908e-02,9.164847660937274210e-01
-3.922477220211001425e-01,8.288854129694436801e-02,9.161174675176336768e-01
-3.944345436393744686e-01,7.588473296767458964e-02,9.157853995813773906e-01
-3.964261077959488344e-01,6.872192868114530839e-02,9.154909270856256276e-01
-3.982093019598884065e-01,6.143446860965135620e-02,9.152350287763619807e-01
-3.997755364023027891e-01,5.405414397593941156e-02,9.150178522921176283e-01
-4.011202740720012927e-01,4.661041259702141532e-02,9.148387809695968098e-01
-4.022433875415130089e-01,3.913165992071009763e-02,9.146961082080639072e-01
-4.031490558717521488e-01,3.164618744269113298e-02,9.145869874265962762e-01
-4.038451733217902628e-01,2.418132067336060953e-02,9.145077034750364042e-01
-4.043431015659382233e-01,1.676045687711307311e-02,9.144537950609138433e-01
-4.046574571105597817e-01,9.399879307859064503e-03,9.144200263958642827e-01
-4.048047760796925076e-01,2.108174847694016963e-03,9.144007047579751912e-01
-4.048013523084867393e-01,-5.110721292763366862e-03,9.143903683313205910e-01
-4.046623050463911686e-01,-1.225380876232032290e-02,9.143840894533096231e-01
-4.044029868996075749e-01,-1.931900000091685624e-02,9.143768372097142993e-01
-4.040410643633350896e-01,-2.630902075032596349e-02,9.143624301858109815e-01
-4.035967363333493596e-01,-3.323452599890552861e-02,9.143331672332012383e-01
-4.030907600061577334e-01,-4.011278429021764014e-02,9.142804841700080676e-01
-4.025421887406208099e-01,-4.696380773627385763e-02,9.141959237749972544e-01
-4.019672797429103550e-01,-5.380810573058653762e-02,9.140716568047446700e-01
-4.013791572176819700e-01,-6.066714857680055584e-02,9.139005795133207100e-01
-4.007872486873227946e-01,-6.756454200125561194e-02,9.136764273821484927e-01
-4.001963935585989840e-01,-7.452625977914824340e-02,9.133940459549875213e-01
-3.996061033295689180e-01,-8.157961645008203477e-02,9.130496855930761990e-01
-3.990102447336802416e-01,-8.875101889548749068e-02,9.126412664582845835e-01
-3.983971917091658765e-01,-9.606329146738705471e-02,9.121685818261346945e-01
-3.977503192980992308e-01,-1.035344689846347394e-01,9.116333129226518173e-01
-3.970483581710521626e-01,-1.111789017213103692e-01,9.110388867033695215e-01
-3.962652652791795460e-01,-1.190087842410488678e-01,9.103904375632956292e-01
-3.953700987790036980e-01,-1.270338054678757933e-01,9.096949473641320338e-01
-3.943274854767942483e-01,-1.352594684163967442e-01,9.089613360321011637e-01
-3.930980698404999973e-01,-1.436865919689856164e-01,9.082004573749188348e-01
-3.916379945585856115e-01,-1.523127734794078036e-01,9.074252036686769607e-01
-3.898984496617200479e-01,-1.611338786508850207e-01,9.066504685391769680e-01
-3.878279703053231775e-01,-1.701437303638996812e-01,9.058921439480033255e-01
-3.853781556812165832e-01,-1.793325507970122690e-01,9.051649094769311787e-01
-3.825095809145290793e-01,-1.886859913939776257e-01,9.044799705688696401e-01
-3.791939481122267308e-01,-1.981855450618232040e-01,9.038442561877626513e-01
-3.754121089250768151e-01,-2.078097482011367070e-01,9.032612340984231825e-01
-3.711510206649777932e-01,-2.175355654003934269e-01,9.027320741201545484e-01
-3.664022093088065701e-01,-2.273399041351900074e-01,9.022560551204010793e-01
-3.611615211899363298e-01,-2.372009668922093195e-01,9.018303925446138347e-01
-3.554286896567226406e-01,-2.470986967216096397e-01,9.014503206762904952e-01
-3.492063341532757326e-01,-2.570141642477284938e-01,9.011096800963089848e-01
-3.424992145962265089e-01,-2.669286794551604114e-01,9.008015142556613508e-01
-3.353143361618651230e-01,-2.768231478269200796e-01,9.005183178545136391e-01
-3.276615660310647216e-01,-2.866773549792150377e-01,9.002521826067357846e-01
-3.195540764866328654e-01,-2.964692632069464429e-01,8.999950934167950667e-01
-3.110083753792763361e-01,-3.061754393759074100e-01,8.997390681563811610e-01
-3.020442828021045467e-01,-3.157731085593445952e-01,8.994757334899762258e-01
-2.926853874575452430e-01,-3.252423173838506765e-01,8.991955843706135321e-01
-2.829602107755758156e-01,-3.345662142351450985e-01,8.988876277990506258e-01
-2.729039095216990174e-01,-3.437294206517796380e-01,8.985396716596124600e-01
-2.625601400356066817e-01,-3.527163384434860993e-01,8.981388297248387165e-01
-2.519824483806039073e-01,-3.615108966489470332e-01,8.976718316356989691e-01
-2.412341772710554777e-01,-3.700975229875063666e-01,8.971253508818426425e-01
-2.303862716331419036e-01,-3.784618946090592129e-01,8.964868990520171721e-01
-2.195140523563728630e-01,-3.865901084652044184e-01,8.957464311148244374e-01
-2.086953977585717934e-01,-3.944661704437307792e-01,8.948981346107773849e-01
-1.980116343894826603e-01,-4.020692153069849173e-01,8.939416864364426729e-01
-1.875495964317772934e-01,-4.093721354259591272e-01,8.928827490858290972e-01
-1.774021431820480277e-01,-4.163418716167245348e-01,8.917331021853449613e-01
-1.676662425762318609e-01,-4.229401827139638304e-01,8.905108831149943782e-01
-1.584400234170402766e-01,-4.291240409455687743e-01,8.892408652677595837e-01
-1.498204065667606000e-01,-4.348462746881163188e-01,8.879541447428678236e-01
-1.419015626160002597e-01,-4.400575839176169568e-01,8.866866804930175761e-01
-1.347734210111925790e-01,-4.447098876639306586e-01,8.854768437417626092e-01
-1.285194907018728239e-01,-4.487595576290766552e-01,8.843628214405480081e-01
-1.232139528428406877e-01,-4.521690519278395715e-01,8.833807051908711960e-01
-1.189187286174984703e-01,-4.549068924216055909e-01,8.825633434554799317e-01
-1.156812929753753827e-01,-4.569475260830930807e-01,8.819392251522132353e-01
-1.135332248710305275e-01,-4.582728210963401549e-01,8.815306167653996772e-01
-1.124888549249173364e-01,-4.588754152933270936e-01,8.813510144982290573e-01
-1.125437908700808315e-01,-4.587623507798235800e-01,8.814028594482558043e-01
-1.136738504620849188e-01,-4.579572908359245687e-01,8.816764573761420865e-01
-1.158347958223101132e-01,-4.565009841197071871e-01,8.821502998778284477e-01
-1.189625687230056184e-01,-4.544504051406541012e-01,8.827925784182372171e-01
-1.229736987433888845e-01,-4.518762487895210400e-01,8.835639904371844766e-01
-1.277661235066969159e-01,-4.488579853071878456e-01,8.844220297516585116e-01
-1.332205751702346119e-01,-4.454768450703139315e-01,8.853263007826613906e-01
-1.392018265483851713e-01,-4.418080853313161027e-01,8.862440223896969060e-01
-1.455590858700833434e-01,-4.379127499891456443e-01,8.871555533938846327e-01
-1.521266733702142659e-01,-4.338279709416768548e-01,8.880601144505588795e-01
-1.587280135094860378e-01,-4.295571242584341198e-01,8.889803680206648240e-01
-1.651849963259660048e-01,-4.250652576395117510e-01,8.899626080553306728e-01
-1.713309195893750192e-01,-4.202851969420934308e-01,8.910701819856866601e-01
-1.770224101781817660e-01,-4.151334496284641573e-01,8.923717192371568574e-01
-1.821470130740515947e-01,-4.095281148590367848e-01,8.939290736787818270e-01
-1.866265620145746429e-01,-4.034007232524307041e-01,8.957892513476793939e-01
-1.904178440744300205e-01,-3.967003490328680493e-01,8.979810007651869430e-01
-1.935109749638286580e-01,-3.893943065931999570e-01,9.005140623895605545e-01
-1.959253414996031950e-01,-3.814697392917796859e-01,9.033792661794520784e-01
-1.977040890284281205e-01,-3.729368649042794082e-01,9.065490543687124703e-01
-1.989088220593614453e-01,-3.638329998576845803e-01,9.099784770649882448e-01
-1.996151507106916356e-01,-3.542267835537151188e-01,9.136066863918724801e-01
-1.999084010655700350e-01,-3.442206541453184387e-01,9.173596745242164063e-01
-1.998787010282910837e-01,-3.339475346136049350e-01,9.211555509254331087e-01
-1.996154021388057975e-01,-3.235594916362001250e-01,9.249123994201216004e-01
-1.992014881435911766e-01,-3.132112697827250103e-01,9.285566582618810516e-01
-1.987089258228059430e-01,-3.030442743595821442e-01,9.320294687273685819e-01
-1.981957759286006870e-01,-2.931750415214572913e-01,9.352897034785274677e-01
-1.977053884697090591e-01,-2.836902400068826435e-01,9.383136080729506112e-01
-1.972675172797131449e-01,-2.746489294799814851e-01,9.410916491829041108e-01
-1.969008945490907658e-01,-2.660898498230186981e-01,9.436239873736418371e-01
-1.966165344754548794e-01,-2.580385796342368754e-01,9.459165025472427990e-01
-1.964208019965987262e-01,-2.505110319585343581e-01,9.479784234939544474e-01
-1.963174217502702545e-01,-2.435144667793496254e-01,9.498211275742900472e-01
-1.963081690429728243e-01,-2.370485720415018149e-01,9.514573438993890742e-01
-1.963925801483793199e-01,-2.311064271145565618e-01,9.529007156094525532e-01
-1.965672814717661920e-01,-2.256740237766237944e-01,9.541658864407526197e-01
-1.968254156722449022e-01,-2.207293175335801605e-01,9.552687182812007460e-01
-1.971563525912422010e-01,-2.162428884562764830e-01,9.562261164729837226e-01
-1.975457814858355421e-01,-2.121800385538008815e-01,9.570555341548671047e-01
-1.979764714967305883e-01,-2.085024785556271187e-01,9.577745210485945071e-01
-1.984299646102476444e-01,-2.051693893274081082e-01,9.584002665002729904e-01
-1.988888572717746051e-01,-2.021395032363409727e-01,9.589488222446977961e-01
-1.993386938999154034e-01,-1.993745922708079210e-01,9.594341337846620243e-01
-1.997686671033672423e-01,-1.968423586342799569e-01,9.598674728789582389e-01
-2.001711206710572732e-01,-1.945171613879610184e-01,9.602575677259007625e-01
-2.005404004784252792e-01,-1.923797986889972667e-01,9.606110351397874059e-01
-2.008716504366161448e-01,-1.904183560858686841e-01,9.609325833358057789e-01
-2.011601199945412810e-01,-1.886293903171065156e-01,9.612250304857745675e-01
-2.014014240243925946e-01,-1.870164753631461951e-01,9.614896277878886011e-01
-2.015926091486060501e-01,-1.855852298917743393e-01,9.617268543524583047e-01
-2.017331869863455973e-01,-1.843379667690167867e-01,9.619372304240005889e-01
-2.018253645673709074e-01,-1.832715910682493621e-01,9.621216379047714540e-01
-2.018735220480107617e-01,-1.823787990345613619e-01,9.622811724016232526e-01
-2.018835448922543518e-01,-1.816499313596151299e-01,9.624169245907847614e-01
-2.018623729727469507e-01,-1.810738783298120602e-01,9.625299127634485696e-01
-2.018176681387271465e-01,-1.806385579058218116e-01,9.626210782154897005e-01
-2.017574712317190821e-01,-1.803316344876145783e-01,9.626912404323659800e-01
-2.016899303974007129e-01,-1.801411572073791934e-01,9.627410531686482198e-01
-2.016231501915090596e-01,-1.800557410742781861e-01,9.627710192008505086e-01
-2.015649844405938695e-01,-1.800645841124278168e-01,9.627815445862480948e-01
-2.015225891282234894e-01,-1.801577303553038856e-01,9.627729941498581745e-01
-2.015018418225056340e-01,-1.803265440218892179e-01,9.627457324045948228e-01
-2.015069415232872974e-01,-1.805640952804544175e-01,9.627001402375930939e-01
-2.015403543767438910e-01,-1.808652504960067409e-01,9.626366119781197828e-01
-2.016029882841340326e-01,-1.812265023571320022e-01,9.625555516219869157e-01
-2.016944397024757196e-01,-1.816457633187889276e-01,9.624573599185778372e-01
-2.018133371505080875e-01,-1.821221835413020240e-01,9.623423960370465213e-01
-2.019578652912725758e-01,-1.826556267012473533e-01,9.622109657873197941e-01
-2.021263865108548496e-01,-1.832455371846909986e-01,9.620634059031445418e-01
-2.023179428957171677e-01,-1.838898482510526455e-01,9.619001890490770368e-01
-2.025325020405236431e-01,-1.845851094288464556e-01,9.617218532373827955e-01
-2.027709832155712710e-01,-1.853280413768966794e-01,9.615287023512057996e-01
-2.030351973109413566e-01,-1.861172457957185888e-01,9.613204873871790124e-01
-2.033278201690201237e-01,-1.869537239733313483e-01,9.610963024784862085e-01
-2.036523982379493392e-01,-1.878402153424373611e-01,9.608546998334547284e-01
-2.040132229399513608e-01,-1.887803031203997839e-01,9.605938798573638859e-01
-2.044149215387167651e-01,-1.897777817285958846e-01,9.603118938212176214e-01
-2.048618922628522854e-01,-1.908359949837018787e-01,9.600068896195818047e-01
-2.053579328212520871e-01,-1.919569041060891212e-01,9.596773762017044573e-01
-2.059061943463024180e-01,-1.931402196433605334e-01,9.593224143560585837e-01
-2.065091471319542848e-01,-1.943830983598860696e-01,9.589416995953631284e-01
-2.071682020565676907e-01,-1.956804785222016618e-01,9.585355947391684950e-01
-2.078831507028016945e-01,-1.970255991711912791e-01,9.581051659004398147e-01
-2.086520383176746207e-01,-1.984100840001691013e-01,9.576522153020508021e-01
-2.094718493756886069e-01,-1.998233514533087063e-01,9.571792792017054241e-01
-2.103396790778412351e-01,-2.012518269020229511e-01,9.566895638471389907e-01
-2.112536595979219167e-01,-2.026788078029224949e-01,9.561867977409390651e-01
-2.122132011818043396e-01,-2.040853686294532288e-01,9.556750072883308800e-01
-2.132187152831419852e-01,-2.054518349654349541e-01,9.551582711584201135e-01
-2.142712717993735250e-01,-2.067590510143859084e-01,9.546405171084609842e-01
-2.153724149329953041e-01,-2.079891335449832457e-01,9.541253812854666450e-01
-2.165240135704268598e-01,-2.091259813871865769e-01,9.536161048641111915e-01
-2.177280071489456903e-01,-2.101559357160603936e-01,9.531154167183824022e-01
-2.189861736097767353e-01,-2.110687040880400434e-01,9.526253502412918017e-01
-2.203001354104525966e-01,-2.118582456540284709e-01,9.521470128538626065e-01
-2.216715769538956105e-01,-2.125231403738776503e-01,9.516804226085552321e-01
-2.231024731880529854e-01,-2.130664250127888570e-01,9.512244661433196802e-01
-2.245952858555805010e-01,-2.134956171871244812e-01,9.507768292366716167e-01
-2.261531950068158825e-01,-2.138234519372285147e-01,9.503337644164058240e-01
-2.277801809996752580e-01,-2.140684549800102865e-01,9.498899334797830107e-01
-2.294806130596158678e-01,-2.142536783177838022e-01,9.494387866298081846e-01
-2.312584313478027176e-01,-2.144032834187604986e-01,9.489735349259262875e-01
-2.331165107193380603e-01,-2.145387730123361758e-01,9.484881693012316983e-01
-2.350565038799307116e-01,-2.146768849681834346e-01,9.479779929112814862e-01
-2.370786887375408991e-01,-2.148294298322856455e-01,9.474397138733543500e-01
-2.391812690788933660e-01,-2.150040876751530827e-01,9.468714605503669723e-01
-2.413594088141455818e-01,-2.152054761673391214e-01,9.462728141527025905e-01
-2.436048582028932374e-01,-2.154363500598926451e-01,9.456446754108118746e-01
-2.459065511317432839e-01,-2.156986327505822920e-01,9.449889247710900886e-01
-2.482516923643286466e-01,-2.159938697755845183e-01,9.443080776195947879e-01
-2.506266765000642605e-01,-2.163231991364976958e-01,9.436050776367639337e-01
-2.530176697073510117e-01,-2.166872979709199287e-01,9.428831707660941808e-01
-2.554110033584371942e-01,-2.170864363802990915e-01,9.421457947171121283e-01
-2.577933158966091431e-01,-2.175204143672059554e-01,9.413965559808206152e-01
-2.601511457787977766e-01,-2.179883925416419010e-01,9.406393793941915105e-01
-2.624699462005170569e-01,-2.184889745513305392e-01,9.398787662996784809e-01
-2.647330449404435848e-01,-2.190207187927012966e-01,9.391199815018790309e-01
-2.669212836365750241e-01,-2.195828025929367766e-01,9.383690218390814408e-01
-2.690137123529890428e-01,-2.201754708860766407e-01,9.376323291067547583e-01
-2.709891297864764903e-01,-2.208002063668240422e-01,9.369163038425236678e-01
-2.728278580258334252e-01,-2.214597635037893475e-01,9.362267530005118354e-01
-2.745130855038468987e-01,-2.221580843284053086e-01,9.355684643331511063e-01
-2.760314243280827529e-01,-2.228999640495787360e-01,9.349450565729017226e-01
-2.773728791809131899e-01,-2.236904659718006172e-01,9.343590644544575996e-01
-2.785307966977548788e-01,-2.245343263700490810e-01,9.338120429575013093e-01
-2.795021751676714516e-01,-2.254355770829823136e-01,9.333045240765754924e-01
-2.802881688674281335e-01,-2.263973795922528121e-01,9.328358745817537656e-01
-2.808943351946348588e-01,-2.274219548874625851e-01,9.324042186148285838e-01
-2.813303856402503134e-01,-2.285105782359258264e-01,9.320065073537796563e-01
-2.816095559490837119e-01,-2.296636486286323664e-01,9.316386995486737321e-01
-2.817478454358418039e-01,-2.308807950029853895e-01,9.312959841484610424e-01
-2.817633096712896523e-01,-2.321610188185341817e-01,9.309729849271789481e-01
-2.816754731256900790e-01,-2.335029387588706817e-01,9.306639057309517016e-01
-2.815048311547092563e-01,-2.349050815468473608e-01,9.303626350515306065e-01
-2.812724222727259749e-01,-2.363659820281972801e-01,9.300628726105988342e-01
-2.809995809170010572e-01,-2.378839590866869969e-01,9.297582790885560167e-01
-2.807079822776995526e-01,-2.394567446337248773e-01,9.294425728010320409e-01
-2.804197980825784420e-01,-2.410812309099381323e-01,9.291095613253989027e-01
-2.801575402293610129e-01,-2.427533863745736653e-01,9.287532212898704786e-01
-2.799434254688536461e-01,-2.444682277472104426e-01,9.283679034514831230e-01
-2.797986329232248770e-01,-2.462197916140413390e-01,9.279485649710508266e-01
-2.797429793686442845e-01,-2.480011159644235352e-01,9.274908689439237408e-01
-2.797951423876382515e-01,-2.498041972829658230e-01,9.269911225659577259e-01
-2.799731369997436881e-01,-2.516198733611464955e-01,9.264461570367935606e-01
-2.802947012509526825e-01,-2.534376815396439664e-01,9.258532400042942534e-01
-2.807774438827047581e-01,-2.552458151656020746e-01,9.252100306671678931e-01
-2.814388094619419967e-01,-2.570312007964528078e-01,9.245145528036744498e-01
-2.822960583614228525e-01,-2.587795372067716593e-01,9.237651685123515755e-01
-2.833664536989664584e-01,-2.604751158021553770e-01,9.229605446420366954e-01
-2.846675738354266239e-01,-2.621004130455692471e-01,9.220996398914783621e-01
-2.862173192050627701e-01,-2.636355331344810704e-01,9.211818234507046510e-01
-2.880332342672791701e-01,-2.650574769952189214e-01,9.202072537458393375e-01
-2.901313473169643276e-01,-2.663392730546876863e-01,9.191774545389715945e-01
-2.925252357633916223e-01,-2.674493693004618144e-01,9.180957582422203389e-01
-2.952257463346259492e-01,-2.683517757966576989e-01,9.169673293678152204e-01
-2.982409783552535387e-01,-2.690069195147521963e-01,9.157988840803884534e-01
-3.015758783106000651e-01,-2.693728017613712944e-01,9.145984273397910203e-01
-3.052315429923320167e-01,-2.694064202375335282e-01,9.133749974119709236e-01
-3.092049652483609412e-01,-2.690655550203694957e-01,9.121381565132227198e-01
-3.134893026501514579e-01,-2.683100675955514824e-01,9.108974501834948834e-01
-3.180735911502887148e-01,-2.671012453291078392e-01,9.096626382106711706e-01
-3.229410111542578843e-01,-2.653991815677390065e-01,9.084450328654122275e-01
-3.280663766904555190e-01,-2.631603815953678649e-01,9.072590953216046472e-01
-3.334144105363632815e-01,-2.603377723563224944e-01,9.061231015326983718e-01
-3.389394915114828377e-01,-2.568830746538360854e-01,9.050586207811786021e-01
-3.445863084733951087e-01,-2.527500895692675886e-01,9.040894138498721810e-01
-3.502907935774086656e-01,-2.478981965876072835e-01,9.032401917892722842e-01
-3.559814181344017614e-01,-2.422963220156562625e-01,9.025351640134059439e-01
-3.615812572198155439e-01,-2.359272628211630529e-01,9.019962977113883396e-01
-3.670110548696316477e-01,-2.287915488033962774e-01,9.016414546811961639e-01
-3.721931860277394866e-01,-2.209100799440843477e-01,9.014826503342251440e-01
-3.770557813731997276e-01,-2.123248952290897051e-01,9.015248618862388152e-01
-3.815356445761083348e-01,-2.030970926853492842e-01,9.017661131694026944e-01
-3.855790280034023243e-01,-1.933012615106216303e-01,9.021992216037173495e-01
-3.891409718334628565e-01,-1.830175888162315079e-01,9.028144140544063223e-01
-3.921851191613490717e-01,-1.723246186888232334e-01,9.036011609676861678e-01
-3.946853155539578606e-01,-1.612953822686616356e-01,9.045481199719995757e-01
-3.966284773108094130e-01,-1.499972503548752667e-01,9.056415824552700444e-01
-3.980167800922803090e-01,-1.384935467939563403e-01,9.068639259896733584e-01
-3.988673100842556885e-01,-1.268447312836823437e-01,9.081934172254941817e-01
-3.992091329486620044e-01,-1.151086295840989815e-01,9.096054482937357966e-01
-3.990800486098875499e-01,-1.033406631891922861e-01,9.110739937750104156e-01
-3.985256793125095398e-01,-9.159473527208192301e-02,9.125720176506288972e-01
-3.976009975855482881e-01,-7.992410656451261197e-02,9.140708856039783115e-01
-3.963715094318249754e-01,-6.838112885759682624e-02,9.155400852649203669e-01
-3.949114261530848879e-01,-5.701560007865158486e-02,9.169483010734071904e-01
-3.932989242747644276e-01,-4.587255628445896516e-02,9.182655741909538927e-01
-3.916105386032334157e-01,-3.499051071082345810e-02,9.194655242123443983e-01
-3.899161164071813235e-01,-2.440070709696148810e-02,9.205270379837354744e-01
-3.882743359585248966e-01,-1.412748912727128901e-02,9.214355398436318012e-01
-3.867286485904792293e-01,-4.189616073831499247e-03,9.221840377476370199e-01
-3.853043846812119200e-01,5.397735823989033982e-03,9.227737510318588798e-01
-3.840081850158690857e-01,1.462052275890003694e-02,9.232139265387381277e-01
-3.828303439149018939e-01,2.346328751894933770e-02,9.235206559231911028e-01
-3.817497013110622839e-01,3.190728898146944631e-02,9.237148317845544909e-01
-3.807400771032484754e-01,3.993032433707592588e-02,9.238195510410830424e-01
-3.797770681502010137e-01,4.750860886132061978e-02,9.238572999069173397e-01
-3.788441466617740172e-01,5.461972309356101507e-02,9.238472808799597091e-01
-3.779371810222639794e-01,6.124491066278042739e-02,9.238033059687829063e-01
-3.770666845206118167e-01,6.736978533767010169e-02,9.237326601610390542e-01
-3.762574187997030917e-01,7.298388779708228635e-02,9.236361333989742128e-01
-3.755455081270277495e-01,7.807999737917563354e-02,9.235091149170541192e-01
-3.749737588220943829e-01,8.265355381543175450e-02,9.233434194472331935e-01
-3.745862207207706907e-01,8.670208667018605708e-02,9.231294120615839427e-01
-3.744231812636694134e-01,9.022459629061516106e-02,9.228579541601127367e-01
-3.745175763739669317e-01,9.322087280842003554e-02,9.225217904525648827e-01
-3.748928997308068056e-01,9.569077558683168616e-02,9.221163642399031746e-01
-3.755616411417948552e-01,9.763391274483153304e-02,9.216404248865259774e-01
-3.765235319626379362e-01,9.905035215256634273e-02,9.210966603005533715e-01
-3.777645088585727118e-01,9.994211074779899007e-02,9.204920153624994716e-01
-3.792579866995085536e-01,1.003141882505672322e-01,9.198371829624333307e-01
-3.809681595226362405e-01,1.001745843052304630e-01,9.191454259741542732e-01
-3.828529152814133529e-01,9.953433911780031063e-02,9.184315764371918656e-01
-3.848649023806162695e-01,9.840856326034469470e-02,9.177116985157122153e-01
-3.869523625790232124e-01,9.681750573339571730e-02,9.170028569628754234e-01
-3.890621528431886800e-01,9.478590822319145348e-02,9.163221446780210888e-01
-3.911445997289212384e-01,9.234064579234943504e-02,9.156850480583125229e-01
-3.931573138148031221e-01,8.950850091883608139e-02,9.151041224129586871e-01
-3.950661741376851332e-01,8.631535444834860515e-02,9.145886384810758551e-01
-3.968445452750580804e-01,8.278623746768636049e-02,9.141448713258617520e-01
-3.984725754277317900e-01,7.894518917180769202e-02,9.137763751261125389e-01
-3.999368429380081302e-01,7.481487091877681017e-02,9.134841305409666656e-01
-4.012295723789316426e-01,7.041649204496161496e-02,9.132668547016811189e-01
-4.023474401848646242e-01,6.577005143585372415e-02,9.131214802592325652e-01
-4.032908121672805768e-01,6.089434803527708079e-02,9.130434815488327471e-01
-4.040635788944595408e-01,5.580657816145954270e-02,9.130269711486674877e-01
-4.046727975023736712e-01,5.052195987980434566e-02,9.130648709327865431e-01
-4.051277994350727107e-01,4.505367044155114686e-02,9.131492938751252231e-01
-4.054395054483268535e-01,3.941269254534200683e-02,9.132718363598772982e-01
-4.056204259720855299e-01,3.360718685132993433e-02,9.134235748140966393e-01
-4.056843920513630852e-01,2.764209558304380962e-02,9.135951447975706463e-01
-4.056447235890340841e-01,2.152035430858005582e-02,9.137774524329266290e-01
-4.055111588628856900e-01,1.524587372549236416e-02,9.139629442007076721e-01
-4.052874074250170100e-01,8.826453682426196878e-03,9.141467120206144825e-01
-4.049706010888951546e-01,2.274779262753949451e-03,9.143268767968075750e-01
-4.045521193705459151e-01,-4.392037533930081249e-03,9.145043973208113464e-01
-4.040187406501153933e-01,-1.115253048938506103e-02,9.146827200003169178e-01
-4.033542025663971464e-01,-1.798052414868577670e-02,9.148672515853676357e-01
-4.025418954139670658e-01,-2.484663006729005003e-02,9.150642968725367643e-01
-4.015682929769928133e-01,-3.172276839080633015e-02,9.152795048733296523e-01
-4.004254410665550323e-01,-3.858731236461550307e-02,9.155165129429018167e-01
-3.991113456215008015e-01,-4.542727686454191977e-02,9.157764445064455749e-01
-3.976287902677768105e-01,-5.223692819164390405e-02,9.160582123878837635e-01
-3.959838339735630708e-01,-5.901547179358010431e-02,9.163590875418755610e-01
-3.941845226053113382e-01,-6.576628515322613389e-02,9.166751648624321680e-01
-3.922396074956674417e-01,-7.249753872826229795e-02,9.170017432862321849e-01
-3.901571487843835118e-01,-7.922252958939612899e-02,9.173337397359250245e-01
-3.879432078429548292e-01,-8.595886595782382955e-02,9.176661380108578348e-01
-3.856008491007766881e-01,-9.272703619580649481e-02,9.179943801195634689e-01
-3.831296039221627758e-01,-9.954909818276930222e-02,9.183145886075447795e-01
-3.805255573548863013e-01,-1.064474392369292033e-01,9.186235588529467755e-01
-3.777820508082369577e-01,-1.134431933002402471e-01,9.189185839784539400e-01
-3.748906771881233002e-01,-1.205546015437972268e-01,9.191972411860507286e-01
-3.718421634385619123e-01,-1.277963545810510415e-01,9.194571753187443797e-01
-3.686269321641880148e-01,-1.351803921279495224e-01,9.196958445417446892e-01
-3.652353195049097834e-01,-1.427171129091703017e-01,9.199103146878055970e-01
-3.616575759326023931e-01,-1.504154287362660103e-01,9.200972756011396303e-01
-3.578839709598066743e-01,-1.582814357223975288e-01,9.202532534230437600e-01
-3.539052723008813128e-01,-1.663169427148023516e-01,9.203747784482364525e-01
-3.497134034263186253e-01,-1.745188120284817401e-01,9.204584291059256795e-01
-3.453017555674131045e-01,-1.828787750070798301e-01,9.205009784101113590e-01
-3.406649917546663575e-01,-1.913830656269581987e-01,9.204998020553945004e-01
-3.357988027255191521e-01,-2.000119519866735140e-01,9.204533574008998409e-01
-3.307001336712613870e-01,-2.087396611948366398e-01,9.203614373897218703e-01
-3.253678769037619545e-01,-2.175350789639823035e-01,9.202250996898924118e-01
-3.198035776454145607e-01,-2.263635831994146863e-01,9.200463031425728522e-01
-3.140117047737344680e-01,-2.351899371092419921e-01,9.198273439877961977e-01
-3.079993562973061261e-01,-2.439809397494044074e-01,9.195703874959449964e-01
-3.017756183923504532e-01,-2.527062672217350592e-01,9.192774437843950208e-01
-2.953509343395709363e-01,-2.613379503876459009e-01,9.189506522506671882e-01
-2.887366959582564618e-01,-2.698507972885047512e-01,9.185922205254448691e-01
-2.819450679684057381e-01,-2.782247854737612824e-01,9.182036524629875185e-01
-2.749889895659903827e-01,-2.864476748772905590e-01,9.177847161371067708e-01
-2.678822286092759630e-01,-2.945158362029023369e-01,9.173328369904965029e-01
-2.606392250519576903e-01,-3.024335022242335413e-01,9.168430460535212934e-01
-2.532745723719526665e-01,-3.102117113341844590e-01,9.163081824042177415e-01
-2.458024197972250857e-01,-3.178671011616830966e-01,9.157192126524904552e-01
-2.382362588925991120e-01,-3.254199526295561418e-01,9.150657568609131820e-01
-2.305891761671332585e-01,-3.328915775022256440e-01,9.143368249516380386e-01
-2.228743136051231366e-01,-3.403015309584733750e-01,9.135217065633221001e-01
-2.151055166944613184e-01,-3.476644766960012012e-01,9.126111046504443713e-01
-2.072985233707853869e-01,-3.549864115880415616e-01,9.115985793078758004e-01
-1.994729186948864530e-01,-3.622609841301793199e-01,9.104820339163081089e-01
-1.916545677082362176e-01,-3.694671973787398978e-01,9.092648221160148925e-01
-1.838778470278062127e-01,-3.765689855501492267e-01,9.079563516459092654e-01
-1.761870161000713697e-01,-3.835163500569827577e-01,9.065723052226573042e-01
-1.686365642872187653e-01,-3.902479460480893780e-01,9.051343821724210370e-01
-1.612909398888036916e-01,-3.966950823332384690e-01,9.036693224639262834e-01
-1.542239078913076045e-01,-4.027860408639823420e-01,9.022075102324584872e-01
-1.475170242129709153e-01,-4.084489007301951302e-01,9.007820064031278884e-01
-1.412568205444671987e-01,-4.136124643810627499e-01,8.994282850557304698e-01
-1.355316381979056461e-01,-4.182070659303627203e-01,8.981837368007222766e-01
-1.304295228875785029e-01,-4.221668409944408507e-01,8.970860036384989966e-01
-1.260368222089606194e-01,-4.254325905316828083e-01,8.961706480135178676e-01
-1.224354181937616637e-01,-4.279536066628916169e-01,8.954693065180637790e-01
-1.196976991336472784e-01,-4.296893294546984543e-01,8.950081234127892360e-01
-1.178810418323208709e-01,-4.306134453824119745e-01,8.948050740984961893e-01
-1.170239674149107234e-01,-4.307205288257086040e-01,8.948660330454920597e-01
-1.171439129880433166e-01,-4.300317830898813809e-01,8.951815286199703570e-01
-1.182352687208391429e-01,-4.285969606027650314e-01,8.957259997301534327e-01
-1.202678124078611216e-01,-4.264928792770449895e-01,8.964594119225942626e-01
-1.231873144265831777e-01,-4.238200802931145206e-01,8.973301650477956137e-01
-1.269189901386560404e-01,-4.206979391669044555e-01,8.982788063418302160e-01
-1.313720460752856034e-01,-4.172586122742951709e-01,8.992422565654499822e-01
-1.364433972906790027e-01,-4.136410343476872309e-01,9.001579272769603124e-01
-1.420208320856209405e-01,-4.099843928709222540e-01,9.009677468455622451e-01
-1.479867641209234863e-01,-4.064181788473191226e-01,9.016230817517078000e-01
-1.542217414897341654e-01,-4.030481197030689189e-01,9.020908311559839854e-01
-1.606055410489590218e-01,-3.999418566902900873e-01,9.023593361025832316e-01
-1.670159001332767179e-01,-3.971183044408311269e-01,9.024426526825460870e-01
-1.733281062060647582e-01,-3.945412404360350567e-01,9.023827221274871579e-01
-1.794184406923924058e-01,-3.921180618076022251e-01,9.022485515332013817e-01
-1.851712187293616252e-01,-3.897080549983296671e-01,9.021303961311257780e-01
-1.904867852067273493e-01,-3.871424005012437664e-01,9.021283425298979308e-01
-1.952880051526502680e-01,-3.842499587112028214e-01,9.023383867895332644e-01
-1.995240164948950679e-01,-3.808787560349745638e-01,9.028408165579330236e-01
-2.031710253749833273e-01,-3.769078949501530329e-01,9.036935172791282778e-01
-2.062307322672020937e-01,-3.722514460515934376e-01,9.049296911810503774e-01
-2.087273316126792566e-01,-3.668581993766693583e-01,9.065583062263334879e-01
-2.107035708533486484e-01,-3.607105954528136427e-01,9.085658322640822737e-01
-2.122158173570382056e-01,-3.538253491845393395e-01,9.109182560130865136e-01
-2.133283522164677593e-01,-3.462558776209155309e-01,9.135632880942492484e-01
-2.141076865262757090e-01,-3.380929626145723899e-01,9.164338749745492008e-01
-2.146175861312199229e-01,-3.294593259011752151e-01,9.194541012470126562e-01
-2.149149453683486810e-01,-3.204973613005299149e-01,9.225470219217647427e-01
-2.150466206207808650e-01,-3.113531831061202015e-01,9.256425586203720357e-01
-2.150478072005772567e-01,-3.021612953289893322e-01,9.286834725692767467e-01
-2.149426319865919144e-01,-2.930335681890908761e-01,9.316281408743758430e-01
-2.147469731978274010e-01,-2.840549650037367257e-01,9.344498458232509686e-01
-2.144726484029796099e-01,-2.752860646783173437e-01,9.371334300306104481e-01
-2.141316718476816150e-01,-2.667697397703983619e-01,9.396709706352276426e-01
-2.137394272711349852e-01,-2.585386289795796877e-01,9.420579783405936825e-01
-2.133161140432008329e-01,-2.506211925599322599e-01,9.442908732638187752e-01
-2.128863874513832743e-01,-2.430450819263686446e-01,9.463659303828008129e-01
-2.124775089773480174e-01,-2.358371696642982129e-01,9.482795672076426152e-01
-2.121165507516189763e-01,-2.290212005505258830e-01,9.500293988059694827e-01
-2.118273644324046856e-01,-2.226155390144732571e-01,9.516152003130871062e-01
-2.116280823231059260e-01,-2.166325304135710561e-01,9.530392969541485737e-01
-2.115297028865027185e-01,-2.110785829200548525e-01,9.543065632328059378e-01
-2.115358667241386548e-01,-2.059536782285091294e-01,9.554243347923555563e-01
-2.116435746521381778e-01,-2.012509123323612537e-01,9.564021474222321739e-01
-2.118445365347569609e-01,-1.969575133201074690e-01,9.572510800657964003e-01
-2.121269003887143456e-01,-1.930572172927221553e-01,9.579828229058531264e-01
-2.124770704592985060e-01,-1.895324374773568743e-01,9.586088616703509757e-01
-2.128812376534302830e-01,-1.863652778895205087e-01,9.591400116001340681e-01
-2.133263171701487160e-01,-1.835377406673923406e-01,9.595862546709025276e-01
-2.138002388022453570e-01,-1.810316424837224158e-01,9.599567710619831828e-01
-2.142917969185549609e-01,-1.788282551695161704e-01,9.602601110774325877e-01
-2.147904049338049126e-01,-1.769077457907199946e-01,9.605044151005335262e-01
-2.152860877096648140e-01,-1.752489182285407177e-01,9.606975159218394955e-01
-2.157698766258937806e-01,-1.738296464186570578e-01,9.608468214896749293e-01
-2.162344798981235550e-01,-1.726277727069511214e-01,9.609590531304782468e-01
-2.166748637218469664e-01,-1.716219033377875680e-01,9.610400229573345943e-01
-2.170884119530164524e-01,-1.707917780869273039e-01,9.610945790782629006e-01
-2.174746152189702686e-01,-1.701182892104254607e-01,9.611267135042490528e-01
-2.178345148392039632e-01,-1.695833345001068748e-01,9.611397488422761537e-01
-2.181701902702246343e-01,-1.691695862553529717e-01,9.611365247266626666e-01
-2.184844495735506209e-01,-1.688602457800353895e-01,9.611195361086198874e-01
-2.187806885062665574e-01,-1.686389393490874966e-01,9.610910042612711424e-01
-2.190627577984728125e-01,-1.684898506528734463e-01,9.610529009230970310e-01
-2.193347262328256275e-01,-1.683979714328649457e-01,9.610069724438358163e-01
-2.196005931292299151e-01,-1.683492892161850274e-01,9.609547837009272397e-01
-2.198640408374058219e-01,-1.683309116356682400e-01,9.608977613328861800e-01
-2.201281617775053545e-01,-1.683312469946119661e-01,9.608372305847101558e-01
-2.203950749854493851e-01,-1.683402207235678849e-01,9.607744693781671286e-01
-2.206656392814191903e-01,-1.683493457554349759e-01,9.607107647071720935e-01
-2.209396275197167137e-01,-1.683515688701938962e-01,9.606474016257958715e-01
-2.212163418422222472e-01,-1.683410667425903617e-01,9.605855585786785555e-01
-2.214951764518615918e-01,-1.683132214401563131e-01,9.605261819945335455e-01
-2.217757700617403183e-01,-1.682647860598223966e-01,9.604699212290639387e-01
-2.220579160935198804e-01,-1.681940322513155450e-01,9.604171226166506870e-01
-2.223415500999781080e-01,-1.681007026891837564e-01,9.603678403895777871e-01
-2.226268754384528592e-01,-1.679857953952416660e-01,9.603218454653312808e-01
-2.229145711128150964e-01,-1.678513245030595069e-01,9.602786193851022833e-01
-2.232060396062231500e-01,-1.677001374639633391e-01,9.602373288817055430e-01
-2.235034256535972097e-01,-1.675357586008304200e-01,9.601968487300670541e-01
-2.238090217705908658e-01,-1.673622046981938505e-01,9.601559322384313200e-01
-2.241242650698540562e-01,-1.671837432749913033e-01,9.601134879749683160e-01
-2.244492569259440018e-01,-1.670045580142123787e-01,9.600687520526167695e-01
-2.247834371962010303e-01,-1.668282978355867252e-01,9.600212109133539062e-01
-2.251268889848998533e-01,-1.666576073871645636e-01,9.599703775408729989e-01
-2.254811708960627326e-01,-1.664938653576085725e-01,9.599156391942070821e-01
-2.258491563586020323e-01,-1.663372579613397462e-01,9.598562784011002158e-01
-2.262341786234029206e-01,-1.661870196719205939e-01,9.597916289045027582e-01
-2.266390068201009356e-01,-1.660415730207696894e-01,9.597212911134079816e-01
-2.270650503818980870e-01,-1.658985782768828687e-01,9.596453118839141094e-01
-2.275120994165302224e-01,-1.657551556664336179e-01,9.595642099354682042e-01
-2.279786971529810802e-01,-1.656083825400819221e-01,9.594788050170192095e-01
-2.284628267278261959e-01,-1.654558979478905623e-01,9.593899533754710607e-01
-2.289624195427133746e-01,-1.652964942057199293e-01,9.592983266119278207e-01
-2.294755338518902066e-01,-1.651306655469975959e-01,9.592042757720565804e-01
-2.300004791321008935e-01,-1.649608331545794893e-01,9.591077640828225004e-01
-2.305361174610414121e-01,-1.647908405454973357e-01,9.590083823503824378e-01
-2.310821649915695830e-01,-1.646248808521841855e-01,9.589054602134733374e-01
-2.316391401848797160e-01,-1.644666562640509366e-01,9.587982205405536362e-01
-2.322079148001283955e-01,-1.643192868716630006e-01,9.586859007340018390e-01
-2.327892155252747619e-01,-1.641856674490625168e-01,9.585678107152529881e-01
-2.333834157711967561e-01,-1.640687931180740688e-01,9.584433276765753629e-01
-2.339906219443780577e-01,-1.639719918425356637e-01,9.583118358516055091e-01
-2.346108559092912604e-01,-1.638990061321278224e-01,9.581726681962966508e-01
-2.352442425722562902e-01,-1.638535186645166675e-01,9.580251409842344135e-01
-2.358912531783596556e-01,-1.638380444054427232e-01,9.578686819597679314e-01
-2.365530025783306456e-01,-1.638529960784951833e-01,9.577029146072789656e-01
-2.372314851398260316e-01,-1.638967949035013416e-01,9.575275782340225694e-01
-2.379296507323749033e-01,-1.639668199980567620e-01,9.573423438050230327e-01
-2.386513204606155458e-01,-1.640601895771317820e-01,9.571466979717999646e-01
-2.394009910264847385e-01,-1.641738612495128591e-01,9.569399713555508669e-01
-2.401835760373668138e-01,-1.643045066015542399e-01,9.567214217902314521e-01
-2.410041346897336956e-01,-1.644487818499891230e-01,9.564902535888735180e-01
-2.418676413937586589e-01,-1.646039955613328998e-01,9.562455587828184722e-01
-2.427788446428043589e-01,-1.647687109084770563e-01,9.559862470242256327e-01
-2.437422453668234013e-01,-1.649429755811271658e-01,9.557110089509185391e-01
-2.447621571564716492e-01,-1.651282545729647888e-01,9.554183094151988964e-01
-2.458427198040755990e-01,-1.653272502857922877e-01,9.551064115753142847e-01
-2.469877657295118933e-01,-1.655436324636198608e-01,9.547734544543505786e-01
-2.482006026295426881e-01,-1.657816157368670329e-01,9.544175798559064727e-01
-2.494838275884487255e-01,-1.660454828647108527e-01,9.540370629027167260e-01
-2.508390961110905093e-01,-1.663393133227729082e-01,9.536304214450582739e-01
-2.522666415998118805e-01,-1.666670313099333500e-01,9.531965391304595414e-01
-2.537645843776403232e-01,-1.670325473317864629e-01,9.527348339635209884e-01
-2.553284090555483221e-01,-1.674396737583118688e-01,9.522454301181353387e-01
-2.569509028845293752e-01,-1.678917887634298611e-01,9.517292581257765782e-01
-2.586223930886849542e-01,-1.683915020894975745e-01,9.511880780461478002e-01
-2.603309020868870838e-01,-1.689404799265703805e-01,9.506244977175833943e-01
-2.620621262597548351e-01,-1.695393513509335093e-01,9.500420255566177641e-01
-2.637995147321517408e-01,-1.701876765381054035e-01,9.494450857114603570e-01
-2.655247089387665627e-01,-1.708841944307495642e-01,9.488388804411089783e-01
-2.672182851237232537e-01,-1.716275036119583042e-01,9.482290799693204875e-01
-2.688605295642863546e-01,-1.724169437056038146e-01,9.476214503511569687e-01
-2.704320464200532514e-01,-1.732532488691406469e-01,9.470215520384686059e-01
-2.719141861855737252e-01,-1.741387753663795057e-01,9.464345525523329972e-01
-2.732893954428309846e-01,-1.750773998919869789e-01,9.458651121515969651e-01
-2.745416030297243570e-01,-1.760742203435839703e-01,9.453172891343246675e-01
-2.756567161018303458e-01,-1.771351055005141728e-01,9.447944375721507582e-01
-2.766231934641356083e-01,-1.782661498734973982e-01,9.442990991454895955e-01
-2.774325334740997961e-01,-1.794731297417225813e-01,9.438329222223885706e-01
-2.780795194277553839e-01,-1.807610056424991951e-01,9.433966502558406297e-01
-2.785622598901764113e-01,-1.821334574933677619e-01,9.429901754665258595e-01
-2.788822095515397503e-01,-1.835924888046536196e-01,9.426125987117742744e-01
-2.790442349631485075e-01,-1.851381980204424849e-01,9.422622578494664891e-01
-2.790565771358149982e-01,-1.867687115567226996e-01,9.419367681223005384e-01
-2.789306043233208410e-01,-1.884801089041814592e-01,9.416331379679110380e-01
-2.786804945836170444e-01,-1.902662572394912821e-01,9.413479342382954362e-01
-2.783230503258170008e-01,-1.921187544632886601e-01,9.410773952448370228e-01
-2.778776099509027153e-01,-1.940271573602330990e-01,9.408174616229660892e-01
-2.773658172573059133e-01,-1.959792892387325625e-01,9.405638317555423678e-01
-2.768111207555282172e-01,-1.979613807730790098e-01,9.403121264497679155e-01
-2.762381708725311080e-01,-1.999582887803691145e-01,9.400580597500479696e-01
-2.756724308749881058e-01,-2.019540518338142354e-01,9.397974631820303903e-01
-2.751401712500369801e-01,-2.039321362027111673e-01,9.395262476313789302e-01
-2.746687300816970656e-01,-2.058743730325090782e-01,9.392405609021466928e-01
-2.742867580021259855e-01,-2.077589530408832097e-01,9.389371607386935992e-01
-2.740242246446743524e-01,-2.095592819972132703e-01,9.386136753940341748e-01
-2.739121052371302767e-01,-2.112446975945510841e-01,9.382685310414871083e-01
-2.739817491400551308e-01,-2.127819011785888059e-01,9.379007749591536935e-01
-2.742639904608299983e-01,-2.141354466127153022e-01,9.375101461000167058e-01
-2.747881470036773188e-01,-2.152672154940409588e-01,9.370973803184639017e-01
-2.755811006786980100e-01,-2.161359726603181153e-01,9.366644534041502768e-01
-2.766666153221358782e-01,-2.166974809674242497e-01,9.362146045157414553e-01
-2.780649527150244604e-01,-2.169047061649110597e-01,9.357522270959897082e-01
-2.797926469060629806e-01,-2.167077336324441661e-01,9.352827555991765074e-01
-2.818620333151843349e-01,-2.160535975038898604e-01,9.348126214279827151e-01
-2.842801884473961094e-01,-2.148864259100507490e-01,9.343492914407958150e-01
-2.870475284849541842e-01,-2.131481912597433526e-01,9.339012608158204776e-01
-2.901568029794104886e-01,-2.107800675402476398e-01,9.334777944935253036e-01
-2.935928773514662193e-01,-2.077239913031848073e-01,9.330884019242556837e-01
-2.973330097876671907e-01,-2.039241400257439385e-01,9.327422079038600877e-01
-3.013472980352203123e-01,-1.993289091714363637e-01,9.324472059775811283e-01
-3.055993206949232932e-01,-1.938942041592375543e-01,9.322092537538217982e-01
-3.100467194251873559e-01,-1.875874770366245670e-01,9.320310993913845099e-01
-3.146410097186843058e-01,-1.803907082781981419e-01,9.319121350052788078e-01
-3.193265970554999278e-01,-1.723016277239295957e-01,9.318490615419637857e-01
-3.240402788276614543e-01,-1.633345721493469072e-01,9.318367428032021671e-01
-3.287125050066866394e-01,-1.535224929768780888e-01,9.318685171215912444e-01
-3.332704040844164384e-01,-1.429198703041279495e-01,9.319360216418619558e-01
-3.376419486640340750e-01,-1.316051801902176077e-01,9.320289647052039106e-01
-3.417607872302473870e-01,-1.196816475468413105e-01,9.321351122837479020e-01
-3.455707906566425347e-01,-1.072751923491567089e-01,9.322407745595523432e-01
-3.490289081378171177e-01,-9.452911652676043719e-02,9.323320585568177776e-01
-3.521062073406481807e-01,-8.159658509582914943e-02,9.323964907982460470e-01
-3.547884187291366342e-01,-6.863237114090427193e-02,9.324241393096041053e-01
-3.570761851314863122e-01,-5.578386718377604386e-02,9.324080427441450158e-01
-3.589834787428182183e-01,-4.318110797276090290e-02,9.323444931482939291e-01
-3.605340442539503587e-01,-3.092793885724038488e-02,9.322331604979161579e-01
-3.617581974664810796e-01,-1.909747532226153954e-02,9.320763343214536478e-01
-3.626911302832291351e-01,-7.732146461828213330e-03,9.318773298696382268e-01
-3.633709970444673476e-01,3.153779202331018043e-03,9.316391856205130662e-01
-3.638360276247205038e-01,1.356965348363300440e-02,9.313641658914079136e-01
-3.641230431512391119e-01,2.354060422784997816e-02,9.310533010514858709e-01
-3.642687007120168907e-01,3.309742149505761483e-02,9.307055787798617086e-01
-3.643105909924727048e-01,4.226823604767509374e-02,9.303177895279296505e-01
-3.642850113211771323e-01,5.107471809852205669e-02,9.298859089683455537e-01
-3.642224120439031543e-01,5.953166334719972586e-02,9.294073464439781551e-01
-3.641436603641104996e-01,6.764748816395359243e-02,9.288827762219166173e-01
-3.640583035601903661e-01,7.542455437674487617e-02,9.283171269592874753e-01
-3.639644572639211817e-01,8.285926489929731908e-02,9.277199017316204444e-01
-3.638506600904137245e-01,8.994202011492731519e-02,9.271047029162434727e-01
-3.636999612017053907e-01,9.665777507398599921e-02,9.264877833731131052e-01
-3.634948441620279302e-01,1.029883049213513174e-01,9.258860120538865424e-01
-3.632212823662973045e-01,1.089158954121500766e-01,9.253148803314210635e-01
-3.628718029751896168e-01,1.144264824895027954e-01,9.247868050045991994e-01
-3.624481439129308424e-01,1.195107127100878963e-01,9.243097600488692223e-01
-3.619632851213783198e-01,1.241632500337522121e-01,9.238863932135789048e-01
-3.614423732069992345e-01,1.283813821668018940e-01,9.235137419461790786e-01
-3.609225773182638264e-01,1.321634776693581814e-01,9.231834640808309622e-01
-3.604517345983838106e-01,1.355077394089798104e-01,9.228825491823346994e-01
-3.600854390748319256e-01,1.384116701492004442e-01,9.225945404850358633e-01
-3.598835721070882121e-01,1.408714347492746599e-01,9.223009559786452538e-01
-3.599083171417363225e-01,1.428794185104635683e-01,9.219823615548808915e-01
-3.602233913108051078e-01,1.444203776954981200e-01,9.216191528276916900e-01
-3.608905994825746255e-01,1.454699291600252409e-01,9.211929629102064698e-01
-3.619606767415290971e-01,1.459986806661014436e-01,9.206893361696831812e-01
-3.634614897267944289e-01,1.459802955282300252e-01,9.201008090438079767e-01
-3.653909186625505789e-01,1.453980325994024547e-01,9.194285663797707731e-01
-3.677181782508916474e-01,1.442465941115417538e-01,9.186818064330356526e-01
-3.703900720353325293e-01,1.425312955675664683e-01,9.178758218416542825e-01
-3.733371463300502735e-01,1.402676032411804830e-01,9.170301928786801504e-01
-3.764802186652165261e-01,1.374799968140566209e-01,9.161669582722341554e-01
-3.797409447531862048e-01,1.341967374941972213e-01,9.153076261694049753e-01
-3.830549567565088576e-01,1.304411404434269173e-01,9.144692498843727257e-01
-3.863799708504848107e-01,1.262252641546091347e-01,9.136616993256737596e-01
-3.896939212053344148e-01,1.215506495637937445e-01,9.128877736974192469e-01
-3.929866100772040904e-01,1.164141438336917939e-01,9.121454222959713976e-01
-3.962517414820584949e-01,1.108134642774338263e-01,9.114301583266102291e-01
-3.994823152722683512e-01,1.047500080177836274e-01,9.107366884039437283e-01
-4.026683144760696553e-01,9.823011011139709536e-02,9.100599287873869514e-01
-4.057949617921673413e-01,9.126662890331968536e-02,9.093958716822487798e-01
-4.088401677507990106e-01,8.388205674097261311e-02,9.087428226898977002e-01
-4.117710403149717480e-01,7.611308859608093003e-02,9.081031924304039382e-01
-4.145426456918531732e-01,6.801359818291030646e-02,9.074847356099231543e-01
-4.171032623497895053e-01,5.965139462281082022e-02,9.068994319419968475e-01
-4.194051176673146974e-01,5.109842411392503253e-02,9.063599165494573562e-01
-4.214139180111426963e-01,4.242028838570088140e-02,9.058757248319284638e-01
-4.231123371213897921e-01,3.367067235392548485e-02,9.054513990264249079e-01
-4.244985244805998814e-01,2.489064587123786601e-02,9.050864370113531621e-01
-4.255819662776123558e-01,1.611069603270382303e-02,9.047764560667034273e-01
-4.263768799122381603e-01,7.355672165268077600e-03,9.045156993459548822e-01
-4.268947631684416599e-01,-1.347938147294019994e-03,9.043003064480908959e-01
-4.271409823940919281e-01,-9.967231492222420816e-03,9.041300987445283210e-01
-4.271178927231862876e-01,-1.846482416301367321e-02,9.040073871292941821e-01
-4.268304878907259181e-01,-2.680498872133691909e-02,9.039343046851435748e-01
-4.262890798071194975e-01,-3.495799502027341354e-02,9.039112561647640876e-01
-4.255085653077494423e-01,-4.290080972778242269e-02,9.039369344010904639e-01
-4.245074884073256061e-01,-5.061689360207666244e-02,9.040084747214377492e-01
-4.233081089109088646e-01,-5.809683094972459966e-02,9.041211219542816258e-01
-4.219357853491202404e-01,-6.533866579808710051e-02,9.042682410621014633e-01
-4.204167356577932502e-01,-7.234712524745831597e-02,9.044421827000739267e-01
-4.187755953163658229e-01,-7.913258612336264430e-02,9.046353047393475011e-01
-4.170343734107801459e-01,-8.571018643450828423e-02,9.048403700848233200e-01
-4.152126083877389906e-01,-9.209822795458061373e-02,9.050504992780658009e-01
-4.133273413179974209e-01,-9.831582028496839432e-02,9.052593597421070282e-01
-4.113920975052347551e-01,-1.043814673463615145e-01,9.054617890252816270e-01
-4.094154543966210258e-01,-1.103138752091543662e-01,9.056543681987889727e-01
-4.074003254597199919e-01,-1.161338050555633244e-01,9.058354785161766287e-01
-4.053440203009908704e-01,-1.218646633278077929e-01,9.060050932738900054e-01
-4.032378185019081518e-01,-1.275313763084692797e-01,9.061650014134785547e-01
-4.010655296572560036e-01,-1.331593954500933374e-01,9.063194891008966581e-01
-3.988028426183706787e-01,-1.387751765968350259e-01,9.064754508976093916e-01
-3.964195708090475501e-01,-1.444069359121401830e-01,9.066411422056896985e-01
-3.938838781142291467e-01,-1.500837225515031237e-01,9.068243307205529069e-01
-3.911653202777178873e-01,-1.558332007195540048e-01,9.070312595305243253e-01
-3.882355948883242647e-01,-1.616807856250422060e-01,9.072664693580260176e-01
-3.850690704974447653e-01,-1.676516327010890151e-01,9.075322258734910275e-01
-3.816443540964945536e-01,-1.737735975482840589e-01,9.078272543724363874e-01
-3.779449080263739269e-01,-1.800776701411369030e-01,9.081462873422296855e-01
-3.739568301078199375e-01,-1.865944036172840492e-01,9.084816001188033008e-01
-3.696656401749774390e-01,-1.933483507221405440e-01,9.088254671536510898e-01
-3.650554972683823229e-01,-2.003539634208569842e-01,9.091714762659947047e-01
-3.601113020276406895e-01,-2.076145403572282888e-01,9.095141850373825720e-01
-3.548210831075802041e-01,-2.151227927497257886e-01,9.098484395886614617e-01
-3.491768541152258098e-01,-2.228608154840643896e-01,9.101695344670530652e-01
-3.431747013312337891e-01,-2.307995031895259397e-01,9.104738951192870022e-01
-3.368154143782436938e-01,-2.388997109973929611e-01,9.107591914016427426e-01
-3.301055582939810273e-01,-2.471164135216361579e-01,9.110234895718236636e-01
-3.230581067237379145e-01,-2.554037704908658779e-01,9.112641624134699692e-01
-3.156923527607012336e-01,-2.637178244942671168e-01,9.114775079245914791e-01
-3.080333082482144547e-01,-2.720163827883018692e-01,9.116592392470054262e-01
-3.001105261247969391e-01,-2.802588242007978403e-01,9.118051675476970264e-01
-2.919563262395789005e-01,-2.884079272853814491e-01,9.119113833304410832e-01
-2.836042631357134636e-01,-2.964325033895790495e-01,9.119738992237859110e-01
-2.750889157011078279e-01,-3.043083864897010993e-01,9.119882095566934632e-01
-2.664467332657638465e-01,-3.120176527747131612e-01,9.119490790000072122e-01
-2.577163959144290195e-01,-3.195481837844619810e-01,9.118504359361401246e-01
-2.489378894051983149e-01,-3.268946833502651694e-01,9.116851392974523183e-01
-2.401511521244606706e-01,-3.340596976098629822e-01,9.114447556303679754e-01
-2.313952614457678858e-01,-3.410526686164701560e-01,9.111198111170829561e-01
-2.227080202984899060e-01,-3.478869092436950861e-01,9.107007390309928008e-01
-2.141257870670879859e-01,-3.545758192594244962e-01,9.101791778047925163e-01
-2.056844046667493930e-01,-3.611290804739784033e-01,9.095491811402524052e-01
-1.974218649118204549e-01,-3.675484836685037893e-01,9.088084063254051603e-01
-1.893817386180779716e-01,-3.738234429258147640e-01,9.079595754201197355e-01
-1.816157712983701156e-01,-3.799277344946296875e-01,9.070119228419636359e-01
-1.741851296208385413e-01,-3.858194318057547867e-01,9.059817363832761705e-01
-1.671606490340970530e-01,-3.914445230566173106e-01,9.048914314896991939e-01
-1.606220396384003823e-01,-3.967427799460596649e-01,9.037675181942935732e-01
-1.546557388045396997e-01,-4.016537843367946059e-01,9.026382664072877260e-01
-1.493518958387003159e-01,-4.061214690758214174e-01,9.015316764069262190e-01
-1.448015465466976071e-01,-4.100963177371420021e-01,9.004740542048513818e-01
-1.410941218610766712e-01,-4.135357758766139424e-01,8.994890832280170168e-01
-1.383141022087319150e-01,-4.164052101042267640e-01,8.985966337174023932e-01
-1.365359195230377576e-01,-4.186816377454665727e-01,8.978104637922040832e-01
-1.358181085330366633e-01,-4.203593334243398427e-01,8.971351471197374083e-01
-1.361988483112410164e-01,-4.214536134844287241e-01,8.965638434599118023e-01
-1.376938402806140160e-01,-4.220004385139164427e-01,8.960781418173523472e-01
-1.402954828959233902e-01,-4.220531982580318364e-01,8.956496387087787836e-01
-1.439720597462138818e-01,-4.216790544085536330e-01,8.952423253429994121e-01
-1.486670204424869468e-01,-4.209547810212826979e-01,8.948157292806586671e-01
-1.542990171071763339e-01,-4.199604114378640562e-01,8.943293946554028429e-01
-1.607623760597057250e-01,-4.187703728556681493e-01,8.937487528729549657e-01
-1.679270986377252861e-01,-4.174435561529203920e-01,8.930517157306844256e-01
-1.756388062637677105e-01,-4.160137636628448710e-01,8.922351473559609891e-01
-1.837209216924622079e-01,-4.144819169184827956e-01,8.913200118251872750e-01
-1.919814045443989647e-01,-4.128129055145821624e-01,8.903531014994942039e-01
-2.002241127638288709e-01,-4.109405747940684805e-01,8.894032542417742437e-01
-2.082622140931073840e-01,-4.087808839091500168e-01,8.885522151969972304e-01
-2.159300584757385399e-01,-4.062476718534540621e-01,8.878834602358084416e-01
-2.230910065059124869e-01,-4.032638577004363789e-01,8.874731905183058656e-01
-2.296408094791909382e-01,-3.997656421855010356e-01,8.873852207185759511e-01
-2.355077359429022243e-01,-3.957031186687395841e-01,8.876683773723618165e-01
-2.406509499874531777e-01,-3.910413932795341885e-01,8.883545176404163968e-01
-2.450580588518534997e-01,-3.857628242826878773e-01,8.894569080024088414e-01
-2.487421362155788074e-01,-3.798691705218855130e-01,8.909695634295962119e-01
-2.517382267406080842e-01,-3.733839038837921676e-01,8.928674736588814165e-01
-2.540991754609513431e-01,-3.663554306408273731e-01,8.951074278934559869e-01
-2.558906692366621494e-01,-3.588591547431545514e-01,8.976302537540955528e-01
-2.571858180633955770e-01,-3.509940714141970286e-01,9.003658238844628459e-01
-2.580600617317906909e-01,-3.428720734610675724e-01,9.032406909453828403e-01
-2.585870693540388565e-01,-3.346033539315658167e-01,9.061861415297834954e-01
-2.588357529236589571e-01,-3.262837966522815214e-01,9.091440683690429347e-01
-2.588681979221041929e-01,-3.179884709773123652e-01,9.120693989111099409e-01
-2.587383808379611905e-01,-3.097721432704779176e-01,9.149293248852419236e-01
-2.584916389319562025e-01,-3.016754800995103958e-01,9.177003744736083046e-01
-2.581648832866148546e-01,-2.937340809711493916e-01,9.203647009276499924e-01
-2.577876174294271849e-01,-2.859859278611374678e-01,9.229071423309409550e-01
-2.573837341643590015e-01,-2.784727098204204943e-01,9.253143051271186525e-01
-2.569736366053341214e-01,-2.712341235377698778e-01,9.275756574633292617e-01
-2.565758865628809393e-01,-2.642999577631174324e-01,9.296850793472410945e-01
-2.562078274629414620e-01,-2.576859929289503914e-01,9.316412819293381498e-01
-2.558852778827057084e-01,-2.513939463740894609e-01,9.334472712956805029e-01
-2.556218594082023676e-01,-2.454105547280032995e-01,9.351102205733754502e-01
-2.554284916994553623e-01,-2.397038772064350454e-01,9.366420537645870903e-01
-2.553131990485657532e-01,-2.342205298884340869e-01,9.380596536310302769e-01
-2.552811357067197306e-01,-2.288860616303698137e-01,9.393842198715208758e-01
-2.553349354036967833e-01,-2.236058052424374776e-01,9.406404810682298390e-01
-2.554754352498507797e-01,-2.182673668951361778e-01,9.418554339879148252e-01
-2.557017404578738606e-01,-2.127568664180002067e-01,9.430541531210215878e-01
