2.312365632346176156e-265,0.000000000000000000e+00,-4.745268046336846006e-266
8.611498446366423709e-265,5.071559163901814413e-264,-1.767176419593211177e-265
3.207000099225780580e-264,2.395847284497639704e-263,-6.581078594567840347e-265
1.194310457255875474e-263,9.429460902766193783e-263,-2.450824705121745557e-264
4.447679698826450729e-263,3.562299045687164253e-262,-9.126944625963053734e-264
1.656333445492281029e-262,1.331685567893507943e-261,-3.398885754920796802e-263
6.168222470863080415e-262,4.964297730533269444e-261,-1.265743469078459832e-262
2.297049046137916165e-261,1.849213931995086496e-260,-4.713600716796072183e-262
8.554181880955346286e-261,6.886956311883318329e-260,-1.755326244863330676e-261
3.185551684930151972e-260,2.564732465381684035e-259,-6.536734586387275682e-261
1.186284310592329611e-259,9.550992060656692299e-259,-2.434231051008727136e-260
4.417645511879412449e-259,3.556732129539284146e-258,-9.064851141295425047e-260
1.645094603350793471e-258,1.324498028938898910e-257,-3.375650525682980202e-259
6.126166837047967196e-258,4.932297693846222874e-257,-1.257048964607518544e-258
2.281311981451375153e-257,1.836729206820149355e-256,-4.681066551424331238e-258
8.495294772486502878e-257,6.839728833024422560e-256,-1.743152295759274681e-257
3.163516652307056268e-256,2.547009321914648692e-255,-6.491181239939586757e-257
1.178039054477136763e-255,9.484623056943957416e-255,-2.417185694052846739e-256
4.386792923648800100e-255,3.531892679937858583e-254,-9.001070491624695958e-256
1.633550078272271810e-254,1.315203010546052879e-253,-3.351785120242207270e-255
6.082969440668971931e-254,4.897517011742178849e-253,-1.248119081985608739e-254
2.265148454992221142e-253,1.823714981741486129e-252,-4.647653221838344907e-254
8.434814780114949732e-253,6.791032714425985125e-252,-1.730649969024332273e-253
3.140886659576757083e-252,2.528788535239282798e-251,-6.444401367271702574e-253
1.169571574199423393e-251,9.416446211222512704e-251,-2.399682216500775566e-252
4.355110304216498701e-251,3.506383072883890956e-250,-8.935578713918222683e-252
1.621695527800262673e-250,1.305658190391769532e-249,-3.327280591124675237e-251
6.038614067576176118e-250,4.861803803488553865e-249,-1.238950480347250693e-250
2.248552412615794036e-249,1.810352499705146049e-248,-4.613348253702040017e-250
8.372719298487280524e-249,6.741035872946347345e-248,-1.717814606912636490e-249
3.117653266209486297e-248,2.510081921262982299e-247,-6.396377577003973447e-249
1.160878718181566145e-247,9.346454760529664999e-247,-2.381714124653124121e-248
4.322585886028279035e-247,3.480195694989020648e-246,-8.868351561610930520e-248
1.609526558094075958e-246,1.295860216923968990e-245,-3.302127885004313089e-247
5.993084311784864243e-246,4.825145046041258906e-245,-1.229539779308729292e-246
2.231517728559001844e-245,1.796636847208455118e-244,-4.578139025144414207e-246
8.308985454874236040e-245,6.689719911382660932e-244,-1.704641496598552787e-245
3.093807931855034630e-244,2.490882605644970754e-243,-6.347092272125417912e-245
1.151957297579600713e-243,9.274623031977329758e-243,-2.363274848041405333e-244
4.289207762402093450e-243,3.453320959859444631e-242,-8.799364501532889921e-244
1.597038723371922125e-242,1.285805510671851605e-241,-3.276317841555830417e-243
5.946363573396738661e-242,4.787527374129548954e-241,-1.219883558539931160e-242
2.214038204664303011e-241,1.782563033851084578e-240,-4.542012765161172714e-242
8.243590106273813223e-241,6.637066196314375721e-240,-1.691125869579995649e-241
3.069342015261325202e-240,2.471183630943194040e-239,-6.296527647766239913e-241
1.142804085879521560e-239,9.200925047519249636e-239,-2.344357738596494131e-240
4.254963886021049087e-239,3.425749167684289570e-238,-8.728592710805105562e-240
1.584227525348333094e-238,1.275490449873107999e-237,-3.249841192295894517e-239
5.898435056499781783e-238,4.748937264645252018e-237,-1.209978357331749914e-238
2.196107569595714871e-237,1.768126010311831123e-236,-4.504956551999832766e-238
8.176509836484568347e-237,6.583055874354840379e-236,-1.677262901075583004e-237
3.044246773181867357e-236,2.450977957595465353e-235,-6.244665688947405688e-237
1.133415818489429050e-235,9.125334522528024500e-235,-2.324956069808544656e-236
4.219842067410879559e-235,3.397470504195851722e-234,-8.656011073703497473e-236
1.571088412665796282e-234,1.264911370034919539e-233,-3.222688559412454116e-235
5.849281767046512499e-234,4.709361034953110534e-233,-1.199820674159069740e-234
2.177719478046752604e-233,1.753320667712773772e-232,-4.466957311528336284e-234
8.107720953148827191e-233,6.527669869772567247e-232,-1.663047709415636416e-233
3.018513359271970358e-232,2.430258463030960795e-231,-6.191488168307217382e-233
1.123789192327481138e-231,9.047824862477751517e-231,-2.305063035878304488e-232
4.183829973401741701e-231,3.368475039431149729e-230,-8.581594178490670562e-232
1.557616780320536118e-230,1.254064563471628755e-229,-3.194850454582009801e-231
5.798886510710419884e-230,4.668784841164872358e-229,-1.189406966239244144e-230
2.158867509940235828e-229,1.738141836974980490e-228,-4.428001815586805701e-230
8.037199484765541940e-229,6.470888882086065742e-228,-1.648475355426875262e-229
2.992132822973637643e-228,2.409017940772361040e-227,-6.136976643804327344e-229
1.113920865405621006e-227,8.968369159592307413e-227,-2.284671750859638928e-228
4.146915125574262124e-227,3.338752726480731565e-226,-8.505316314214956035e-228
1.543807969082417391e-226,1.242946278837672798e-225,-3.166317277774691998e-227
5.747231890720428401e-226,4.627194676395726641e-225,-1.178733649086028614e-226
2.139545169619876437e-225,1.722584288167636775e-224,-4.388076680322384008e-226
7.964921177672433397e-225,6.412693383634117893e-224,-1.633540841810816001e-225
2.965096108388979851e-224,2.387249099528830011e-223,-6.081112456397313810e-225
1.103807456409015674e-223,8.886940189459379720e-223,-2.263775247793312705e-224
4.109084898689558579e-223,3.308293400224663073e-222,-8.427151467476764868e-224
1.529657264908864678e-222,1.231552720655714454e-221,-3.137079316047125555e-223
5.694300305673036317e-222,4.584576369002784815e-221,-1.167797096058950485e-222
2.119745885033547472e-221,1.706642729850455152e-220,-4.347168364506986971e-222
7.890861492997111727e-221,6.353063617120953847e-220,-1.618239112515771974e-221
2.937394053142057952e-220,2.364944562279609462e-219,-6.023876727700289385e-221
1.093445544271177034e-219,8.803510407609496502e-219,-2.242366477831811332e-220
4.070326519103145142e-219,3.277086776055471951e-218,-8.347073319161518081e-220
1.515159898352765202e-218,1.219880048839916301e-217,-3.107126742322820056e-219
5.640073947321982316e-218,4.540915580805444077e-217,-1.156593637908027529e-218
2.099463006908148056e-217,1.690311808409334554e-216,-4.305263167837747364e-218
7.814995603576797799e-217,6.291979593136256680e-216,-1.602565052102412751e-217
2.909017387229002726e-216,2.342096865348239527e-215,-5.965250357614550534e-217
1.082831667744708538e-215,8.718051946060069671e-215,-2.220438309355237363e-216
4.030627063162525792e-215,3.245122448588031864e-214,-8.265055241139260128e-216
1.500311043964288916e-214,1.207924378214336008e-213,-3.076449614160120533e-215
5.584534798345242606e-214,4.496197805287554007e-213,-1.145119562313834392e-214
2.078689807916029048e-213,1.673586107385220822e-212,-4.262347229220047468e-214
7.737298390846601375e-213,6.229421087649758991e-212,-1.586513485102806531e-213
2.879956731856405295e-212,2.318698457467270687e-211,-5.905214021935832778e-213
1.071962324967673065e-211,8.630536609823899575e-211,-2.197983527078079923e-212
3.989973455588423210e-211,3.212389890356160968e-210,-8.181070292930186350e-212
1.485105819686593340e-210,1.195681778026359064e-209,-3.045037872507444215e-211
5.527664630089158642e-210,4.450408365781022680e-209,-1.133371113422832555e-210
2.057419481832856383e-209,1.656460146796040910e-208,-4.218406525032895581e-210
7.657744441695756675e-209,6.165367639480012977e-208,-1.570079175372883147e-209
2.850202598267730872e-208,2.294741698833355370e-207,-5.843748169937045357e-209
1.060833973025487904e-207,8.540935873381843147e-207,-2.174994831146850194e-208
3.948352467839319738e-207,3.178878450495875426e-206,-8.095091218336097874e-208
1.469539286245300360e-206,1.183148271455157169e-205,-3.012881340445783550e-207
5.469445000289341781e-206,4.403532413630895657e-205,-1.121344491377940049e-206
2.035645142686824139e-205,1.638928382451721665e-204,-4.173426867376529516e-206
7.576308045291625319e-205,6.099798547737328124e-204,-1.553256825438258232e-205
2.819745386557711193e-204,2.270218860152683736e-203,-5.780833021926207635e-205
1.049443027508333047e-203,8.449220877119347559e-203,-2.151464836228444718e-204
3.905750716459246270e-203,3.144577353415116491e-202,-8.007090442037225387e-204
1.453606446531723071e-202,1.170319835115088045e-201,-2.979969721918294464e-203
5.409857250768230360e-202,4.355554926341515942e-201,-1.109035851844284392e-202
2.013359823899139609e-201,1.620985205262144587e-200,-4.127393902302039168e-202
7.492963189871087949e-201,6.032692869240347241e-200,-1.536041075833346153e-201
2.788575384474560943e-200,2.245122121676588599e-199,-5.716448566779342458e-201
1.037785862064015906e-199,8.355362423726385979e-199,-2.127386070589171231e-200
3.862154661408613257e-199,3.109475697449856459e-198,-7.917040066154210068e-200
1.437302244979755780e-198,1.157192398554022574e-197,-2.946292600446873918e-199
5.348882505109010261e-198,4.306460705703784613e-197,-1.096441305530095922e-198
1.990556477415696693e-197,1.602624940538049217e-196,-4.080293108022839902e-198
7.407683559499074972e-197,5.964029415906300987e-196,-1.518426504433695014e-197
2.756682766209929184e-196,2.219443572227314958e-195,-5.650574559448057711e-197
1.025858807946256750e-195,8.259330974560581739e-195,-2.102750975164321296e-196
3.817550604377950346e-195,3.073562453506421939e-194,-7.824911866774795451e-196
1.420621566936393412e-194,1.143761843746511877e-193,-2.911839437835565989e-195
5.286501666305743484e-194,4.256234375903109228e-193,-1.083556917702687411e-194
1.967227972829860218e-193,1.583841847284719213e-192,-4.032109793107821267e-194
7.320442530793879741e-193,5.893786752114303243e-192,-1.500407625781490174e-193
2.724057591176451012e-192,2.193175208213731672e-191,-5.583190518441638110e-193
1.013658153558345786e-191,8.161096645972853051e-191,-2.077551902618226771e-192
3.771924687084366092e-191,3.036826463689862782e-190,-7.730677290444978971e-192
1.403559238025792736e-190,1.130024004581760882e-189,-2.876599572860691919e-191
5.222695414389394500e-190,4.204860381608025512e-189,-1.070378707699473722e-190
1.943367096496254669e-189,1.564630117488467242e-188,-3.982829094655960194e-190
7.231213169618918691e-189,5.821943192041803232e-188,-1.481978890404125828e-189
2.690689802772771170e-188,2.166308932637025948e-187,-5.514275723283251297e-189
1.001180143992122728e-187,8.060629205595654687e-187,-2.051781116394656610e-188
3.725262889550544655e-187,2.999256439918336708e-186,-7.634307450624141981e-188
1.386110023506817528e-186,1.115974666346372086e-185,-2.840562219947550743e-187
5.157444204029530366e-186,4.152322986039253482e-185,-1.056902648433984241e-186
1.918966550635475220e-185,1.544983875395804334e-184,-3.932435976452267640e-186
7.139968227740595496e-185,5.748476796973692230e-184,-1.463134684125822356e-185
2.656569227135915428e-184,2.138836554086182903e-183,-5.443809211940208877e-185
9.884209805622336115e-184,7.957898068593068551e-183,-2.025430789757528670e-184
3.677551028366114193e-183,2.960840962523263109e-182,-7.535773124103987929e-184
1.368268627624003561e-182,1.101609565201778924e-181,-2.803716467833597412e-183
5.090728262111451819e-182,4.098606269018941564e-181,-1.043124665896822283e-182
1.894018952429621929e-181,1.524897176785219536e-180,-3.880915227104846266e-182
7.046680139451904074e-181,5.673365372583853348e-180,-1.443869327372181040e-181
2.621685571880880036e-180,2.110749785723185066e-179,-5.371769778227846716e-181
9.753768203356195909e-180,7.852872293872531767e-179,-1.998493004821771447e-180
3.628774754931228801e-179,2.921568478835148543e-178,-7.435044747390746030e-180
1.350029692951886475e-178,1.086924387656334036e-177,-2.766051278217914912e-179
5.022527585288567571e-178,4.043694124999975830e-177,-1.029040638651511562e-178
1.868516833108600822e-177,1.504364008231519018e-176,-3.828251458162888292e-178
6.951321018161580447e-177,5.596586466188911596e-176,-1.424177074467632426e-177
2.586028424827349787e-176,2.082040244257829909e-175,-5.298135969186891256e-177
9.620437756561950235e-176,7.745520580257813370e-175,-1.970959751574290850e-176
3.578919553682171001e-175,2.881427301754955152e-174,-7.332092413050399941e-176
1.331387799732612057e-174,1.071914770031995169e-173,-2.727555484396871127e-175
4.952821937509671561e-174,3.987570261075088808e-173,-1.014646397325181244e-174
1.842452637027047228e-173,1.483378286362618628e-172,-3.774429102215372427e-174
6.853862652948237478e-173,5.518117363973835968e-172,-1.404052112925671082e-173
2.549587252713352745e-172,2.052699448912042471e-171,-5.222886082433874709e-173
9.484179136646535537e-172,7.635811262622779095e-171,-1.942822926884869957e-172
3.527970740298782694e-171,2.840405608310827668e-170,-7.226885866016369423e-172
1.312337465206769867e-170,1.056576297925551689e-169,-2.688217789885783387e-171
4.881590847520940007e-170,3.930218194965626560e-169,-9.999377240940358625e-171
1.815818720731822278e-169,1.461933857108751646e-168,-3.719432410970337899e-170
6.754276505079314304e-169,5.437935088189218698e-168,-1.383488562731852291e-169
2.512351399895778941e-168,2.022718820373616990e-167,-5.145998163484582054e-169
9.344952558133716053e-168,7.523712307985686941e-167,-1.914074333507018850e-168
3.475913459893598137e-167,2.798491438200089493e-166,-7.119394499859682058e-168
1.292873142937392726e-166,1.040904505664348302e-165,-2.648026767026559946e-167
4.808813606342405841e-166,3.871621252989744401e-165,-9.849103521635822828e-167
1.788607352019972110e-165,1.440024494943989992e-164,-3.663245453314555211e-166
6.652533704494424167e-165,5.356016394319858609e-164,-1.362480475619461104e-165
2.474310087037608588e-164,1.992089679739241267e-163,-5.067450003050089106e-165
9.202717773763460777e-164,7.409191311563479254e-163,-1.884705679068570148e-164
3.422732685182427590e-163,2.755672692316297768e-162,-7.009587353020825804e-164
1.272989222127033567e-162,1.024894875756431607e-161,-2.606970855581046600e-163
4.734469264718599706e-162,3.811762568009803404e-161,-9.695599652435243076e-163
1.760810708987050299e-161,1.417643902120006545e-160,-3.605852113353291445e-162
6.548605046252724230e-161,5.272337768224388626e-160,-1.341021834337752559e-161
2.435452409781706841e-160,1.960803247446719179e-159,-4.987219134305105032e-161
9.057434069541206288e-160,7.292215492785761654e-159,-1.854708575051957629e-160
3.368413214636240514e-159,2.711937131261266370e-158,-6.897433105003141879e-160
1.252680026927859141e-158,1.008542838335089144e-157,-2.565038361310020866e-159
4.658536630543119517e-158,3.750625077358827839e-157,-9.538821970173028088e-159
1.732420879065707039e-157,1.394785707892017357e-156,-3.547236088430116697e-158
6.442460986943968350e-157,5.186875423245707509e-156,-1.319106551912746826e-157
2.395767337411073450e-156,1.928850642196290154e-155,-4.905282830128506411e-157
8.909060259736579188e-156,7.172751691268073885e-155,-1.824074535764097559e-156
3.312939670614191044e-155,2.667272373841873988e-154,-6.782900072527366782e-156
1.231939815744710697e-154,9.918437705977035789e-154,-2.522217454537670613e-155
4.580994266256957511e-154,3.688191520745738657e-153,-9.378726306062098264e-155
1.703429858054485476e-153,1.371443467736806507e-152,-3.487380887126420125e-154
6.334071641062988554e-153,5.099605297291867517e-152,-1.296728470900444752e-153
2.355243711495426457e-152,1.896222879860924893e-151,-4.821618100315592688e-153
8.757554681831050972e-152,7.050766362744024488e-151,-1.792794977295725187e-152
3.256296497477567681e-151,2.621665895551536775e-150,-6.665956205646826261e-152
1.210762780531036347e-150,9.747929962388871689e-150,-2.478496168701399054e-151
4.501820486220199019e-150,3.624444438139243595e-149,-9.215267980280330243e-151
1.673829549136668433e-149,1.347610662562777032e-148,-3.426269827240534545e-150
6.223406777347043855e-149,5.010503049887172192e-148,-1.273881362632433303e-149
2.313870244523937830e-148,1.862910872385490035e-147,-4.736201688761917587e-149
8.602875191413957345e-148,6.926225574955839956e-147,-1.760861216470116794e-148
3.198467959684474624e-147,2.575105027036135795e-146,-6.546569083823025650e-148
1.189143046077635467e-146,9.573857848778095313e-146,-2.433862398886839450e-147
4.420993354056906920e-146,3.559366167630043807e-145,-9.048401796501744855e-147
1.643611761889125728e-145,1.323280697911913089e-144,-3.363886033746225917e-146
6.110435815075838852e-145,4.919544059193113622e-144,-1.250558926453790885e-145
2.271635518524020930e-144,1.828905426674672875e-143,-4.649010070618391615e-145
8.444979157026390044e-144,6.799095003503008877e-143,-1.728264469781086335e-144
3.139438139865050226e-143,2.527576952544326178e-142,-6.424705911961157642e-144
1.167074669294135825e-142,9.396173514797002546e-142,-2.388303900347904418e-143
4.338490679972867688e-142,3.492938843271308925e-141,-8.878082036371839143e-143
1.612768211281027736e-141,1.298446903153629705e-140,-3.300212436730325303e-142
5.995127820333718338e-141,4.826703418998999956e-140,-1.226754788953200247e-141
2.228527983666012582e-140,1.794197243469574532e-139,-4.560019449417284815e-141
8.283823454952502851e-140,6.669339927648588374e-139,-1.694995852320121592e-140
3.079190936877066712e-139,2.479068708362020348e-138,-6.300333516405117530e-140
1.144551638483150361e-138,9.214828557714373962e-138,-2.341808287011726427e-139
4.254290018046022575e-138,3.425144392897054666e-137,-8.704262453926525625e-139
1.581290516662360531e-137,1.273102530670369525e-136,-3.235231769309321221e-138
5.877451502233793258e-137,4.731955935681788055e-136,-1.202462503185215425e-137
2.184535956853636078e-136,1.758776916212815529e-135,-4.469205754168949985e-137
8.119364463957688489e-136,6.536925226082630964e-135,-1.661046376692591592e-136
3.017710063841686725e-135,2.429567181230876405e-134,-6.173418340891703531e-136
1.121567872607022505e-134,9.029774016511712385e-134,-2.294363029968362167e-135
4.168368663489222480e-134,3.355964535918275538e-133,-8.526896269954216078e-135
1.549170200742114868e-133,1.247240755034899841e-132,-3.168926565524731409e-134
5.757375209103520561e-133,4.635276125134931668e-132,-1.177675547884603590e-133
2.139647620300077364e-132,1.722634929902076072e-131,-4.376544636428966177e-133
7.951558059973081298e-132,6.401815372642469418e-131,-1.626406951922911042e-132
2.954979046159186837e-131,2.379059106750684101e-130,-6.043926442463585865e-132
1.098117220547097632e-130,8.840960365919340367e-130,-2.245955455945100781e-131
4.080703649885090632e-130,3.285380781096617534e-129,-8.345936166300389251e-131
1.516398688556058365e-129,1.220854672179225008e-128,-3.101279158216987841e-130
5.634866924631390259e-129,4.536638209665928913e-128,-1.152387326672664766e-129
2.093851020089543389e-128,1.685761659931948104e-127,-4.282011467335320662e-129
7.780359610725841326e-128,6.263974431989327655e-127,-1.591068382348518734e-128
2.890981219504445966e-127,2.327531067765437882e-126,-5.911823487340535516e-128
1.074193460355437546e-126,8.648337510391614368e-126,-2.196572745765193496e-127
3.991271746392670274e-126,3.213374424295329724e-125,-8.161334280114047959e-127
1.482967306423978553e-125,1.193937298555019099e-124,-3.032271676877648630e-126
5.509894263974327828e-125,4.436016114862234243e-124,-1.126591167255465345e-125
2.047134064724160224e-124,1.648147370923987926e-123,-4.185581334615427422e-125
7.605723970314749503e-124,6.123366055240944189e-123,-1.555021366502602149e-124
2.825699727802017469e-123,2.274969492733006296e-122,-5.777074746748644307e-124
1.049790298498917449e-122,8.451854778020918153e-122,-2.146201932790911513e-123
3.900049454925647141e-122,3.139926546207359048e-121,-7.973042198035659505e-123
1.448867280896313094e-121,1.166481570285521840e-120,-2.961886045479752613e-122
5.382424469825454001e-121,4.333383466425271926e-120,-1.100280320613907767e-121
1.999484523656062245e-120,1.609782215544846349e-119,-4.087229039562650707e-121
7.427605473730475926e-120,5.979953475559626000e-119,-1.518256495985431519e-120
2.759117521180542176e-119,2.221360654078144032e-118,-5.639645092707011646e-120
1.024901369095607533e-118,8.251460914389451073e-118,-2.094829901350705754e-119
3.807013007301761873e-118,3.065018010060223930e-117,-7.781010950325744543e-119
1.414089737690029165e-117,1.138480342308769739e-116,-2.890103980286031856e-118
5.252424408441743576e-117,4.228713586972129613e-116,-1.073447960185541081e-117
1.950890025804527366e-116,1.570656233312346955e-115,-3.986929093982023863e-117
7.245957931320086359e-116,5.833699503695357018e-115,-1.480764254324202077e-116
2.691217353906359213e-115,2.166690666528743965e-114,-5.499498993771547018e-116
9.995202331433924503e-115,8.047104076358465168e-114,-2.042443385150380624e-115
3.712138362363255421e-114,2.988629459297538220e-113,-7.585191004933801615e-115
1.378625700613686705e-113,1.109926387512111264e-112,-2.816906987634837898e-114
5.119860565631283726e-113,4.121979492804712203e-112,-1.046087181038045105e-113
1.901338058058017620e-112,1.530759349389414030e-111,-3.884655717104853480e-113
7.060734623195146597e-112,5.684566523483544217e-111,-1.442535015821254969e-112
2.621981782296052027e-111,2.110945485435146263e-110,-5.356600510735391484e-112
9.736403777407254021e-111,7.838731825794275591e-110,-1.989028965668062444e-111
3.615401203067941833e-110,2.910741315236946687e-109,-7.385532261506751760e-111
1.342466090481536802e-109,1.080812395857916063e-108,-2.742276361703508416e-110
4.984699042699619710e-109,4.013153890646015256e-108,-1.018190999034301140e-109
1.850815963760958025e-108,1.490081373365724886e-107,-3.780382832471953911e-109
6.871888293582899631e-108,5.532516487296936100e-107,-1.403559044390595089e-108
2.551393162607750223e-107,2.054110905072346272e-106,-5.210913292285649665e-108
9.472552152994552093e-107,7.626291123230405394e-106,-1.934573070532861964e-107
3.516776933550714114e-106,2.831333774704199163e-105,-7.181984045336483174e-107
1.305601724016588954e-105,1.051130973500377135e-104,-2.666193182248981274e-106
4.846905552354913607e-105,3.902209174343168235e-104,-9.897523499889614552e-106
1.799310941185133604e-104,1.448611998026961314e-103,-3.674084064785116251e-105
6.679371145119988606e-104,5.377510911451247473e-103,-1.363826492382544461e-104
2.479433648910977684e-103,1.996172556924917310e-102,-5.062400570615827097e-104
9.203580827496401110e-103,7.409728321465232384e-102,-1.879061971887001191e-103
3.416240676155109360e-102,2.750386807643164863e-101,-6.974495101245707030e-103
1.268023312742493602e-101,1.020874641893332445e-100,-2.588638312325404477e-102
4.706445414571354663e-101,3.789117421536932341e-100,-9.607640888164405800e-102
1.746810041985507832e-100,1.406340798111535523e-99,-3.565732736726583189e-101
6.483134833088068430e-100,5.219510871564040893e-99,-1.323327399396460540e-100
2.406085190934823978e-99,1.937115907954490004e-98,-4.911025156993734073e-100
8.929422407362762207e-99,7.188989159094505727e-98,-1.822481784731321116e-99
3.313767268434717478e-98,2.667880154701531203e-97,-6.763013587411751488e-99
1.229721461864174647e-97,9.900358368890092612e-97,-2.509592395978557669e-98
4.563283552410578012e-97,3.673850390297333421e-96,-9.312189886702429640e-98
1.693300169640363116e-96,1.363257229054678011e-95,-3.455301865746167521e-97
6.283130459590857848e-96,5.058476997866416684e-95,-1.282051691081369584e-96
2.331329531894237398e-95,1.876926258849609436e-94,-4.756749437284263696e-96
8.650008728078540253e-95,6.964018753978095164e-94,-1.764818465253936640e-95
3.209331260124069823e-94,2.583793324791945744e-93,-6.547487069127452357e-95
1.190686669137067020e-93,9.586069078276017063e-93,-2.429035855916803680e-94
4.417384487800552514e-93,3.556379515725063298e-92,-9.011097400735321610e-94
1.638768077875568368e-92,1.319350625719745543e-91,-3.342764160815667944e-93
6.079308567671967136e-92,4.894369470467012020e-91,-1.239989177924393441e-92
2.255148206294224264e-91,1.815588742257797182e-90,-4.599535367426603424e-92
8.365270845966702774e-91,6.734761596640301614e-90,-1.706057809141892654e-91
3.102906910078760726e-90,2.498105592628370355e-89,-6.327862512498613869e-91
1.150909323724868204e-89,9.265801166175988745e-89,-2.346948891158368440e-90
4.268712337271570894e-89,3.436675906518370254e-88,-8.704289500408692829e-90
1.583200369072828281e-88,1.274610201116647800e-87,-3.228092019150361185e-89
5.871619135372906657e-88,4.727148014567911498e-87,-1.197129554026895200e-88
2.177522537711711848e-87,1.753088320999657163e-86,-4.439344468865624247e-88
8.075139029908010062e-87,6.501161543603151409e-86,-1.646185449875708334e-87
2.994468183184432072e-86,2.410795996237405343e-85,-6.104086278077556821e-87
1.110379705045667875e-85,8.939476368067615922e-85,-2.263311474654751390e-86
4.117230807648889905e-85,3.314710341505019100e-84,-8.391691411910320419e-86
1.526583492661756422e-84,1.229025045107233868e-83,-3.111257522897151301e-85
5.660011569730739954e-84,4.556771895631871634e-83,-1.153462395868165999e-84
2.098433636554884798e-83,1.689409786264810121e-82,-4.276137823936733599e-84
7.779542752976662797e-83,6.263161810651849832e-82,-1.585186857006550196e-83
2.883988747234379016e-82,2.321843334444299688e-81,-5.876104114431842707e-83
1.069087981606364057e-81,8.607015526436597787e-81,-2.178103350889940930e-82
3.962903191701614188e-81,3.190453266139038442e-80,-8.073227508508083426e-82
1.468903743495609810e-80,1.182584123097535242e-79,-2.992232435789055237e-81
5.444434700714720205e-80,4.383199914500498326e-79,-1.108977161056552832e-80
2.017862397799744067e-79,1.624537755789521747e-78,-4.109876071203870434e-80
7.478410683990928719e-79,6.020704966031915038e-78,-1.523047334415917573e-79
2.771441969775425171e-78,2.231226164333457683e-77,-5.643861151647724979e-79
1.027024209825237821e-77,8.268338581296828389e-77,-2.091304033455272641e-78
3.805692363747414423e-77,3.063874788961896819e-76,-7.748821301496973980e-78
1.410147260210546528e-76,1.135276274716733025e-75,-2.870988199765747390e-77
5.224836775101462320e-76,4.206390402462862510e-75,-1.063663187067916793e-76
1.935789498703726795e-75,1.558456672015825374e-74,-3.940519400750194378e-76
7.171670678978146797e-75,5.773732923577218683e-74,-1.459752018557668203e-75
2.656800914921820831e-74,2.138922798683150878e-73,-5.407301894767672356e-75
9.841783328425870282e-74,7.923364560614245646e-73,-2.002892802599671821e-74
3.645560775212633949e-73,2.934944678027744767e-72,-7.418395431054198891e-74
1.350300023568218291e-72,1.087090212482706624e-71,-2.747495931559787454e-73
5.001165450287857057e-72,4.026301216274020111e-71,-1.017509689971280310e-72
1.852195396496077388e-71,1.491150800231949751e-70,-3.768027549420964302e-72
6.859249772552925856e-71,5.522186935768250889e-70,-1.395285876682195653e-71
2.540038340136747879e-70,2.044911303374185894e-69,-5.166370217161256661e-71
9.405401793192700896e-70,7.572011570633456596e-69,-1.912848702755017691e-70
3.482470450147288497e-69,2.803632357292371506e-68,-7.081871657001425434e-70
1.289347854781531709e-68,1.038014520454041690e-67,-2.621726419248187113e-69
4.773367788041183152e-68,3.842889733122999527e-67,-9.705057631415335577e-69
1.767060326044779964e-67,1.422604226693881019e-66,-3.592359796018095276e-68
6.541074169207864602e-67,5.266007586719959848e-66,-1.329633705042569189e-67
2.421126692981167169e-66,1.949169494772282091e-65,-4.921009353828727212e-67
8.960994622230594665e-66,7.214196786106204558e-65,-1.821150540036389767e-66
3.316382980694555844e-65,2.669906902965514567e-64,-6.739170849473283813e-66
1.227276413823423335e-64,9.880376528683575280e-64,-2.493650118768998418e-65
4.541390248185822581e-64,3.656112845549708361e-63,-9.226403759590900394e-65
1.680364297499830120e-63,1.352800856727858131e-62,-3.413474956446022709e-64
6.217069234515953483e-63,5.005134785098422011e-62,-1.262780127082502854e-63
2.300038107829700325e-62,1.851674937083886178e-61,-4.671161894636764161e-63
8.508457776026892232e-62,6.849836440420719905e-61,-1.727776879716997457e-62
3.147259522514331563e-61,2.533737039826176566e-60,-6.390212979491347356e-62
1.164071197718485070e-60,9.371479327668243903e-60,-2.363237150402598493e-61
4.305178682225938514e-60,3.465926956310297208e-59,-8.739023724963593824e-61
1.592087093912597439e-59,1.281724412813627330e-58,-3.231331378808335922e-60
5.887159486243735771e-59,4.739507756965681656e-58,-1.194709591605938533e-59
2.176744402553203958e-58,1.752404939685171843e-57,-4.416769777485566016e-59
8.047686033494727420e-58,6.478845815630945828e-57,-1.632706043677466714e-58
2.975060790160387816e-57,2.395091137500565578e-56,-6.034917109442384563e-58
1.099717538817272020e-56,8.853335506047303242e-56,-2.230457295217254012e-57
4.064678326903524959e-56,3.272287973190449040e-55,-8.242804701908858586e-57
1.502208268831066628e-55,1.209358432648259197e-54,-3.045886938454646314e-56
5.551268585374402730e-55,4.469065038552045189e-54,-1.125406370928060470e-55
2.051217075167711772e-54,1.651336554423958182e-53,-4.157774281406656787e-55
7.578572979463587873e-54,6.101139232384687738e-53,-1.535916107829279292e-54
2.799747052410630764e-53,2.253937206702306840e-52,-5.673201383460155988e-54
1.034200603053101293e-52,8.325825628479663318e-52,-2.095279991478674072e-53
3.819833797691085804e-52,3.075151303766114377e-51,-7.737632585050470627e-53
1.410707143870673421e-51,1.135686267190352067e-50,-2.857099032977282751e-52
5.209319327039808094e-51,4.193744468955161142e-50,-1.054854559007575240e-51
1.923427300449390140e-50,1.548446572894304573e-49,-3.894116019590744510e-51
7.101010992043095601e-50,5.716630039749767700e-49,-1.437384899512092519e-50
2.621278127550052724e-49,2.110242895434575653e-48,-5.304983017709687639e-50
9.675053881811962819e-49,7.788828905552916736e-48,-1.957674331023167626e-49
3.570589082218429379e-48,2.874471850111135410e-47,-7.223391975721669395e-49
1.317562806260551283e-47,1.060691078684399959e-46,-2.664924577157287766e-48
4.861233631360694910e-47,3.913483182765043437e-46,-9.830380695600733194e-48
1.793345926515226523e-46,1.443711523683453072e-45,-3.625734932344971216e-47
6.614891229858817443e-46,5.325230604936955527e-45,-1.337089994864706421e-46
2.439613378605895934e-45,1.963975485153708296e-44,-4.930178290573189962e-46
8.996167219999870868e-45,7.242223179462259482e-44,-1.817609055594077359e-45
3.316887533632837424e-44,2.670204003451254957e-43,-6.699966168289193803e-45
1.222754106364905962e-43,9.843558386651570707e-43,-2.469319997859224331e-44
4.506932534194071157e-43,3.628217602614441304e-42,-9.099406341522778363e-44
1.660943471369053589e-42,1.337107669590908325e-41,-3.352570279978813433e-43
6.120103619158697873e-42,4.926852302918885891e-41,-1.235008716169399457e-42
2.254711708534538951e-41,1.815101886893977355e-40,-4.548702532736562096e-42
8.305192605543958064e-41,6.685884909544407548e-40,-1.675052553141113078e-41
3.058671863892002003e-40,2.462301638763968896e-39,-6.167237136338824566e-41
1.126259655179293744e-39,9.066633259417811603e-39,-2.270241228874287402e-40
4.146336177786917214e-39,3.337883431653718435e-38,-8.355458002769940857e-40
1.526190119412621442e-38,1.228611004819341751e-37,-3.074560635617930869e-39
5.616536840789035723e-38,4.521405505943825917e-37,-1.131118129169359550e-38
2.066531555359670405e-37,1.663588637353125242e-36,-4.160470117175453104e-38
7.601974863209329134e-37,6.119689157665051239e-36,-1.529972854082179993e-37
2.795884136989053724e-36,2.250718109323727968e-35,-5.625085518720933623e-37
1.028057821801548454e-35,8.275961245615792602e-35,-2.067643705711165661e-36
3.779363801335240453e-35,3.042415645949596897e-34,-7.598369294085634436e-36
1.389055717921320337e-34,1.118197252137067922e-33,-2.791643877945262858e-35
5.104078317038478856e-34,4.108799572943296150e-33,-1.025395040358968463e-34
1.875030887261210305e-33,1.509401894938266503e-32,-3.765394449040014564e-34
6.886357063744125216e-33,5.543509573458357546e-32,-1.382337627527403991e-33
2.528465762108986882e-32,2.035406241191899298e-31,-5.073390605454927892e-33
9.281267308771054057e-32,7.471366217531332287e-31,-1.861482360334226608e-32
3.405933731447585118e-31,2.741748486806933694e-30,-6.827971950386466352e-32
1.249509773484253236e-30,1.005841860011800811e-29,-2.503757183868685055e-31
4.582614198348967606e-30,3.688942838832513419e-29,-9.178159942466675083e-31
1.680167197614554044e-29,1.352507435771792645e-28,-3.363387955437282318e-30
6.158180505361218285e-29,4.957218379417188353e-28,-1.232114177464932570e-29
2.256357486715852414e-28,1.816318327651007112e-27,-4.512030323491000334e-29
8.264442600184778610e-28,6.652670058486227063e-27,-1.651711615848437739e-28
3.025963372512041461e-27,2.435815453012826408e-26,-6.044095806921275192e-28
1.107521448408280383e-26,8.915199997154035757e-26,-2.210837021114462882e-27
4.052029349892192973e-26,3.261742603702529294e-25,-8.083572705901249195e-27
1.481897499979628360e-25,1.192870649656837050e-24,-2.954362075110184106e-26
5.417284695032582791e-25,4.360686355832338246e-24,-1.079269438908158148e-25
1.979499389570028068e-24,1.593406123582612309e-23,-3.940881222327889347e-25
7.229880371986356705e-24,5.819692641851133716e-23,-1.438285381130540044e-24
2.639369196965845968e-23,2.124549293002223567e-22,-5.246568779229545089e-24
9.630595570857023231e-23,7.752065623993516360e-22,-1.912819140745813962e-23
3.512207338010304686e-22,2.827105121903075639e-21,-6.969948816034484863e-23
1.280178323039260819e-21,1.030456536001954208e-20,-2.538227248012181326e-22
4.663507329594441828e-21,3.753782825579556859e-20,-9.237699740039734752e-22
1.697830873674851542e-20,1.366620839788380300e-19,-3.359818459485162785e-21
6.177354381180122898e-20,4.972251809846373263e-19,-1.221157045405918081e-20
2.246066735466528184e-19,1.807881996944359370e-18,-4.435216842897109085e-20
8.160925623251943216e-19,6.568761561406311417e-18,-1.609638569605808172e-19
2.963030416519465010e-18,2.384935591015027930e-17,-5.837045691361552482e-19
1.074965705486364285e-17,8.652296997045887879e-17,-2.114892904776497054e-18
3.896684276661368345e-17,3.136375638752721464e-16,-7.655819681016859170e-18
1.411290659151944483e-16,1.135913137253713267e-15,-2.768715785828659010e-17
5.106635835448990684e-16,4.110163352128328483e-15,-1.000279472770650684e-16
1.845970566963738464e-15,1.485744788749150717e-14,-3.609864013107202822e-16
6.665885716456665498e-15,5.365031029577657897e-14,-1.301229602683867027e-15
2.404379512875002862e-14,1.935138140711384241e-13,-4.684618018236205965e-15
8.662151908594525853e-14,6.971543469929327092e-13,-1.684267456078873979e-14
3.116649555347511418e-13,2.508331157141691549e-12,-6.046712257821842770e-14
1.119816776044538196e-12,9.012331213534075248e-12,-2.167445530747559433e-13
4.017493366289597520e-12,3.233240984159448129e-11,-7.756049966581896240e-13
1.438994308670715843e-11,1.158068117992830800e-10,-2.770332323984868947e-12
5.145153335326607307e-11,4.140614357966950236e-10,-9.875257954051367564e-12
1.836134214196719744e-10,1.477615821505686369e-09,-3.512417722087406258e-11
6.538818223259542943e-10,5.261942812257651379e-09,-1.246258281892886339e-10
2.323235316792960557e-09,1.869514238553313590e-08,-4.410031668470020389e-10
8.233465570480618424e-09,6.625303359987617622e-08,-1.555878587181762497e-09
2.909693001875961913e-08,2.341296325359684962e-07,-5.470854142501497384e-09
1.025050605934435215e-07,8.247816517619843390e-07,-1.916441807732698406e-08
3.598402336569270659e-07,2.895248954861918022e-06,-6.684599558419602659e-08
1.258172753153029449e-06,1.012270593386749801e-05,-2.320193938345126927e-07
4.379201374128336972e-06,3.523128986498536930e-05,-8.007717206366873849e-07
1.516271824493413950e-05,1.219788220974013607e-04,-2.745428222668511962e-06
5.218166301673036534e-05,4.197537577255522020e-04,-9.338843964979629263e-06
1.782998139649020802e-04,1.434138877037208866e-03,-3.146719808306280576e-05
6.040511220034149465e-04,4.858142664151956711e-03,-1.048010473555805453e-04
2.025302910547990831e-03,1.628669276625291373e-02,-3.439641368466823577e-04
6.703719937024943225e-03,5.390033143386022130e-02,-1.107692983072531764e-03
2.182841626839813337e-02,1.754731841145077686e-01,-3.477130582101553308e-03
6.955874344311660518e-02,5.590149065724494548e-01,-1.052548300892473462e-02
2.151629112994180304e-01,1.728517897223084354e+00,-3.013309332130348350e-02
6.371695186294055180e-01,5.115760000962787046e+00,-7.831540408352252736e-02
1.759065276922254339e+00,1.410940392615186312e+01,-1.648542863740138364e-01
4.255215427000963224e+00,3.406067966309696260e+01,-1.396962810502080377e-01
8.578241669142951054e+00,6.835622874452135989e+01,6.559167669837081549e-01
1.421240836387489104e+01,1.125695674286776296e+02,3.371348307864820537e+00
1.953357500551146586e+01,1.546654554066605556e+02,8.621568695184164355e+00
2.271096742048632677e+01,1.836655798301609934e+02,1.533031043682641403e+01
2.284691450654043265e+01,1.972492520062979224e+02,2.118161667723121155e+01
2.023659416378645304e+01,2.005151549320923721e+02,2.445604680858271962e+01
1.573495655094302315e+01,2.005363865780039703e+02,2.502518907792716263e+01
1.003530609122518946e+01,2.027317400665911862e+02,2.366779304995164424e+01
3.389069616578300526e+00,2.094434495790993651e+02,2.116069878835482143e+01
-4.249894465669269650e+00,2.202822131260929268e+02,1.809078122254354426e+01
-1.292491664490508541e+01,2.334531465396800343e+02,1.487082691164757087e+01
-2.251398193579261431e+01,2.470186926139714956e+02,1.163035054428369719e+01
-3.279908121998185067e+01,2.601971586271753836e+02,8.293470936606833988e+00
-4.348791360915917892e+01,2.742587611572637343e+02,4.797291766385149536e+00
-5.406678575503592299e+01,2.917476283410445603e+02,1.027834714780197167e+00
-6.371300889948437884e+01,3.142894023010408660e+02,-3.248657128120137738e+00
-7.133865525852004907e+01,3.409333389004588071e+02,-8.030418696530288614e+00
-7.590895430856971871e+01,3.685222353560275224e+02,-1.285963531422339656e+01
-7.717562525603615597e+01,3.938178727072440779e+02,-1.714913771598327941e+01
-7.606755766271028563e+01,4.153625541520866591e+02,-2.061185851596727758e+01
-7.402218590306915758e+01,4.334882684340615242e+02,-2.339205305729604945e+01
-7.209749703548749267e+01,4.493284190368570989e+02,-2.584643758460024543e+01
-7.079796607430134259e+01,4.642085809911987440e+02,-2.815277605722796395e+01
-7.024621151747885506e+01,4.793306985865683600e+02,-3.007089787742046383e+01
-7.028159318323731952e+01,4.952777147117644176e+02,-3.114166160876617440e+01
-7.062716971020232393e+01,5.117468720286170765e+02,-3.111290194978451495e+01
-7.108040644887634585e+01,5.280331191185255193e+02,-3.010271360262076001e+01
-7.152073075578854855e+01,5.435772755406430861e+02,-2.853436871755372195e+01
-7.185429446491545491e+01,5.579543217088573783e+02,-2.695015888276604343e+01
-7.203728399593831000e+01,5.706916948588703917e+02,-2.570394101734297010e+01
-7.204391119646037112e+01,5.812683533181492521e+02,-2.484840438676399188e+01
-7.182380260832857743e+01,5.893736172157430246e+02,-2.430069912651305941e+01
-7.138899683293280418e+01,5.951728151613639284e+02,-2.397568330633037803e+01
-7.082753328929277359e+01,5.993075430938607724e+02,-2.371617625017694664e+01
-7.016233299171989302e+01,6.025227562541299449e+02,-2.328679911280919157e+01
-6.933123678162313297e+01,6.050901784187151407e+02,-2.260048772341848178e+01
-6.831916988343627395e+01,6.068468443649055644e+02,-2.178274445186761099e+01
-6.718222764274023007e+01,6.076960503215495919e+02,-2.099139324570480625e+01
-6.596032450133385794e+01,6.077038750996882754e+02,-2.033134850656007586e+01
-6.466462072721392929e+01,6.070966715101426416e+02,-1.985467752131653540e+01
-6.324977605218768417e+01,6.062001784942428912e+02,-1.953904856622180475e+01
-6.153540369558132284e+01,6.050287912473309007e+02,-1.930758795285254337e+01
-5.934390194164991783e+01,6.032491140637268927e+02,-1.910640109480008419e+01
-5.669003670302308251e+01,6.006319265016604731e+02,-1.894483661551284470e+01
-5.369601218694910472e+01,5.971515103506036439e+02,-1.887262827429977108e+01
-5.051074867879538743e+01,5.927890270374246029e+02,-1.895508792071509419e+01
-4.733416174781395824e+01,5.876063279380883841e+02,-1.922568625762755801e+01
-4.433037855676440842e+01,5.818382931342330266e+02,-1.969009706703410600e+01
-4.160559423687803360e+01,5.757331481370666779e+02,-2.038649899039774027e+01
-3.925798517698115830e+01,5.694425051476215458e+02,-2.132064685687343442e+01
-3.731205185834598126e+01,5.630133918495473608e+02,-2.242328330647341872e+01
-3.572955701936686523e+01,5.563064341014909360e+02,-2.365651788421334345e+01
-3.449030988367848494e+01,5.491098125639815635e+02,-2.500921942177492241e+01
-3.353638241061104708e+01,5.416048163337721917e+02,-2.638955305327308665e+01
-3.274738567526456734e+01,5.343699854808892269e+02,-2.767183460146944540e+01
-3.203712406117875844e+01,5.277677562495767916e+02,-2.882245934282605049e+01
-3.136479973587776726e+01,5.217360294468038546e+02,-2.987135692056811820e+01
-3.069286777730993876e+01,5.160411905953903897e+02,-3.081921095215855289e+01
-3.004615378684522398e+01,5.106130592363796836e+02,-3.158960318818127178e+01
-2.945888412902624509e+01,5.057360224988641448e+02,-3.200192438831508923e+01
-2.881844735159766202e+01,5.015716090523982302e+02,-3.192486841595817282e+01
-2.800402700776075093e+01,4.978002507352778707e+02,-3.142192289128538363e+01
-2.708508297869278181e+01,4.942056636935884057e+02,-3.059354356137545494e+01
-2.621687237360377765e+01,4.910451462340272428e+02,-2.947325938721703409e+01
-2.549725408284847816e+01,4.885721202174512428e+02,-2.816530570730296290e+01
-2.491096675970129226e+01,4.866818883405492215e+02,-2.684020228823534282e+01
-2.434705659647519127e+01,4.850699489889005918e+02,-2.554864711079023465e+01
-2.374021138636227946e+01,4.833899172869009817e+02,-2.426222196929236929e+01
-2.314515234910663111e+01,4.815382430019406570e+02,-2.305844035869449726e+01
-2.266289985043229649e+01,4.799301364219624020e+02,-2.206900202037987668e+01
-2.234509101396201558e+01,4.789371066470753249e+02,-2.135671835008681185e+01
-2.212953821040554914e+01,4.783479243099035330e+02,-2.089451133412033101e+01
-2.190271388627984095e+01,4.778258232056302859e+02,-2.058873617574454329e+01
-2.166785156420266034e+01,4.773606648214196184e+02,-2.039343017210498488e+01
-2.150517722986658242e+01,4.771192887021635443e+02,-2.034956253631394318e+01
-2.139226256311794572e+01,4.771485041668942699e+02,-2.049013526445784095e+01
-2.128500899468650687e+01,4.772653320619372153e+02,-2.082766166310704037e+01
-2.123291209609902808e+01,4.772182262872890419e+02,-2.136192866302173243e+01
-2.124605813951206201e+01,4.770060778164338444e+02,-2.200903894759586876e+01
-2.126385678068813689e+01,4.768922016888710118e+02,-2.264875368677425271e+01
-2.126009550839369666e+01,4.769436910515333921e+02,-2.325509607853523875e+01
-2.118689503476058889e+01,4.769627942567705645e+02,-2.383358518409053772e+01
-2.095823723299123742e+01,4.769699508210971430e+02,-2.433794260568814138e+01
-2.059869452470075402e+01,4.772791366703030462e+02,-2.473102247338313830e+01
-2.021635077345476716e+01,4.780676415853072854e+02,-2.501879827886761376e+01
-1.983330757219389540e+01,4.790634849290097463e+02,-2.526193737145897700e+01
-1.940346561998014607e+01,4.798259734378735288e+02,-2.550986713343174017e+01
-1.888030032328843433e+01,4.803295547929684517e+02,-2.571592813875011529e+01
-1.823013123076128394e+01,4.809341543087947457e+02,-2.585401740103377577e+01
-1.751256141454570425e+01,4.818805507709033691e+02,-2.599993240676305106e+01
-1.684706612898985156e+01,4.831600935147954488e+02,-2.620470401206562627e+01
-1.628867309289800858e+01,4.846795139194930471e+02,-2.643505984431015676e+01
-1.587505450697108245e+01,4.863171799480584241e+02,-2.666124839037058081e+01
-1.569828800097760357e+01,4.880788863810528255e+02,-2.685660961514381739e+01
-1.577514149653555364e+01,4.902078698245197188e+02,-2.694618063689576459e+01
-1.594371091755821901e+01,4.928084294021813889e+02,-2.692789930123191411e+01
-1.602838990367552441e+01,4.956396894764603189e+02,-2.691607147651147258e+01
-1.598316668466309665e+01,4.984748587875216117e+02,-2.696671986993963088e+01
-1.584886105507552223e+01,5.012940251168183181e+02,-2.707898615527007635e+01
-1.569729642851440587e+01,5.041938291686579987e+02,-2.731160409410713186e+01
-1.553581601038509419e+01,5.073598620702460380e+02,-2.768876944100123083e+01
-1.530291412576250742e+01,5.109973136731487102e+02,-2.812645120630249806e+01
-1.502813519220806704e+01,5.151401003532062077e+02,-2.854760630998479343e+01
-1.480185892850574092e+01,5.197042241022844564e+02,-2.894328020033607984e+01
-1.459593496401569190e+01,5.247006337755077539e+02,-2.933216823238107196e+01
-1.429618641092420361e+01,5.300800255154425713e+02,-2.973520152657496851e+01
-1.382939817094903034e+01,5.356474886294710132e+02,-3.015371932244431008e+01
-1.314945075457636747e+01,5.412902958595786913e+02,-3.057769275991755009e+01
-1.223999528290632632e+01,5.470921418941835555e+02,-3.100153825556148846e+01
-1.116884763754403131e+01,5.532241932013778296e+02,-3.138838941895553347e+01
-9.999573873700281723e+00,5.596298697628775471e+02,-3.170724950843357703e+01
-8.700345022483942259e+00,5.660653197721095466e+02,-3.202159981084336948e+01
-7.228716270712395975e+00,5.724888061619199107e+02,-3.242788443102531915e+01
-5.648763113046435080e+00,5.791219582990295294e+02,-3.290388550153495828e+01
-4.076398337719603582e+00,5.862048438916760915e+02,-3.327471323213726606e+01
-2.542835810136217845e+00,5.936111312741263646e+02,-3.336924246682810491e+01
-1.008905035795966132e+00,6.008737203731577665e+02,-3.317230113740836828e+01
5.748807073737968176e-01,6.077611928853676773e+02,-3.278836505192427353e+01
2.240548159947626683e+00,6.144167826674359958e+02,-3.233722644453113304e+01
4.020628070621159011e+00,6.208964211140056477e+02,-3.186390725405094670e+01
6.045608380698332063e+00,6.269701036079808318e+02,-3.133330130883299347e+01
8.423066346613008903e+00,6.324258172658652484e+02,-3.074802640207169446e+01
1.104555632535574716e+01,6.373542594278760589e+02,-3.017131924545609678e+01
1.372099533877731758e+01,6.421262723872747529e+02,-2.961608194297124541e+01
1.633937124602082491e+01,6.470774439153699404e+02,-2.905331903330081289e+01
1.888093812640785529e+01,6.522074065091576358e+02,-2.852210485450116906e+01
2.138122896775081472e+01,6.572436812669220672e+02,-2.810693253490858368e+01
2.386442009605437775e+01,6.618594119062247501e+02,-2.785554322168288621e+01
2.630887311416243435e+01,6.658908406030908509e+02,-2.776057994781714200e+01
2.869281679991931711e+01,6.694593541388996982e+02,-2.777821701701261858e+01
3.107945014511495430e+01,6.728163162384385032e+02,-2.791271031394694546e+01
3.357146357961699579e+01,6.760619683258159966e+02,-2.824287256620270270e+01
3.617526731005889218e+01,6.790310468227414731e+02,-2.877685106686033478e+01
3.881607840836559831e+01,6.814991204858507672e+02,-2.939406783779702081e+01
4.137357417768575374e+01,6.833960514455494604e+02,-3.001199371456482368e+01
4.374235697175944892e+01,6.848206490751987303e+02,-3.065716460485217354e+01
4.601038053259792093e+01,6.859581836457650752e+02,-3.133712161216638847e+01
4.837313378223382188e+01,6.868080768910886036e+02,-3.200989188871356816e+01
5.084100226749781370e+01,6.870914506609790351e+02,-3.265626921496610180e+01
5.329979734879767506e+01,6.865885413391591783e+02,-3.326940801536354542e+01
5.576752770069332854e+01,6.853111502985942707e+02,-3.383193175106066519e+01
5.834125368493722874e+01,6.833689866806327018e+02,-3.433887156295681820e+01
6.103190738990145547e+01,6.808905681226583511e+02,-3.479769589250471995e+01
6.379061704709051384e+01,6.780134457794742957e+02,-3.522792499993683890e+01
6.658060513730251273e+01,6.747805831744104808e+02,-3.566391468700360434e+01
6.942023968506522635e+01,6.710031996653797250e+02,-3.609136307424667223e+01
7.236655399589925253e+01,6.663870982967853251e+02,-3.644364433489850086e+01
7.541984168734944660e+01,6.608529120132584467e+02,-3.669801183883993900e+01
7.852957391582843627e+01,6.546155409125586857e+02,-3.684798658951623906e+01
8.172413323646605932e+01,6.478729977707200760e+02,-3.689497122195241019e+01
8.513291490971309372e+01,6.405029435489852858e+02,-3.696646154014792529e+01
8.887317066059389958e+01,6.321860038061333853e+02,-3.719059120332999413e+01
9.306888888581559627e+01,6.226834878205340829e+02,-3.756020509008043007e+01
9.789322523707313906e+01,6.119228846750338562e+02,-3.821022015993450083e+01
1.032657523269425184e+02,6.000178835307400504e+02,-3.952883774452029542e+01
1.085359047741546163e+02,5.871180428534489693e+02,-4.165028859465477495e+01
1.127306093190411644e+02,5.729695288540082174e+02,-4.394978554526848313e+01
1.151638819960133020e+02,5.569666430408715314e+02,-4.530357145458982160e+01
1.157840740916599174e+02,5.388955842516753592e+02,-4.496090283460369363e+01
1.150316865832147784e+02,5.189582872563314595e+02,-4.307343226170590356e+01
1.134406056649047940e+02,4.970968969934587562e+02,-4.031749316223082502e+01
1.113031975586386295e+02,4.731990363062348024e+02,-3.714431580938004629e+01
1.085640970748807916e+02,4.475863583665977785e+02,-3.360370481392899222e+01
1.049083792795748025e+02,4.206651021118942140e+02,-2.970846697873179210e+01
9.998076169294837712e+01,3.926542597528132887e+02,-2.552058249194208273e+01
9.359734555164824599e+01,3.637340706349571633e+02,-2.105507702041627027e+01
8.573549110183279254e+01,3.339453480575745061e+02,-1.644166232429804708e+01
7.654942314900623046e+01,3.031959889419788965e+02,-1.189060518369635489e+01
6.660954807929698518e+01,2.716199518263344999e+02,-7.457453303594080651e+00
5.675585121527790022e+01,2.395955274806948694e+02,-3.146954696186358369e+00
4.749483838509453193e+01,2.076726504497946166e+02,9.353427499297851666e-01
3.884034669112364924e+01,1.769503346145466196e+02,4.678905285736445485e+00
3.065044424021385083e+01,1.490542368392945036e+02,7.959388521258647486e+00
2.278766934696354696e+01,1.253735477701789023e+02,1.057700972243779169e+01
1.515379359575367779e+01,1.064071455207085251e+02,1.247298393280846618e+01
7.858007751272769070e+00,9.157186440225751767e+01,1.388639934292019618e+01
1.264187822110486303e+00,7.944294116744325152e+01,1.511417321105289169e+01
-4.220457526960092132e+00,6.851608649440012755e+01,1.627255925588952579e+01
-8.358772599241017787e+00,5.809352063857414805e+01,1.735356705871728877e+01
-1.113645048303536633e+01,4.829777314667955324e+01,1.825945620922973589e+01
-1.265154511573585516e+01,3.924206446685939653e+01,1.870774345299002661e+01
-1.289847549821828565e+01,3.070617770883630726e+01,1.825521307163372597e+01
-1.163532316754281659e+01,2.244092580208349474e+01,1.626190503436995982e+01
-8.785936815264861366e+00,1.453995024581009154e+01,1.230389640024310438e+01
-5.230436376358635897e+00,7.860294732808856821e+00,7.360841703365323951e+00
-2.413238178225808550e+00,3.449482145720881299e+00,3.406625625872691465e+00
-9.177220059270969621e-01,1.284228139604867369e+00,1.297120513980561940e+00
-3.185430349564432051e-01,4.405541105238299782e-01,4.505400728155376511e-01
-1.048172224116300788e-01,1.438888042612217200e-01,1.483146344903894520e-01
-3.330101926803112622e-02,4.547941577889119680e-02,4.713425121524149330e-02
-1.032042445935585015e-02,1.404159411491103827e-02,1.461065743866072839e-02
-3.139793186883948952e-03,4.259592465190611271e-03,4.445740742516840656e-03
-9.416369592852159680e-04,1.274567623034005351e-03,1.333467275784111332e-03
-2.791947171863111768e-04,3.772137512381681305e-04,3.954131350140951224e-04
-8.201350607234513803e-05,1.106384019070990389e-04,1.161626174727546255e-04
-2.390562662293979797e-05,3.220821205119622365e-05,3.386197328437406799e-05
-6.922681886579038876e-06,9.316848953127108635e-06,9.806476094059091495e-06
-1.993507272165963155e-06,2.680438722109014261e-06,2.824094401681422450e-06
-5.712911300782613430e-07,7.675231230549113256e-07,8.093543226256989360e-07
-1.630266113312697017e-07,2.188675602976840550e-07,2.309708188386439716e-07
-4.634883999011940263e-08,6.218509113807350057e-08,6.566786283886104318e-08
-1.313348441822840191e-08,1.761090607655118608e-08,1.860834293946588756e-08
-3.710516095574193833e-09,4.972967453647747032e-09,5.257440499681384243e-09
-1.045517826167842802e-09,1.400599058164559274e-09,1.481434959309423396e-09
-2.938882447150756677e-10,3.935357739930345404e-10,4.164313570765499353e-10
-8.242943306458655526e-11,1.103366976130012989e-10,1.168026470279670116e-10
-2.307357341387941107e-11,3.087466069811420070e-11,3.269592363984021065e-11
-6.446923701239971884e-12,8.623862330607813710e-12,9.135639918291745767e-12
-1.798287961707196294e-12,2.404812989782795375e-12,2.548312976396459168e-12
-5.008313177868175979e-13,6.695699392339875653e-13,7.097273726749052038e-13
-1.392834276053699992e-13,1.861636445299060536e-13,1.973811127567382517e-13
-3.868369309784184055e-14,5.169183768202192215e-14,5.482008678554073213e-14
-1.073042847341969525e-14,1.433562400697127514e-14,1.520666966582011075e-14
-2.973055082346839041e-15,3.971130784636451241e-15,4.213324565828627743e-15
-8.228453145849276262e-16,1.098871077878016672e-15,1.166124069454697297e-15
-2.275057239520458692e-16,3.037688733162839878e-16,3.224209117424228575e-16
-6.284231444268698128e-17,8.389385484630964614e-17,8.906090456375196559e-17
-1.734291873725270118e-17,2.314895746504773090e-17,2.457881495535414680e-17
-4.782166961095253500e-18,6.382181139063547972e-18,6.777461979983738072e-18
-1.317590007663449442e-18,1.758180195842376595e-18,1.867351411088127903e-18
-3.627502169276521481e-19,4.839859376673818153e-19,5.141107280789786805e-19
-9.979854898845513317e-20,1.331356236369340384e-19,1.414413095612804145e-19
-2.743758742224505294e-20,3.659853875806395877e-20,3.888667978991428614e-20
-7.538545343535351963e-21,1.005439009637733339e-20,1.068427975996871720e-20
-2.069964127860881985e-21,2.760474553957998910e-21,2.933750272557127300e-21
-5.680472287559928450e-22,7.574611244496144473e-22,8.050952590540246837e-22
-1.557988545898267859e-22,2.077290373076497169e-22,2.208154562393566789e-22
-4.270839846244682906e-23,5.693839365479574465e-23,6.053140743070997293e-23
-1.170150726975323745e-23,1.559891933958827650e-23,1.658484701233052869e-23
-3.204493796604490833e-24,4.271442941966021978e-24,4.541833206693349797e-24
-8.771526270255028656e-25,1.169107353855503109e-24,1.243222637920474710e-24
-2.399923729022706663e-25,3.198469373661017244e-25,3.401520508177543183e-25
-6.563479984180235556e-26,8.746732566965730563e-26,9.302756518976461143e-26
-1.794290609308018545e-26,2.390962164543172973e-26,2.543150346898649318e-26
-4.903207784861683459e-27,6.533256182932816050e-27,6.949622957688864996e-27
-1.339378435598323041e-27,1.784527836848211508e-27,1.898391920116631670e-27
-3.657362601154172371e-28,4.872588957915398695e-28,5.183846846608173641e-28
-9.983442596680860670e-29,1.329979210953126386e-28,1.415031077116086637e-28
-2.724242558185906002e-29,3.628975636765954701e-29,3.861294104234393867e-29
-7.431382577332502731e-30,9.898800709756975966e-30,1.053314669970303445e-29
-2.026547764248605687e-30,2.699264031145284827e-30,2.872411867485438862e-30
-5.524744100676877158e-31,7.358293195004639539e-31,7.830749723717335573e-31
-1.505705608675568538e-31,2.005313057848449428e-31,2.134187195163127271e-31
-4.102464237842244587e-32,5.463423467571186327e-32,5.814849361977521601e-32
-1.117455970425240624e-32,1.488089813691290404e-32,1.583890915300171555e-32
-3.042991695182412011e-33,4.052087710785346422e-33,4.313171826828431295e-33
-8.284370447386965632e-34,1.103106842700480141e-33,1.174239302485502648e-33
-2.254811002229696072e-34,3.002263670589836852e-34,3.196011412107881972e-34
-6.135585369410961543e-35,8.169131723309250798e-35,8.696714657299345872e-35
-1.669168826658419402e-35,2.222296162152927956e-35,2.365922384534992594e-35
-4.539896683761024732e-36,6.044076547958536651e-36,6.434979649720096340e-36
-1.234514001480066564e-36,1.643474001897620325e-36,1.749839354621646561e-36
-3.356241427060255524e-37,4.467898910690511160e-37,4.757253318173959420e-37
-9.122631851101078912e-38,1.214378565342522518e-37,1.293076237603762562e-37
-2.479130745913527885e-38,3.300028025352385496e-38,3.514020462295997569e-38
-6.735866643025837532e-39,8.965951066439425244e-39,9.547709214428229245e-39
-1.829804261832434029e-39,2.435525173052900623e-39,2.593648767760321462e-39
-4.969756822658495592e-40,6.614676824521859643e-40,7.044375056780066795e-40
-1.349544302144060767e-40,1.796166226568193423e-40,1.912913182041354286e-40
-3.664061256359191444e-41,4.876501509898866769e-41,5.193637108330749404e-41
-9.946352943788623914e-42,1.323719953374861871e-41,1.409851865575410465e-41
-2.699556855053669652e-42,3.592623290561744844e-42,3.826509701574928243e-42
-7.325721465633611310e-43,9.748928521088377242e-43,1.038392271350101463e-42
-1.987647682579144127e-43,2.645047577595699265e-43,2.817417051774525927e-43
-5.392140456354926436e-44,7.175351486282271217e-44,7.643171396311755834e-44
-1.462572531915449714e-44,1.946200553927974452e-44,2.073148773667687855e-44
-3.966519909303489560e-45,5.277986751151177398e-45,5.622420626818485936e-45
-1.075571780126689731e-45,1.431155445185813372e-45,1.524592281851904693e-45
-2.916138632374323793e-46,3.880114921805706821e-46,4.133549023799668346e-46
-7.905281889246310056e-47,1.051823940296005947e-46,1.120554235764581677e-46
-2.142734457595148638e-47,2.850910332186273961e-47,3.037277376901484056e-47
-5.807142316045146510e-48,7.726226300843226063e-48,8.231502963702181660e-48
-1.573624063506886382e-48,2.093610669450589740e-48,2.230582099048771916e-48
-4.263685343912642842e-49,5.672444857279897790e-49,6.043700214114845793e-49
-1.155090844158398518e-49,1.536709205963636823e-49,1.637323290165991996e-49
-3.128924829390708713e-50,4.162567642858596508e-50,4.435207541406332369e-50
-8.474678489367751396e-51,1.127405706747002232e-50,1.201275325682569880e-50
-2.295099560068926997e-51,3.053159868132615717e-51,3.253279322774814845e-51
-6.214856073487558704e-52,8.267425629245816071e-52,8.809502552433207985e-52
-1.682723985842809412e-52,2.238429881837823866e-52,2.385248725421676912e-52
-4.555624758030820166e-53,6.059965041869614471e-53,6.457571133038451267e-53
-1.233210484652838739e-53,1.640405130552301278e-53,1.748070405581012588e-53
-3.337963652171151932e-54,4.440045453331421063e-54,4.731553593580740539e-54
-9.034040380429265753e-55,1.201655293023896048e-54,1.280573844972099427e-54
-2.444777571815823494e-55,3.251842097135656077e-55,3.465471914199801193e-55
-6.615374352081103648e-56,8.799072440675331647e-56,9.377301469784709042e-56
-1.789897107026781884e-56,2.380691126959266087e-56,2.537183821919051094e-56
-4.842404597275883491e-57,6.440635519810691571e-57,6.864127580017760188e-57
-1.309948498292316044e-57,1.742266846278628612e-57,1.856858857509654363e-57
-3.543302767041437550e-58,4.712611636245307167e-58,5.022654754345165409e-58
-9.583495231070715348e-59,1.274589648738068079e-58,1.358467892539234655e-58
-2.591802687371575629e-59,3.447002416724072250e-59,3.673903626956553090e-59
-7.008788737831144045e-60,9.321288327020195152e-60,9.935029552380245884e-60
-1.895167957279070548e-60,2.520426971752408994e-60,2.686422163733538798e-60
-5.124090562908675416e-61,6.814543517747028632e-61,7.263462696246863180e-61
-1.385322482370642256e-61,1.842317715751082174e-61,1.963713592702412004e-61
-3.744989306231929074e-62,4.980328765529012309e-62,5.308577840563946504e-62
-1.012316927926821910e-62,1.346225533558674317e-62,1.434975364472648956e-62
-2.736208718044795419e-63,3.638685715634640201e-63,3.878622393545000428e-63
-7.395189790205410542e-64,9.834193517285079138e-64,1.048281518157701275e-63
-1.998560791844782586e-64,2.657669618083694885e-64,2.832998136240509688e-64
-5.400747619623457392e-65,7.181775284419154590e-65,7.655668578729592389e-65
-1.459349836880068596e-65,1.940580839630513113e-65,2.068659278206115440e-65
-3.943069873468127359e-66,5.243258713441303352e-66,5.589388919868871110e-66
-1.065318734731032734e-66,1.416579519200979419e-66,1.510113956166700055e-66
-2.878029095928830205e-67,3.826936379138657792e-67,4.079675608872245294e-67
-7.774667052881096543e-68,1.033790689185950123e-67,1.102078529870129797e-67
-2.100099593872826409e-68,2.792450906570832891e-68,2.976945739079380288e-68
-5.672440003260152780e-69,7.542416100903590019e-69,8.040836291212722778e-69
-1.532047766577266159e-69,2.037079059373111657e-69,2.171720304292762409e-69
-4.137590549505081605e-70,5.501462657918857768e-70,5.865153318505065860e-70
-1.117367285662379250e-70,1.485667991394735279e-70,1.583901164423217861e-70
-3.017296877873344820e-71,4.011798294314895530e-71,4.277110135882908554e-71
-8.147309064384093197e-72,1.083254599664317183e-71,1.154906542013123083e-71
-2.199808077265990714e-72,2.924802320366743488e-72,3.118298590194029043e-72
-5.939231228439244900e-73,7.896550290749404672e-73,8.419055875009551108e-73
-1.603433283028588768e-73,2.131834959945825752e-73,2.272920787358966242e-73
-4.328596897606313343e-74,5.755001089850416765e-74,6.135935629098108234e-74
-1.168474784245070516e-74,1.553507151832804681e-74,1.656354289532181407e-74
-3.154044749416080964e-75,4.193314855269630017e-75,4.470972311132924228e-75
-8.513203368621491113e-76,1.131822705702960571e-75,1.206777965222808397e-75
-2.297709689502426872e-76,3.054754988905528274e-76,3.257089929832648786e-76
-6.201184096120052344e-77,8.244261230013033077e-77,8.790416359714851342e-77
-1.673523206634808689e-77,2.224870872514516080e-77,2.372284572796320611e-77
-4.516133968967735757e-78,6.003933820277906072e-78,6.401799718343262164e-78
-1.218653296837823642e-78,1.620113020100224277e-78,1.727490437331536481e-78
-3.288305028675129063e-79,4.371528968304295132e-79,4.661307950307429966e-79
-8.872436525308333694e-80,1.179506499174938266e-79,1.257705070611772810e-79
-2.393827614428795264e-80,3.182339691610863402e-80,3.393352624507445362e-80
-6.458360701083094596e-81,8.585631357192441723e-81,9.155005773812221139e-81
-1.742334168635515101e-81,2.316208877105155225e-81,2.469835237832925249e-81
-4.700246308087116168e-82,6.248319987525345221e-82,6.662808734617442216e-82
-1.267914754072255152e-82,1.685501435583914539e-82,1.797326521246313480e-82
-3.420109670202138082e-83,4.546483057031253429e-83,4.848162353683230266e-83
-9.225094120289720064e-84,1.226317342657443097e-83,1.307699991232368527e-83
-2.488184775025397889e-84,3.307586861567140598e-84,3.527119170914600932e-84
-6.710822439337847721e-85,8.920742183062076562e-85,9.512911155175629573e-85
-1.809882613095022723e-85,2.405870805240431010e-85,2.565596094348689156e-85
-4.880977958135465763e-86,6.488218064330296577e-86,6.919025115593947715e-86
-1.316270952467687893e-86,1.749688059616888832e-86,1.865879264577836973e-86
-3.549490275264504978e-87,4.718219076034969338e-87,5.031580320704708159e-87
