6.941789567919919968e+00,9.655076728116892326e+00,2.122573977735788819e+00
5.516781501449024461e+00,9.810991993704458736e+00,1.746514088030885592e+00
4.680152691453951519e+00,9.973106998882373730e+00,1.511083301221346931e+00
4.403498836711140285e+00,1.014007056155544007e+01,1.405869252461390495e+00
3.853854810968410760e+00,1.035864526809575459e+01,1.220282052148420338e+00
3.163198675102377955e+00,1.060599886076387577e+01,9.750581334027046410e-01
2.857758140318818807e+00,1.083237002544634997e+01,7.889050309681555628e-01
2.827658665121261183e+00,1.103602880825722110e+01,6.302607783039808620e-01
2.718697918894188437e+00,1.123861068149916242e+01,4.104274054043694497e-01
2.584942501327627262e+00,1.143642605710569704e+01,1.425585210254336210e-01
2.640988836113806748e+00,1.161300894053924360e+01,-1.138541123758963908e-01
2.846356235138786772e+00,1.177026672219882641e+01,-3.532476307864435006e-01
3.053125379512012572e+00,1.192308861426010935e+01,-5.966116312985949577e-01
3.264677060075972026e+00,1.207786004326383633e+01,-8.373191337907154308e-01
3.555760100208290808e+00,1.222837275743789220e+01,-1.057424245015753383e+00
3.919617669380913494e+00,1.236492171050279509e+01,-1.253887671841033891e+00
4.304891613225532154e+00,1.248252211481464258e+01,-1.426525914699125375e+00
4.699249255439932327e+00,1.258432927161387127e+01,-1.566111307730944091e+00
5.119641269956040297e+00,1.267762957590597495e+01,-1.663531572963276917e+00
5.574179128421690166e+00,1.276520648201837815e+01,-1.716582820809746890e+00
6.058179390511053697e+00,1.284404870435417578e+01,-1.728276626448376208e+00
6.563261702912154050e+00,1.291408177349426190e+01,-1.708623715838619272e+00
7.080429577156878374e+00,1.298328125519794440e+01,-1.674967547400216583e+00
7.601054216883919246e+00,1.306123184450970065e+01,-1.641419248547257403e+00
8.117435463875818158e+00,1.315159076415521966e+01,-1.607786856769667816e+00
8.621871116325053208e+00,1.325411652398135942e+01,-1.563373219109506440e+00
9.106128073106974696e+00,1.337044616538446817e+01,-1.500333331042492446e+00
9.563347929287775884e+00,1.350315802238326768e+01,-1.418240381151384844e+00
9.990717779494534767e+00,1.365076309823322376e+01,-1.316045660853506494e+00
1.038944076568428088e+01,1.380819782193213285e+01,-1.186048392834713194e+00
1.076180306425304600e+01,1.397254303646956863e+01,-1.019704878174933382e+00
1.110882235108786809e+01,1.414540885915863910e+01,-8.170791708157674194e-01
1.143088686607375237e+01,1.432931193176999329e+01,-5.876963943754376363e-01
1.172987741725667732e+01,1.452313502819771429e+01,-3.437542825938410540e-01
1.201012613070521695e+01,1.471961664584198992e+01,-9.588655668451621927e-02
1.227798453574303217e+01,1.490313359401358717e+01,1.448821105367737727e-01
1.254115632967979010e+01,1.504782706511309698e+01,3.649291113382558405e-01
1.280734120798208764e+01,1.511932202837618533e+01,5.495009332559143145e-01
1.308123149986740152e+01,1.508073161048625721e+01,6.844631176057752731e-01
1.336203052752233056e+01,1.489901850856177035e+01,7.562210290947477542e-01
1.364538761280991608e+01,1.454805460083836977e+01,7.537701604463035165e-01
1.392916380427289624e+01,1.400901835388855332e+01,6.742731416455577387e-01
1.421694939919071032e+01,1.327131007197247570e+01,5.260885788064940671e-01
1.451526669775990364e+01,1.233564142894821103e+01,3.255435000915083421e-01
1.482770789501956088e+01,1.121786354809994535e+01,9.264571572821514445e-02
1.515171666718551791e+01,9.950420369103492035e+00,-1.499482698143085879e-01
1.547907617182623419e+01,8.578900454681992471e+00,-3.787975141735778206e-01
1.579739395779566102e+01,7.153738193705946102e+00,-5.754280398698038423e-01
1.609128792457495649e+01,5.720932704487495357e+00,-7.303768342936330926e-01
1.634397351010678889e+01,4.317647682281675614e+00,-8.411620039196302523e-01
1.653912973830172106e+01,2.974668954673286514e+00,-9.092695570889787193e-01
1.666210060174923413e+01,1.720094577632117705e+00,-9.408836970011156264e-01
1.670047279290954023e+01,5.770113159498011512e-01,-9.472088681712002023e-01
1.664454135440790949e+01,-4.434745384774068100e-01,-9.407536391061411818e-01
1.648757897925882787e+01,-1.344367092665875063e+00,-9.321674437097463572e-01
1.622624545540465490e+01,-2.135253574520382003e+00,-9.304150196353155877e-01
1.586201015595305108e+01,-2.822369764552099980e+00,-9.405884421180559229e-01
1.540264673586194810e+01,-3.406421709251008068e+00,-9.576979187037322205e-01
1.486115559838909306e+01,-3.888472740667783256e+00,-9.664795798073511079e-01
1.425199601325200582e+01,-4.275383516346863644e+00,-9.531863392533748147e-01
1.358837620972750670e+01,-4.578922679689835462e+00,-9.181865735330425604e-01
1.288319414560033671e+01,-4.810791723397201736e+00,-8.754710291466736294e-01
1.215140454808682158e+01,-4.978727739837474076e+00,-8.415496293884828782e-01
1.141043349299302356e+01,-5.085772169262973819e+00,-8.263677684752055441e-01
1.067872508448783897e+01,-5.132009878076429388e+00,-8.312615831917248288e-01
9.974333348075152372e+00,-5.117896116439554888e+00,-8.504246697459173499e-01
9.313635151476285401e+00,-5.047764707240881776e+00,-8.739258104280732686e-01
8.709402171488893174e+00,-4.930656438516624718e+00,-8.922455748074971105e-01
8.169326453869384608e+00,-4.776924468496916987e+00,-8.991026146527072438e-01
7.696564072350010832e+00,-4.593708920345374480e+00,-8.900427926191217809e-01
7.291476074100245341e+00,-4.384210499048293741e+00,-8.607703212659701952e-01
6.952467991120981239e+00,-4.150948290411461628e+00,-8.098963706506158156e-01
6.675604126463809074e+00,-3.898132762440953414e+00,-7.427486455300039703e-01
6.454423440974554005e+00,-3.630488760227310152e+00,-6.691729788491002084e-01
6.280986295386499663e+00,-3.351566819372836292e+00,-5.958290436888222796e-01
6.148040873973898535e+00,-3.064547954891152060e+00,-5.213739042211773533e-01
6.051197175063158795e+00,-2.773620360665862705e+00,-4.399073423606903455e-01
5.988962047593672899e+00,-2.483114570803460097e+00,-3.487481657972728022e-01
5.959311496163044453e+00,-2.195741222193436926e+00,-2.526899901458761755e-01
5.955300814254182562e+00,-1.912557632335706970e+00,-1.613643677847807489e-01
5.964653848423815852e+00,-1.633803265496704071e+00,-8.291928056692410287e-02
5.974673791874475448e+00,-1.358406351501740161e+00,-1.955518575551916036e-02
5.977962643041180968e+00,-1.083023563273792789e+00,3.237257370642122184e-02
5.974063393421547907e+00,-8.028490766303519877e-01,7.911283259568632764e-02
5.967015231079957793e+00,-5.136166757431510632e-01,1.256308950340794262e-01
5.961809005400147576e+00,-2.125034816136661675e-01,1.720587681208382846e-01
5.961615427310604787e+00,1.021623472639987540e-01,2.119119039941422533e-01
5.966572910415613329e+00,4.306965749007778399e-01,2.355511409312834592e-01
5.974971049219329089e+00,7.712741823290807375e-01,2.390806054856048080e-01
5.985948622433368449e+00,1.120196533538893924e+00,2.304000462892807355e-01
6.000616076460054238e+00,1.473542985133480698e+00,2.236186104102073635e-01
6.020272938050148070e+00,1.828515840018882344e+00,2.263199677669842369e-01
6.044387697578934571e+00,2.183336226750706821e+00,2.342841123472856890e-01
6.070995856366311116e+00,2.536628787273086161e+00,2.388866204219994571e-01
6.098506023121947450e+00,2.887605827730178376e+00,2.364144144354798915e-01
6.126744261708969574e+00,3.236762877862168430e+00,2.293106074418823637e-01
6.157044739617616891e+00,3.585947911014062406e+00,2.225367050158164328e-01
6.191617320494344767e+00,3.937687214409772984e+00,2.212622067492013012e-01
6.231556592118225879e+00,4.294479742098138431e+00,2.283193529616901751e-01
6.274605845549775296e+00,4.658049381632408448e+00,2.399236705025746264e-01
6.315796393109959439e+00,5.028131088052316677e+00,2.458840524573963349e-01
6.351149415546803567e+00,5.401746813582724904e+00,2.376272892732124165e-01
6.380189663794903154e+00,5.774748349929656577e+00,2.151877463744076013e-01
6.404667167851475718e+00,6.145108960717249325e+00,1.842748793620676839e-01
6.426141729907163480e+00,6.514584452574122331e+00,1.485925366502104938e-01
6.445038448551094312e+00,6.886771951984849593e+00,1.082500862869393149e-01
6.459534374925593347e+00,7.264389668064225702e+00,6.438235554746934985e-02
6.463375670497138792e+00,7.649890680944675836e+00,2.154416721637460522e-02
6.446687405031907403e+00,8.048336990222543008e+00,-1.497429615861111708e-02
6.402418874856235398e+00,8.466819590566213805e+00,-4.203116655794444240e-02
6.332638817061377878e+00,8.908722660503638480e+00,-5.886226274144432807e-02
6.246236911746254172e+00,9.369749477322304898e+00,-6.691187643640046645e-02
6.148486813749255653e+00,9.842887717870372200e+00,-6.999396886831445175e-02
6.032610136200343476e+00,1.032843181993649928e+01,-7.188949318135283428e-02
5.882224705685320743e+00,1.083713035251742340e+01,-7.162338778672605599e-02
5.682734626423032509e+00,1.138199764715416862e+01,-6.245104599666611439e-02
5.429747783909966152e+00,1.196841998382686967e+01,-3.761702864244292899e-02
5.123829002700414748e+00,1.259370071365825794e+01,3.919876671254797496e-03
4.755889389640358011e+00,1.325418079383606162e+01,5.956218290246765440e-02
4.302629124011200901e+00,1.394867425486902945e+01,1.284672406475321493e-01
3.744632358029762909e+00,1.467328375165973142e+01,2.089828253843501737e-01
3.091683410053740477e+00,1.541483629628521612e+01,2.891394255680879155e-01
2.384956462376189634e+00,1.615195562483674863e+01,3.453294476471511776e-01
1.668750057825286515e+00,1.686329000549400092e+01,3.561933957019699504e-01
9.593299982665663972e-01,1.753454918281599717e+01,3.177058049113661853e-01
2.400857266868911266e-01,1.815844040267622717e+01,2.425594498962689305e-01
-5.193123648000425030e-01,1.872977705322617226e+01,1.467565945849240716e-01
-1.343866919154741435e+00,1.924204122153125596e+01,4.008807065660722341e-02
-2.248204912650852538e+00,1.968803223412447068e+01,-7.236080493555929749e-02
-3.239907512793809286e+00,2.006161400245789039e+01,-1.857596634887948850e-01
-4.322207256613722848e+00,2.035715641942176291e+01,-2.956415958086319740e-01
-5.494803471911358983e+00,2.056764892077975304e+01,-3.995484157286571802e-01
-6.754766565084734609e+00,2.068459238665993283e+01,-4.953004484570782684e-01
-8.097496307327414655e+00,2.069958736628993989e+01,-5.787618271338567100e-01
-9.517461628416919339e+00,2.060479921959205285e+01,-6.464231334056783629e-01
-1.100940123376896729e+01,2.039201438796857957e+01,-7.001525033581724733e-01
-1.256926622868874865e+01,2.005305522286833764e+01,-7.461606250373810090e-01
-1.419316897467647642e+01,1.958208353662320178e+01,-7.877182506310892451e-01
-1.587552201797066864e+01,1.897695968295704105e+01,-8.213499800589568745e-01
-1.761014805097677183e+01,1.823872206064616819e+01,-8.429024521824166616e-01
-1.939414307387005110e+01,1.737128783411864674e+01,-8.560706835374406465e-01
-2.122774283907317994e+01,1.638099585246716572e+01,-8.712268490939950594e-01
-2.310581835487688096e+01,1.527301216316196886e+01,-8.944666456694204681e-01
-2.500835359632129240e+01,1.404685547394337064e+01,-9.197579949133513066e-01
-2.690225359521069848e+01,1.269873691467164889e+01,-9.337046187396002006e-01
-2.875467072549896486e+01,1.123174436425818712e+01,-9.274247528518948513e-01
-3.054317367512794945e+01,9.663600395785751473e+00,-9.022901994055454455e-01
-3.225164517470633285e+01,8.023951474023343522e+00,-8.640926747928280305e-01
-3.385851243946176226e+01,6.346720203611790900e+00,-8.130773042544793272e-01
-3.533151116082108700e+01,4.667547428602873083e+00,-7.406551730269482769e-01
-3.663234683013615012e+01,3.026441903658202648e+00,-6.354141517317587473e-01
-3.772281724786186885e+01,1.468299564312533612e+00,-4.916765233864004991e-01
-3.856585970469239300e+01,3.888821146717980071e-02,-3.128277790340380782e-01
-3.912363073120393864e+01,-1.219297085852922180e+00,-1.080136410635921806e-01
-3.935735118294554979e+01,-2.268335741161363828e+00,1.131897889933448226e-01
-3.923009720186514926e+01,-3.074949902450896388e+00,3.431404515613622475e-01
-3.871098611412492119e+01,-3.611146590082052299e+00,5.746717037328044064e-01
-3.777921038092528505e+01,-3.855241817877184118e+00,7.987970732542812868e-01
-3.642687109682032087e+01,-3.793276243090000222e+00,1.004424456252693831e+00
-3.465998717763343961e+01,-3.421441814540241211e+00,1.179936945794030967e+00
-3.249784799949809155e+01,-2.748435057111361601e+00,1.315210328260587147e+00
-2.997147621939405582e+01,-1.795111226037704455e+00,1.404346586423149468e+00
-2.712218013603078148e+01,-5.907839079252124037e-01,1.449781194394023531e+00
-2.400123704340436603e+01,8.308441286517922464e-01,1.465216072703100281e+00
-2.067094229769640279e+01,2.432487407281140435e+00,1.473393998789440218e+00
-1.720579868140407598e+01,4.170490525041686602e+00,1.499559066272712293e+00
-1.369295337423845105e+01,5.991478020751239697e+00,1.566490398769442072e+00
-1.023312601109930498e+01,7.831566221442260556e+00,1.693520599410649696e+00
-6.942443602865116858e+00,9.619230510259811240e+00,1.893818046040969039e+00
-3.950305325682220481e+00,1.128132968268644021e+01,2.164569078616674247e+00
-1.386373970145066581e+00,1.275047361634825549e+01,2.476034088347599749e+00
6.423300854774269819e-01,1.397046359301658569e+01,2.773102662717289224e+00
2.072685667621789296e+00,1.489774441750547140e+01,2.994160579417293189e+00
2.893527904999590117e+00,1.550176701627755449e+01,3.094861180666523826e+00
3.139831657080930594e+00,1.576976279629008459e+01,3.059136055028680357e+00
2.881094997300592819e+00,1.571591007768864046e+01,2.893162726496088855e+00
2.210824739225320634e+00,1.538676247867011782e+01,2.614045768989936569e+00
1.238397109401272234e+00,1.485515638446916853e+01,2.245327055208973466e+00
8.174104885067685899e-02,1.420414660471119817e+01,1.818255820618349450e+00
-1.140462439943533246e+00,1.350991763982657190e+01,1.369323164653651670e+00
-2.317216246754126630e+00,1.283112166897645068e+01,9.308380481217696234e-01
-3.353056492482402007e+00,1.220608934390799760e+01,5.221485473730907989e-01
-4.174071425158370374e+00,1.165547749397861566e+01,1.495419894384800719e-01
-4.732954162751031646e+00,1.118698274688668803e+01,-1.869487889017152349e-01
-5.014297911450182887e+00,1.079913658357053663e+01,-4.882609793314044433e-01
-5.037084923866897768e+00,1.048312395862079072e+01,-7.567014439953512195e-01
-4.848402840304497197e+00,1.022450286012195697e+01,-9.980646031358244574e-01
-4.508005440652457452e+00,1.000730850609592970e+01,-1.220144620384679079e+00
-4.072404443581389089e+00,9.819614186000926281e+00,-1.427845551779662214e+00
-3.587662964925807163e+00,9.656160365874017160e+00,-1.619184054766091174e+00
-3.090874092572583720e+00,9.515452590255275567e+00,-1.784908235810339194e+00
-2.613236801285920841e+00,9.394514981723601110e+00,-1.911138673342598127e+00
-2.180085686610231832e+00,9.286930767861786507e+00,-1.983578138617782205e+00
-1.809317798104304265e+00,9.185438011213554077e+00,-1.992274685655153643e+00
-1.511145992984232800e+00,9.085037944066529647e+00,-1.935202544912490330e+00
-1.289331513233486382e+00,8.983270999220126285e+00,-1.818328237230193212e+00
-1.142223315844531850e+00,8.878956704411702816e+00,-1.651863566521235338e+00
-1.062863457845255599e+00,8.771988352342896533e+00,-1.445631446113752050e+00
-1.038989354152133782e+00,8.663751448687921908e+00,-1.206827012775359975e+00
-1.054102880170238121e+00,8.556342456668916796e+00,-9.404674891599994480e-01
-1.089834657060998913e+00,8.451311835482682611e+00,-6.506435555463214726e-01
-1.128647424490428985e+00,8.350217140837980168e+00,-3.417654628399498518e-01
-1.155775371862165724e+00,8.256556580764847553e+00,-2.037499959819371806e-02
-1.160329422885015171e+00,8.175906704093472754e+00,3.031523371418866075e-01
-1.136159258807144301e+00,8.113239699666292992e+00,6.149440457462529430e-01
-1.082326930368164630e+00,8.070672042072095209e+00,8.999216290609950430e-01
-1.002319266014562782e+00,8.048531989124386499e+00,1.143702807103424091e+00
-9.020227217294366495e-01,8.047563661774901789e+00,1.333636674178448889e+00
-7.878658260187115792e-01,8.067981800756454547e+00,1.461239717454435816e+00
-6.661938878177144918e-01,8.105846406339855648e+00,1.526007059448862169e+00
-5.433208449902661163e-01,8.152083842655940771e+00,1.536261893165788539e+00
-4.251924002865886121e-01,8.196722473193590375e+00,1.504449178362967432e+00
-3.166509906732862811e-01,8.234079532365937482e+00,1.440818542451962170e+00
-2.210056257339474695e-01,8.263565451446620358e+00,1.351173968540202219e+00
-1.400550565446884721e-01,8.286612064727348681e+00,1.238964021372369606e+00
-7.416144896177118140e-02,8.304247369984153693e+00,1.107660564962924976e+00
-2.231567243304654127e-02,8.317253638725665255e+00,9.611746926753518272e-01
1.750161796979309708e-02,8.326917417404494870e+00,8.034280924982135641e-01
4.768885574923519693e-02,8.334632404559000562e+00,6.384028939792100177e-01
7.048799021700705159e-02,8.341081180185236477e+00,4.706651073466238677e-01
8.769409368370953417e-02,8.346209129070615518e+00,3.060245242054841497e-01
1.005058775783391617e-01,8.349881281013459500e+00,1.518760872678446283e-01
1.095016031605592632e-01,8.352371849578288376e+00,1.642210484364438686e-02
1.147813638023097021e-01,8.354186785417549999e+00,-9.317954938384107044e-02
1.162230389576612705e-01,8.355431631410144888e+00,-1.722266887617382447e-01
1.138242254256330299e-01,8.355488932577426198e+00,-2.184017824381146722e-01
1.080182821211346511e-01,8.353442425894089141e+00,-2.312500841820495368e-01
9.953390957958412055e-02,8.348522187411525408e+00,-2.126132923100441663e-01
8.869093456723013691e-02,8.339744519487725327e+00,-1.674534102664534119e-01
7.512496908689769715e-02,8.325643381609415528e+00,-1.033706647651520538e-01
5.884864161086130613e-02,8.305618934437010381e+00,-2.861280016197555176e-02
4.151658323901714215e-02,8.281947306049337598e+00,4.975806787929256542e-02
2.585137435325900179e-02,8.259540956848027804e+00,1.261931730559257003e-01
1.361488046200574897e-02,8.243046281999259151e+00,1.959670580314778476e-01
4.719685939436703281e-03,8.234499198343153026e+00,2.548775307326683892e-01
-1.822245862290559817e-03,8.233754022716938792e+00,2.998814421682811648e-01
-7.237719748955696170e-03,8.239988900415822215e+00,3.298889570082069733e-01
-1.343318603071276887e-02,8.252089182748962415e+00,3.456456897762003599e-01
-2.254737405225858138e-02,8.268516645046700475e+00,3.484595060613041584e-01
-3.505377576723540944e-02,8.287873891026691808e+00,3.386336540562467912e-01
-4.912629239705539747e-02,8.309434190359729300e+00,3.150602188698293227e-01
-6.250957037462921695e-02,8.332984799663799791e+00,2.768009822213876037e-01
-7.394490903449792152e-02,8.359049731763011692e+00,2.254255801579128082e-01
-8.197877045547112551e-02,8.389541146330465438e+00,1.651663379703185996e-01
-8.371465923343707205e-02,8.426668756089938483e+00,9.951525749001675913e-02
-7.633511845569865284e-02,8.469859508064118359e+00,2.726076970980436526e-02
-5.944422632912716581e-02,8.514370945489925901e+00,-5.722792979071026492e-02
-3.482314763630895565e-02,8.554022506089449251e+00,-1.589114685003813476e-01
-4.362030265424515080e-03,8.585089910582247796e+00,-2.772485222173031727e-01
3.061175022365117404e-02,8.607278323207138371e+00,-4.063170385460545542e-01
6.831801082299983341e-02,8.622107454675616012e+00,-5.388244068152946431e-01
1.062633691053893742e-01,8.631586082387318726e+00,-6.694359306680512933e-01
1.424785180889768521e-01,8.637840125007972603e+00,-7.951219601063380660e-01
1.764733281003310617e-01,8.642613540850129894e+00,-9.138866840697805749e-01
2.087925551834654003e-01,8.646886073879381129e+00,-1.023905652598817051e+00
2.400468817891118212e-01,8.651454098645238844e+00,-1.123636946681820570e+00
2.704505723723823474e-01,8.657607990265294262e+00,-1.212244258312573431e+00
2.998271010387077995e-01,8.666637681148861461e+00,-1.289302329045058704e+00
3.277185018381870152e-01,8.679020137102765986e+00,-1.353606560213039600e+00
3.535056632062055781e-01,8.694879370661436013e+00,-1.402619357983537096e+00
3.763556119676382261e-01,8.714963210862322285e+00,-1.433907749528046116e+00
3.947307289840067956e-01,8.739957691628962522e+00,-1.446855392960285869e+00
4.058038258920200203e-01,8.768388941044381824e+00,-1.441605615402311580e+00
4.057669935218564672e-01,8.796182982447140475e+00,-1.416032287969007708e+00
3.915204997927967945e-01,8.819438493989251171e+00,-1.365131254797386617e+00
3.627519226562663790e-01,8.837660238024017900e+00,-1.284141364996038925e+00
3.226000829684367854e-01,8.853674200507253289e+00,-1.171362742628496489e+00
2.761185709519215492e-01,8.870499060141646908e+00,-1.027774915891537022e+00
2.277256479709180992e-01,8.889114503555978430e+00,-8.559575064700936098e-01
1.796732301547638577e-01,8.909295053502184203e+00,-6.610481825735030625e-01
1.324569340735445022e-01,8.931233947960071973e+00,-4.516487490701303065e-01
8.634949083321848129e-02,8.955051146428411712e+00,-2.377279758377658092e-01
4.261696955517902535e-02,8.979039460509365966e+00,-2.705061922427351787e-02
3.685478880197681512e-03,8.999758363532945893e+00,1.766086702636170125e-01
-2.752911538979372144e-02,9.014551672356335033e+00,3.735725175266350617e-01
-4.856001268152716072e-02,9.023692736423639005e+00,5.684136231700486208e-01
-5.813647074335712150e-02,9.029980044382540427e+00,7.692027382268734614e-01
-5.644762432995104745e-02,9.036895760935022892e+00,9.838852477350739090e-01
-4.483460426583153052e-02,9.047529662478162038e+00,1.215160246753812512e+00
-2.515859914728434121e-02,9.064408535356204055e+00,1.457663862203771199e+00
6.820557755169140207e-04,9.088980887571823430e+00,1.699307487947599560e+00
3.083633359626910403e-02,9.120915657315391556e+00,1.925584296422629293e+00
6.342694517447895752e-02,9.158700816755969143e+00,2.124544989379235194e+00
9.671958828980518896e-02,9.201449985400842024e+00,2.289932925987344436e+00
1.295724934536719997e-01,9.249656764634842432e+00,2.420441863712845976e+00
1.618125216839315927e-01,9.303777618286336093e+00,2.515810219629438738e+00
1.942470262615748899e-01,9.362745887131930900e+00,2.573703098194425998e+00
2.283812847589905548e-01,9.424832371481024040e+00,2.590574455585274105e+00
2.660952174760414790e-01,9.489789753707523090e+00,2.565136575117239026e+00
3.093983632776708959e-01,9.559035553199768387e+00,2.500363315405425002e+00
3.601803804684439170e-01,9.633249154259070579e+00,2.402220379567236108e+00
4.198653261884724430e-01,9.710556890642797256e+00,2.277061426852172943e+00
4.890759868379293551e-01,9.787805148510127395e+00,2.130318801988241084e+00
5.675622074252267835e-01,9.863077181787705427e+00,1.966861166519371817e+00
6.544535069372171554e-01,9.936001408771392818e+00,1.791443247594813659e+00
7.485300409875651484e-01,1.000600456949088191e+01,1.608025199834141494e+00
8.482643692411604430e-01,1.007191561166075822e+01,1.418637306695913480e+00
9.519130488263971568e-01,1.013402260612205197e+01,1.223657583853114961e+00
1.058029913863242077e+00,1.019542543307003513e+01,1.024179053630265956e+00
1.166044959068440967e+00,1.026014306940788501e+01,8.245067897764302156e-01
1.276179223031165266e+00,1.032991310326666934e+01,6.319354769710209263e-01
1.388828314219801241e+00,1.040309331371095425e+01,4.534346535331609807e-01
1.504338150528103490e+00,1.047617979923131770e+01,2.921087051504395737e-01
1.623381445925455413e+00,1.054621497041803124e+01,1.465047949095391322e-01
1.747147055826713702e+00,1.061267925367770282e+01,1.291647462763034770e-02
1.877092856497382334e+00,1.067777481459126321e+01,-1.117677342910682048e-01
2.014955125553417492e+00,1.074445052359764929e+01,-2.289382521049302122e-01
2.163057523749428057e+00,1.081396679589831855e+01,-3.391183409087096812e-01
2.324018926481763891e+00,1.088612894666712805e+01,-4.434797713199710167e-01
2.499967176312428485e+00,1.096174714087016966e+01,-5.444718271897613926e-01
2.692599666899328614e+00,1.104315740602369367e+01,-6.447454767321123548e-01
2.904030929739862099e+00,1.113168728083955372e+01,-7.448938433778353740e-01
3.136471565103736925e+00,1.122655611362251094e+01,-8.419941575002756196e-01
3.390353323563197740e+00,1.132802480142868795e+01,-9.309367423549108622e-01
3.663479391304211852e+00,1.144047041448420465e+01,-1.007862877621075404e+00
3.952844642270056053e+00,1.157014588831960644e+01,-1.072023291122832234e+00
4.257033622685574947e+00,1.171990301556958514e+01,-1.123461659337379182e+00
4.576553354104182070e+00,1.188774380782490070e+01,-1.159025197165152399e+00
4.912519235178891108e+00,1.207081786211524843e+01,-1.171779682325350569e+00
5.265494355233633961e+00,1.226932236705630785e+01,-1.154697612138694263e+00
5.634826511270195404e+00,1.248568307536971922e+01,-1.103896978843262655e+00
6.018360496550026362e+00,1.272108211255298649e+01,-1.017774936067859182e+00
6.413216348575332404e+00,1.297411739091550587e+01,-8.945484886420598247e-01
6.817254715419785782e+00,1.324233519887025423e+01,-7.328291640278378205e-01
7.229257140859761677e+00,1.352335081515514048e+01,-5.349951689084876394e-01
7.647668730715403207e+00,1.381383792788339449e+01,-3.086885572110193432e-01
8.070557955626817659e+00,1.410861929492657829e+01,-6.401693892640432371e-02
8.497789783153001153e+00,1.440208981226589025e+01,1.906136668944502788e-01
8.932668726952590177e+00,1.469035265088677988e+01,4.498761773710923118e-01
9.381199841485946322e+00,1.497072130862352424e+01,7.096346979452268222e-01
9.850940696618206260e+00,1.523830411737997181e+01,9.645940385451924337e-01
1.035081567302951377e+01,1.548290154181961142e+01,1.207489757536982955e+00
1.088933420416777409e+01,1.568882283531765509e+01,1.428918096759123735e+00
1.146949057989920817e+01,1.583699025414525963e+01,1.616171295797741436e+00
1.208412283759440164e+01,1.590736799269935631e+01,1.751972972516246285e+00
1.271669641275533813e+01,1.588113270112892117e+01,1.816245851243976528e+00
1.334696282230406084e+01,1.574297700245107023e+01,1.792150955048852357e+00
1.395675216389759221e+01,1.548295304057109867e+01,1.672983039360531388e+00
1.453310194998453042e+01,1.509651160172801099e+01,1.464757809908265207e+00
1.506918329197398165e+01,1.458275441759867164e+01,1.183074914813255996e+00
1.556353088698908671e+01,1.394262677698388941e+01,8.477463192453724705e-01
1.601733729247868254e+01,1.317828991511250436e+01,4.791688684074617566e-01
1.643085470863318065e+01,1.229316430285593853e+01,9.694498818982372201e-02
1.680119226926973042e+01,1.129195814874582204e+01,-2.810994846449373918e-01
1.712269568500666495e+01,1.018132095621389865e+01,-6.401589745655923425e-01
1.738911427415775535e+01,8.971873024996902757e+00,-9.687585953921848958e-01
1.759594712853189336e+01,7.680699631566292318e+00,-1.257679082490615441e+00
1.774162232512874127e+01,6.332472222232676806e+00,-1.499039798260351830e+00
1.782703152670791980e+01,4.958400268697937818e+00,-1.686691397092318301e+00
1.785420352428872093e+01,3.593410806657573175e+00,-1.816671935827611550e+00
1.782527215618301497e+01,2.271971708442028337e+00,-1.886445785553686472e+00
1.774173620781450822e+01,1.023147040656491313e+00,-1.894556326952944181e+00
1.760345727319073106e+01,-1.331781423117792684e-01,-1.842641532647339320e+00
1.740833045731918460e+01,-1.186367424625567324e+00,-1.737504433498103129e+00
1.715419597464159907e+01,-2.131186956375994868e+00,-1.589285878362220794e+00
1.684181231988912941e+01,-2.963352613508098088e+00,-1.407411268124674875e+00
1.647525416544636201e+01,-3.678197724852104500e+00,-1.200460355583322647e+00
1.605870615532647250e+01,-4.272527231078949939e+00,-9.805481398612111432e-01
1.559340326017344047e+01,-4.746331764019259936e+00,-7.648432207431442587e-01
1.507841309770600269e+01,-5.102075996852143192e+00,-5.700130428800566085e-01
1.451409521341232711e+01,-5.343061945028958704e+00,-4.057856659694770718e-01
1.390443318760890001e+01,-5.473700081452438582e+00,-2.751949555378563894e-01
1.325692252154677320e+01,-5.501810191404095107e+00,-1.794551947650532275e-01
1.258155246715236864e+01,-5.440244619371430446e+00,-1.199176625089196507e-01
1.188988190589983773e+01,-5.305908627650714138e+00,-9.538362702941483029e-02
1.119375883743040134e+01,-5.117119095023399566e+00,-9.974502040417722315e-02
1.050391848862463284e+01,-4.891077522547922385e+00,-1.233477781757629371e-01
9.829860551343113428e+00,-4.641676665816888203e+00,-1.563807856270555963e-01
9.181280257842656667e+00,-4.377531446235124690e+00,-1.913842819800805339e-01
8.569154536225898511e+00,-4.101912257321778554e+00,-2.237856804912417008e-01
8.004706071254737765e+00,-3.815979079381017769e+00,-2.506362207226525696e-01
7.497013665630023915e+00,-3.522733517704086381e+00,-2.686281631332625430e-01
7.051598831828651548e+00,-3.227246403038305900e+00,-2.733759133858742474e-01
6.670891028063858030e+00,-2.933359119817588123e+00,-2.608668915247042697e-01
6.355274392208610124e+00,-2.642033034926276613e+00,-2.292388823003007337e-01
6.103440272695173974e+00,-2.353800551213803161e+00,-1.784797553634608624e-01
5.912355393298819983e+00,-2.071342035419375449e+00,-1.085755593329917890e-01
5.777520440766228838e+00,-1.798274314683858677e+00,-1.903421742362471775e-02
5.693188503461223071e+00,-1.536211842214981971e+00,8.898658244492818614e-02
5.652138877489190527e+00,-1.284101606915022842e+00,2.104153608218284621e-01
5.645702716265417642e+00,-1.039574048559876118e+00,3.371463511035051597e-01
5.664811915582813384e+00,-7.996247104505389558e-01,4.619470908517108731e-01
5.701525421469708199e+00,-5.605144112615718655e-01,5.815146236296702131e-01
5.749880764193648908e+00,-3.184033036652547111e-01,6.953074338731141113e-01
5.805675151096390429e+00,-7.019856645119304517e-02,8.016009671014547866e-01
5.865468608383605620e+00,1.867814634613083058e-01,8.958890326954064287e-01
5.925396877447154154e+00,4.554467624792133407e-01,9.741271900686121477e-01
5.980922816036086331e+00,7.381779046590963844e-01,1.036891521679034422e+00
6.028369816379915314e+00,1.035524268086843946e+00,1.088821457599012277e+00
6.067000961949584159e+00,1.346586882571980226e+00,1.133677088116333387e+00
6.099084572292740702e+00,1.670895599782116214e+00,1.170917494095653044e+00
6.127549902298425444e+00,2.009315675942096924e+00,1.197172916287514433e+00
6.153853680653355696e+00,2.362994987026430849e+00,1.209730412792382248e+00
6.177926297747752926e+00,2.732073172359128499e+00,1.208240677806962982e+00
6.198777223818056292e+00,3.115666156536220477e+00,1.194551476170214066e+00
6.213939090856100300e+00,3.512275502261141824e+00,1.171679604896269877e+00
6.218977879200334513e+00,3.919304649397107987e+00,1.141526921455448873e+00
6.209449658723904086e+00,4.332502378416869249e+00,1.102509551940130894e+00
6.184513306559612289e+00,4.747089140056194978e+00,1.050809125443219028e+00
6.148443205070107886e+00,5.160027740269276464e+00,9.855875460375923547e-01
6.108047837649664302e+00,5.570928054666456575e+00,9.120637382338128152e-01
6.068331595186681859e+00,5.980910099713364403e+00,8.374611652597020450e-01
6.030180831961236443e+00,6.391543144999492831e+00,7.639887633303087400e-01
5.991185281932867923e+00,6.805054744966233748e+00,6.875741210408383708e-01
5.947766832913375268e+00,7.224166093263421295e+00,6.039725665978071811e-01
5.896672130636438247e+00,7.650502334707434571e+00,5.146286901325707319e-01
5.835427809457569559e+00,8.083712311730840483e+00,4.256607024716077547e-01
5.762073005101737699e+00,8.523314380804430712e+00,3.424346775917586072e-01
5.674368168184275696e+00,8.971394215463282862e+00,2.665632000350188213e-01
5.569117236297959295e+00,9.432691961921092272e+00,1.969235070935189125e-01
5.442754658566596682e+00,9.911788462983507131e+00,1.307065906798625943e-01
5.293196582346593182e+00,1.041031840912025785e+01,6.280722202313102076e-02
5.120799830961312082e+00,1.092655334862267935e+01,-1.350848284753088102e-02
4.926427811486995267e+00,1.145719322526263895e+01,-1.035381801890607745e-01
4.708126082058847750e+00,1.199972736829224118e+01,-2.090651714860041199e-01
4.460487193206284395e+00,1.255355810810414496e+01,-3.290844130326143757e-01
4.177942944279264381e+00,1.311900836620741018e+01,-4.608070089123973978e-01
3.857738544743968490e+00,1.369541181487722348e+01,-6.000307538352164238e-01
3.498061205424086495e+00,1.428074789314438142e+01,-7.435305169605103126e-01
3.093277637833272919e+00,1.487335998491912292e+01,-8.924091653097733223e-01
2.632823225328563055e+00,1.547303369480732371e+01,-1.050351580336641000e+00
2.105938569720399389e+00,1.607888475945862083e+01,-1.216512412500648788e+00
1.506833736499467058e+00,1.668574816846601294e+01,-1.382343605291384225e+00
8.346690102536240552e-01,1.728362839385637173e+01,-1.537821300819039561e+00
8.986860487577381928e-02,1.786184101553099879e+01,-1.679166270335451072e+00
-7.277509774621818694e-01,1.841379636227756933e+01,-1.808228166196991449e+00
-1.617707519675667394e+00,1.893704743592023476e+01,-1.926059788368593262e+00
-2.578132986178607755e+00,1.942826822022205135e+01,-2.030077847631313048e+00
-3.607660419454466361e+00,1.987835250215798411e+01,-2.116569404345188588e+00
-4.706970201328004144e+00,2.027239797826512557e+01,-2.182566436478013294e+00
-5.876929631191726955e+00,2.059393011663340545e+01,-2.224755227624032994e+00
-7.115320447344837262e+00,2.082887758162786440e+01,-2.239435102984865811e+00
-8.416496607172470945e+00,2.096622175212305805e+01,-2.225435898710812044e+00
-9.774193108004396890e+00,2.099612781508073667e+01,-2.185944417622837310e+00
-1.118341430960169092e+01,2.090822827131666273e+01,-2.125930596810554185e+00
-1.263935851628139417e+01,2.069164926648804936e+01,-2.048204458026443575e+00
-1.413614025144492992e+01,2.033647740307317520e+01,-1.953040143211638435e+00
-1.566800274570786833e+01,1.983535729831265826e+01,-1.840955510602076073e+00
-1.723129625793453101e+01,1.918397395943576100e+01,-1.714088772557782026e+00
-1.882398746066095541e+01,1.838016599925346384e+01,-1.574863477440929138e+00
-2.044298339973666501e+01,1.742293705008292903e+01,-1.425337771494921135e+00
-2.208239221784686634e+01,1.631321039429141706e+01,-1.268704898061455255e+00
-2.373391850869918684e+01,1.505652340085557483e+01,-1.109622382169941357e+00
-2.538743564655159091e+01,1.366534164208523983e+01,-9.514855301751329320e-01
-2.703052220325777100e+01,1.215848151565622182e+01,-7.942093806793882882e-01
-2.864855997972232871e+01,1.055811402274666655e+01,-6.357461658323753095e-01
-3.022580988634408428e+01,8.887643767962764230e+00,-4.750595269135836629e-01
-3.174412479688597699e+01,7.172676601621725823e+00,-3.130286999888594601e-01
-3.317844319127642905e+01,5.443266084642722547e+00,-1.512843104796508242e-01
-3.449562856663988697e+01,3.733926867147407513e+00,9.963208664837155254e-03
-3.566066326674461351e+01,2.081344647732758624e+00,1.745114119895463112e-01
-3.664069428278306617e+01,5.236336703539006265e-01,3.496633675481667369e-01
-3.739711503083757549e+01,-8.972931605177514314e-01,5.390441496036239011e-01
-3.787719566054485654e+01,-2.134991108716267405e+00,7.342108173322412501e-01
-3.802568679010995112e+01,-3.144368025726059557e+00,9.161838421291330636e-01
-3.780963999207622095e+01,-3.890736675231387665e+00,1.066712122517340156e+00
-3.722508269245149393e+01,-4.353165520380997577e+00,1.175173275832867681e+00
-3.627715247361814477e+01,-4.520154323335191293e+00,1.233831965303588962e+00
-3.496462012079518900e+01,-4.385811238971756509e+00,1.232739991217900233e+00
-3.329172271155385232e+01,-3.953072970225438354e+00,1.165964486707272041e+00
-3.128666445275021246e+01,-3.239645251301498163e+00,1.041933177831733115e+00
-2.899726642735407012e+01,-2.279459314761624000e+00,8.827428717432973526e-01
-2.647153473505875354e+01,-1.124223266508860064e+00,7.124207703979155148e-01
-2.375289613248751763e+01,1.341566540773744265e-01,5.484988318324922618e-01
-2.089969564886670028e+01,1.281188487873696324e+00,4.050901346114692547e-01
-1.802257919814442388e+01,1.751510904491691889e+00,3.015587866376727155e-01
-1.535526988953371585e+01,6.900333956003379399e-02,2.675684276305491105e-01
-1.338578881567789125e+01,-7.199327840727317351e+00,3.272003499247239100e-01
-1.286456612507426556e+01,-2.545071300390567615e+01,3.448504827475141754e-01
-1.433161038039797575e+01,-5.812318923317695152e+01,-3.249176162713651728e-01
-1.736512038944987069e+01,-1.008448108576654931e+02,-2.826566995510273461e+00
-2.043435433580059524e+01,-1.416295378538158332e+02,-7.790255719918866895e+00
-2.179137318813047841e+01,-1.695376484287955634e+02,-1.418033479151423748e+01
-2.059712722793582174e+01,-1.822794317066106942e+02,-1.973715749116716367e+01
-1.717004770602493124e+01,-1.849805713390586277e+02,-2.279291713419265619e+01
-1.235153839594293679e+01,-1.847321867440001597e+02,-2.324984391511290838e+01
-6.791383345929249415e+00,-1.869509291583543700e+02,-2.189433614903803971e+01
-6.755007961937664618e-01,-1.939497439334596152e+02,-1.949663003903759773e+01
6.123631430824410415e+00,-2.052856421789434478e+02,-1.663080250177386432e+01
1.374071921588893375e+01,-2.190957348025876001e+02,-1.369182784226243399e+01
2.214912580160946121e+01,-2.333729653768828598e+02,-1.078471472031806755e+01
3.122561173711591920e+01,-2.472760455445499588e+02,-7.804938621876609695e+00
4.076835374471482965e+01,-2.620313623818221913e+02,-4.664352480105774745e+00
5.034490628132525813e+01,-2.801542507065767609e+02,-1.233269166434414421e+00
5.919796482085085643e+01,-3.032533924371426792e+02,2.728978532780583333e+00
6.628255808652649250e+01,-3.303715778536715675e+02,7.224515548343187987e+00
7.057979760705528349e+01,-3.583551959843428563e+02,1.180061177250622428e+01
7.182899379039609755e+01,-3.839766928346845134e+02,1.587564148073067472e+01
7.092223873907941822e+01,-4.057909545474975062e+02,1.916587882471392845e+01
6.924500306382982728e+01,-4.241409426944875918e+02,2.181675711715213239e+01
6.779948317707045646e+01,-4.401690547952422889e+02,2.418704930934283226e+01
6.703919718573516207e+01,-4.552083283861567224e+02,2.645967574875821171e+01
6.704439329583514962e+01,-4.704659069897750783e+02,2.840115811971372395e+01
6.762115122731657380e+01,-4.865269770839697117e+02,2.955624519018511265e+01
6.846825310832592493e+01,-5.030893157937624665e+02,2.966997442732381884e+01
6.936782877745913822e+01,-5.194490308946437835e+02,2.884962194672028701e+01
7.019181151291022047e+01,-5.350495773761848568e+02,2.750088711090481297e+01
7.084429587288730090e+01,-5.494688778261316884e+02,2.614492776370529370e+01
7.128247984764016110e+01,-5.622365426915594071e+02,2.511542194090510094e+01
7.148354555047583858e+01,-5.728333803315236992e+02,2.445054255680741306e+01
7.140183928186087314e+01,-5.809510337319662767e+02,2.406158708392337431e+01
7.105550030022592978e+01,-5.867573335325807875e+02,2.386604625684752889e+01
7.053934465482622329e+01,-5.908958163713359681e+02,2.371475698595085291e+01
6.988333034171247959e+01,-5.941129107648408763e+02,2.338150344587472063e+01
6.903268189570073332e+01,-5.966818897154699926e+02,2.278608758945578927e+01
6.798017714147702861e+01,-5.984412461079856485e+02,2.205699897394593023e+01
6.679006483759248169e+01,-5.992949938200520137e+02,2.135151487132818104e+01
6.551041646446354605e+01,-5.993091696499417367e+02,2.077205732425089835e+01
6.416025941543043132e+01,-5.987099246503488530e+02,2.036800389791022070e+01
6.270136444794460573e+01,-5.978228556439969452e+02,2.011515496237792888e+01
6.095898045439355428e+01,-5.966618987051525664e+02,1.993568270307973123e+01
5.875901012763611675e+01,-5.948926991367818573e+02,1.977521338081062652e+01
5.611739799261755479e+01,-5.922849726421547985e+02,1.964262730905558385e+01
5.315550920229278375e+01,-5.888122907654121718e+02,1.958699641864880547e+01
5.001990148446949291e+01,-5.844555101391985090e+02,1.967283900591266033e+01
4.690698176696292876e+01,-5.792764140366966785e+02,1.993283182370254991e+01
4.397651977049289229e+01,-5.735100597680867622e+02,2.037186118050771810e+01
4.132999238540743647e+01,-5.674053261349063177e+02,2.102727631177318202e+01
3.906118839133388576e+01,-5.611150726979296905e+02,2.190419840699739851e+01
3.719100386342959297e+01,-5.546878210478122355e+02,2.293364033584081341e+01
3.567828742016350674e+01,-5.479852109693903230e+02,2.407961346554253623e+01
3.450038728180776815e+01,-5.407954777156826367e+02,2.533446864600592008e+01
3.359750667926414991e+01,-5.332992977371897041e+02,2.661055907687650901e+01
3.284817745582280679e+01,-5.260746807189030960e+02,2.778649076300401077e+01
3.216558330144959399e+01,-5.194840027165818128e+02,2.883342206507066408e+01
3.150845035886306889e+01,-5.134653595264971955e+02,2.978672558685324034e+01
3.083966824270383000e+01,-5.077852798248409840e+02,3.065181276526041643e+01
3.018665369320816083e+01,-5.023735586976334275e+02,3.135433626990069556e+01
2.958812146244286367e+01,-4.975141293629482107e+02,3.171326719877152556e+01
2.893576274453907970e+01,-4.933671636525672284e+02,3.159683851051157433e+01
2.811112106959032531e+01,-4.896108385006883168e+02,3.106971901096838451e+01
2.718415631406381650e+01,-4.860266266292180148e+02,3.023412938307943421e+01
2.630974642437960043e+01,-4.828706573014790138e+02,2.912382788836335479e+01
2.558517430391819403e+01,-4.803963917562841175e+02,2.784093834900444975e+01
2.499493006617467117e+01,-4.784996190532939977e+02,2.655212538800346422e+01
2.442827079104164767e+01,-4.768761664127277982e+02,2.530374429521362956e+01
2.381926456596681163e+01,-4.751800307001250872e+02,2.406449591247525177e+01
2.321955254987345540e+01,-4.733087038557088704e+02,2.291207702638956079e+01
2.272598139054000299e+01,-4.716793772516953140e+02,2.198000721621090392e+01
2.238961591775898796e+01,-4.706662538056063454e+02,2.132990194004073814e+01
2.215416171011891322e+01,-4.700609869246840162e+02,2.092731239271195420e+01
2.191495106063026910e+01,-4.695291226058843677e+02,2.066788327325142305e+01
2.167997901364881841e+01,-4.690613703992660817e+02,2.049829976286552835e+01
2.152673938687816957e+01,-4.688235224477318752e+02,2.045930132589846551e+01
2.142580706524452694e+01,-4.688600828255470674e+02,2.058834610957228151e+01
2.132754245551736005e+01,-4.689858062886220864e+02,2.090217715674817001e+01
2.128001118812939296e+01,-4.689476548978997812e+02,2.140265622752996322e+01
2.129444868323954054e+01,-4.687434604360676076e+02,2.200764430221762069e+01
2.131131454252821200e+01,-4.686352839281672118e+02,2.260030690081886817e+01
2.130447925042729196e+01,-4.686887009738851475e+02,2.315906214390478013e+01
2.122612378687237111e+01,-4.687045437532208894e+02,2.369275389151359335e+01
2.099095492856727319e+01,-4.687023098086571622e+02,2.415663661151918618e+01
2.062420776543947198e+01,-4.689959018517741924e+02,2.451438626438285340e+01
2.023364497180930144e+01,-4.697637164443758593e+02,2.477304177842860611e+01
1.984065546440046646e+01,-4.707357266091362931e+02,2.499412501321494418e+01
1.939967412531859381e+01,-4.714730336660628609e+02,2.522679847507040307e+01
1.886649359693223360e+01,-4.719509851899028376e+02,2.542309682896162570e+01
1.821019061793094096e+01,-4.725296580093249759e+02,2.555545382325031767e+01
1.749195440467834928e+01,-4.734496950767450585e+02,2.569849799502352994e+01
1.683133993243713178e+01,-4.747021931584565664e+02,2.590211677330072604e+01
1.628239217923858462e+01,-4.761936779072671015e+02,2.613183588612666952e+01
1.588080620783106767e+01,-4.778027023076379578e+02,2.635715394462454242e+01
1.571564661067677804e+01,-4.795355290723105099e+02,2.655137374255400928e+01
1.580050465855377340e+01,-4.816353825891128508e+02,2.663948227724524997e+01
1.597164114999572071e+01,-4.842057258632323737e+02,2.661825045830768843e+01
1.605359229291931911e+01,-4.870048883337383927e+02,2.659941638095597582e+01
1.600163966294039497e+01,-4.898064186118820089e+02,2.663592747898691826e+01
1.585790675983662368e+01,-4.925917601094500355e+02,2.672478910440426247e+01
1.569530608352097545e+01,-4.954587833539428061e+02,2.692470326219973487e+01
1.552251346808035315e+01,-4.985934397952647714e+02,2.726216469174221757e+01
1.527981913579633222e+01,-5.022007240067643465e+02,2.765675250424595433e+01
1.499891644862551310e+01,-5.063145327846997930e+02,2.803464054699956520e+01
1.477270309351167477e+01,-5.108513332635123447e+02,2.838869865422006811e+01
1.457567421043414591e+01,-5.158226339544355596e+02,2.873860326134334287e+01
1.429496179575414416e+01,-5.211789054075430840e+02,2.910660029032829144e+01
1.385509097296522008e+01,-5.267234570105146076e+02,2.949582511146842023e+01
1.320354580075428785e+01,-5.323403818292451888e+02,2.989766107815682972e+01
1.231636802096041450e+01,-5.381102029948987138e+02,3.030765220146914274e+01
1.125740114596301211e+01,-5.442028808486613798e+02,3.069180672545875055e+01
1.009267865917341922e+01,-5.505637828884523515e+02,3.102547836123512681e+01
8.797723550332216647e+00,-5.569536021180038006e+02,3.138052772146389557e+01
7.337944352030851825e+00,-5.633354307566154375e+02,3.186000603348342608e+01
5.781685738184544121e+00,-5.699330475602827164e+02,3.244431079092558434e+01
4.243394412439569052e+00,-5.769843194953538159e+02,3.295830149729800951e+01
2.747265130283268686e+00,-5.843576468462179037e+02,3.322961634652029517e+01
1.244823793477499274e+00,-5.915814732153613704e+02,3.324075526132275371e+01
-3.190691209332280343e-01,-5.984243091582242187e+02,3.309166422135400154e+01
-1.974000415498355032e+00,-6.050336921635413319e+02,3.289569495272291988e+01
-3.744095777072958153e+00,-6.114703437145209364e+02,3.269090975761426421e+01
-5.753235217875413809e+00,-6.175052555414318931e+02,3.243504293004805561e+01
-8.109682795545277045e+00,-6.229228767632407653e+02,3.212251860610125220e+01
-1.071112153268579803e+01,-6.278088787713491001e+02,3.180763762567831776e+01
-1.336744778086707797e+01,-6.325308814769327910e+02,3.149580460716287078e+01
-1.596433163720387682e+01,-6.374234435320805687e+02,3.115360188641340855e+01
-1.847608747796403605e+01,-6.424855505226719288e+02,3.081763322506023783e+01
-2.093698753446117422e+01,-6.474435754339108371e+02,3.056938760771698682e+01
-2.337522198130994511e+01,-6.519703644689183193e+02,3.045236573211618492e+01
-2.577378405891765567e+01,-6.559042770047109343e+02,3.045529572306151067e+01
-2.811232282052624143e+01,-6.593706422041022961e+02,3.053213408028329923e+01
-3.045221188897199838e+01,-6.626243851462922976e+02,3.068641546639080886e+01
-3.289235019545793648e+01,-6.657677085856431631e+02,3.099731439866113902e+01
-3.543396247574582958e+01,-6.686365864794464642e+02,3.147480149266812788e+01
-3.799719439485416927e+01,-6.710083182100213435e+02,3.200137706762622969e+01
-4.046000825327791972e+01,-6.728144927001740143e+02,3.249708072055456398e+01
-4.272030633025705981e+01,-6.741539579865691394e+02,3.298909620481635585e+01
-4.487167080658873175e+01,-6.752098182956958681e+02,3.348479065186114667e+01
-4.711322725201184625e+01,-6.759786502274214399e+02,3.394372943915047358e+01
-4.945568596455144217e+01,-6.761798351187770777e+02,3.435109706845636168e+01
-5.178365478599667426e+01,-6.755932282437800040e+02,3.470623649937360256e+01
-5.411367661637518722e+01,-6.742310139253808074e+02,3.499796772516085497e+01
-5.654041180188384175e+01,-6.722041398749800010e+02,3.522620451244474538e+01
-5.907103732810969632e+01,-6.696433612102720190e+02,3.540131493123652007e+01
-6.165301621264045195e+01,-6.666878101447846348e+02,3.554389092335632938e+01
-6.424789829526653762e+01,-6.633787187846216966e+02,3.568860030273961570e+01
-6.687455149963560075e+01,-6.595220972024162620e+02,3.582196696321540941e+01
-6.959095495973896561e+01,-6.548186016941285743e+02,3.587932880419347015e+01
-7.239695050385611808e+01,-6.491874141797131870e+02,3.584099942057126498e+01
-7.524000816610660536e+01,-6.428454081797360686e+02,3.570425506404597371e+01
-7.814645315466550812e+01,-6.359927615500873799e+02,3.547406519039522976e+01
-8.124477980127166177e+01,-6.285076398800393918e+02,3.528008387548675984e+01
-8.465208931987102403e+01,-6.200707880636620075e+02,3.525070066443754513e+01
-8.849228312894007331e+01,-6.104450143382005081e+02,3.537818303446195500e+01
-9.293956566564916955e+01,-5.995603050927679760e+02,3.579791019095616633e+01
-9.791755735194898591e+01,-5.875323316585568136e+02,3.690052650748609153e+01
-1.027822949159811969e+02,-5.745119854956029712e+02,3.882376475319478004e+01
-1.065668045192523863e+02,-5.602472589249067596e+02,4.094531587947624729e+01
-1.085884359705483604e+02,-5.441347953647391478e+02,4.214148812798389798e+01
-1.087966434548355892e+02,-5.259618661901289443e+02,4.166025727298605830e+01
-1.076320379541085117e+02,-5.059288628632131690e+02,3.965406882871435812e+01
-1.056275576444416231e+02,-4.839746184474321922e+02,3.680511212686064226e+01
-1.030736940414684710e+02,-4.599834829132141749e+02,3.357487295976256547e+01
-9.991422375749377238e+01,-4.342746433228988394e+02,3.002365236642338786e+01
-9.583615050712295158e+01,-4.072525432917120725e+02,2.617128974332480595e+01
-9.048781901522426097e+01,-3.791352795126169895e+02,2.208336180820709060e+01
-8.368768706921238731e+01,-3.501035975599010044e+02,1.777745536770261836e+01
-7.541243822145861486e+01,-3.201999233074399172e+02,1.338538981338325939e+01
-6.581308255950682451e+01,-2.893337807300102327e+02,9.116152548271927003e+00
-5.545597036423307458e+01,-2.576400478425883307e+02,5.017063767769322169e+00
-4.517818724865296076e+01,-2.254977579787125137e+02,1.077454778988125028e+00
-3.548605062132804733e+01,-1.934593441377501506e+02,-2.616175535175881084e+00
-2.639598119842597157e+01,-1.626311273035666431e+02,-5.971822241412422017e+00
-1.777031730665047959e+01,-1.346538822069581158e+02,-8.881532689021932825e+00
-9.477426313005386405e+00,-1.109404424151778130e+02,-1.116078650653653170e+01
-1.427765721542701982e+00,-9.201883690825317785e+01,-1.276619099689318304e+01
6.258113061237303043e+00,-7.733535669108226784e+01,-1.395147445594339253e+01
1.320611040913788692e+01,-6.549098654194690994e+01,-1.502387978314514072e+01
1.900454059270461471e+01,-5.500174925513689317e+01,-1.610150425280260222e+01
2.341800757430388202e+01,-4.518286066812937207e+01,-1.716860328798548707e+01
2.643616652424152846e+01,-3.615905084509275014e+01,-1.811372066851933837e+01
2.815967910301052157e+01,-2.803324648881665127e+01,-1.864001634741508440e+01
2.858522350835723103e+01,-2.056625911857251765e+01,-1.829136318919871584e+01
2.747638900040242049e+01,-1.348736403268537742e+01,-1.641470237856172076e+01
2.476654628080569154e+01,-6.867003846318681326e+00,-1.257205507335145178e+01
2.134504208671449987e+01,-1.532416731242145502e+00,-7.731039258551511750e+00
1.865907616608164332e+01,1.507409206475669450e+00,-3.859213768569420111e+00
1.728507164004943775e+01,2.316295232426231365e+00,-1.811925302876657540e+00
1.678213664515208237e+01,1.850875326070116955e+00,-1.009485022928422904e+00
1.661920397414985473e+01,9.072525149729520066e-01,-7.351896225961864761e-01
1.653271543807630195e+01,-1.507894053258027611e-01,-6.466296476465250853e-01
1.641216583890722802e+01,-1.178148173126704279e+00,-6.119330447858304378e-01
1.621339363407063061e+01,-2.116403683573166106e+00,-5.859331388514670280e-01
1.591977196777549253e+01,-2.941373336801259342e+00,-5.559833488056342699e-01
1.552728629808903804e+01,-3.645406999375707002e+00,-5.212005178520078275e-01
1.503974498327880482e+01,-4.230193835747749986e+00,-4.837023686105770270e-01
1.446740182524307450e+01,-4.701383796029514173e+00,-4.447558528229483277e-01
1.382517122302185086e+01,-5.064085790451381186e+00,-4.045804234093700047e-01
1.312999457784681745e+01,-5.321270081344609437e+00,-3.639581336086595287e-01
1.239985170590191821e+01,-5.475732359457628817e+00,-3.246190462767117868e-01
1.165543478489150608e+01,-5.532875176864118671e+00,-2.875478557892862663e-01
1.092089471465173212e+01,-5.501050508667496786e+00,-2.515402962523302643e-01
1.021957412152943512e+01,-5.389951696848214624e+00,-2.139394799115262591e-01
9.566963579366291270e+00,-5.210528488916512657e+00,-1.720555620577274847e-01
8.968264013326550099e+00,-4.977347333692764053e+00,-1.226893213016759521e-01
8.423597486634811560e+00,-4.709381902295410427e+00,-6.045496521990224859e-02
7.934696290467780244e+00,-4.425725208884751183e+00,2.179664898652461033e-02
7.505338930744157366e+00,-4.139287966118388340e+00,1.296828023390812212e-01
7.136524883191613711e+00,-3.854820601805444724e+00,2.643990688589147320e-01
6.824514141586092819e+00,-3.572116251358796291e+00,4.228486204717073482e-01
6.565324356199147005e+00,-3.289356803914392557e+00,5.993582352243027600e-01
6.359359978453262841e+00,-3.004265663485567117e+00,7.866383566358295942e-01
6.208863685514240061e+00,-2.715952340684916422e+00,9.765532371441835169e-01
6.110708433152167274e+00,-2.427753819067996588e+00,1.162217692768307442e+00
6.053756730727065438e+00,-2.146150453215923903e+00,1.340112663610747212e+00
6.023968878860840093e+00,-1.874744153837417215e+00,1.509490798825047442e+00
6.010718932582703289e+00,-1.610563867241518565e+00,1.669402987459196686e+00
6.008020360250626801e+00,-1.347866623424883059e+00,1.816895820156809060e+00
6.012050865935596455e+00,-1.084169915403327522e+00,1.948476265291015030e+00
6.019084384841824509e+00,-8.209882273343680481e-01,2.062829120371398872e+00
6.024507293417045162e+00,-5.602520249187108448e-01,2.161560979842206187e+00
6.022786997661015995e+00,-3.020389057204990735e-01,2.247515691899582002e+00
6.010221466513511857e+00,-4.446560764311158209e-02,2.322760265996507645e+00
5.989550816425484037e+00,2.168244852375709186e-01,2.387759984809529890e+00
5.970650336734678376e+00,4.888292645654992441e-01,2.441546584354496563e+00
5.964546425125564433e+00,7.785463944540174097e-01,2.482478296179902788e+00
5.976358479954784642e+00,1.089140474265112069e+00,2.509391743628702542e+00
6.003629200652161657e+00,1.418891771585663264e+00,2.521928656641023281e+00
6.039170277528865149e+00,1.763306079729622056e+00,2.518840616403316357e+00
6.074238387566029296e+00,2.117494894496016578e+00,2.496089672924526326e+00
6.101549608990236351e+00,2.477416793584230170e+00,2.448435290975390810e+00
6.118754166663475935e+00,2.840621876906205934e+00,2.374319349285543446e+00
6.129329266634286455e+00,3.206370424647258410e+00,2.278549421991281854e+00
6.138452073688377197e+00,3.574419056015697649e+00,2.168840362160838975e+00
6.147847167581482530e+00,3.943543390856433462e+00,2.049577799528183419e+00
6.155522873365228520e+00,4.311841185995591630e+00,1.919479482694120165e+00
6.159943501179829362e+00,4.678734241733417676e+00,1.775166085469386923e+00
6.163117372033896757e+00,5.046387185955453880e+00,1.616535640265577944e+00
6.169822512389347757e+00,5.419310687411432959e+00,1.448902502581211449e+00
6.184961306724012786e+00,5.803386952082645323e+00,1.280331880282814305e+00
6.211552314683623344e+00,6.205458011017237041e+00,1.116364976422633104e+00
6.249957970450026323e+00,6.632232564175552625e+00,9.562679345823151822e-01
6.297720357847557793e+00,7.086951989860775569e+00,7.943186861722384418e-01
6.348928388738581674e+00,7.565583641844821017e+00,6.259058099181621371e-01
6.393341061839834971e+00,8.056832483527285760e+00,4.532867375121975573e-01
6.417948704814653738e+00,8.547589795922734268e+00,2.852134663484692800e-01
6.411587261016421735e+00,9.030115940619468873e+00,1.312422778669265488e-01
6.366882667630244796e+00,9.505706982825351758e+00,-1.627425084276729744e-03
6.275428549081769170e+00,9.983260167380567651e+00,-1.061601049111972755e-01
6.124307427840737006e+00,1.047504035592722360e+01,-1.733138480555469207e-01
5.904431844551974784e+00,1.099223560906153452e+01,-1.998586064326809408e-01
5.622986695228070708e+00,1.154149169782078665e+01,-1.982102522923102628e-01
5.300421959927209770e+00,1.212356185248491336e+01,-1.932430247099689302e-01
4.951725927513289882e+00,1.273535587022090354e+01,-2.060492072696279986e-01
4.575838716477365509e+00,1.337433639859903067e+01,-2.430501087584434894e-01
4.165789091724221294e+00,1.404104363564854197e+01,-3.016492091164196809e-01
3.721170668591056163e+00,1.473644583083431314e+01,-3.810567973637252748e-01
3.243328347625202834e+00,1.545633275663161044e+01,-4.833505054563561609e-01
2.722676071340785153e+00,1.618870222709524853e+01,-6.078910601133430402e-01
2.138984014974837589e+00,1.691689341866438312e+01,-7.508830268653051698e-01
1.474120892174120678e+00,1.762493236894831838e+01,-9.097016230329473263e-01
7.201883489424297791e-01,1.830005916586694781e+01,-1.082415879157682115e+00
-1.232660000521111909e-01,1.893171696705160656e+01,-1.262025895519250041e+00
-1.054797133854801672e+00,1.950999088540590165e+01,-1.435255651857777259e+00
-2.073791958508996114e+00,2.002556693202540927e+01,-1.589952633578968211e+00
-3.181769624877936575e+00,2.047055197389565251e+01,-1.723090904627749165e+00
-4.381836121088474201e+00,2.083862412457776969e+01,-1.840855810250890068e+00
-5.674604686119136154e+00,2.112378693456445689e+01,-1.952015727895239028e+00
-7.054949593467797264e+00,2.131812190033195975e+01,-2.061718931904591656e+00
-8.515646725902010772e+00,2.141010024652286248e+01,-2.169665863754703494e+00
-1.005451857631352119e+01,2.138521940602035087e+01,-2.271152810307943692e+00
-1.167476338453127482e+01,2.122880587722939083e+01,-2.358357877270214953e+00
-1.337601356552673160e+01,2.092865257106376831e+01,-2.421379292434680419e+00
-1.514641859477728403e+01,2.047574478195311087e+01,-2.449691255912976207e+00
-1.696557994939540848e+01,1.986372295532459731e+01,-2.434074103491958851e+00
-1.881480085401505420e+01,1.908852549141711563e+01,-2.368725642346003468e+00
-2.068323174442545209e+01,1.814873892733955074e+01,-2.253213270908424715e+00
-2.256597228627009599e+01,1.704680243723297295e+01,-2.092943022564243805e+00
-2.446045484593199504e+01,1.579089401056602782e+01,-1.896674088342600095e+00
-2.636551382005477251e+01,1.439581265124696685e+01,-1.672384490633207710e+00
-2.827938076622718100e+01,1.288115066138185583e+01,-1.425056076689698692e+00
-3.019380786060734678e+01,1.126860343204418058e+01,-1.157467805218826085e+00
-3.208943285585097982e+01,9.582414922138728031e+00,-8.715443140052915316e-01
-3.393722814601460414e+01,7.852682531854466852e+00,-5.690999004420875806e-01
-3.570214680623188030e+01,6.116062346891768975e+00,-2.536462602674350864e-01
-3.734302681143818603e+01,4.411208388847210671e+00,6.722719468869813031e-02
-3.881062218417105214e+01,2.773796893078906756e+00,3.826765767295396414e-01
-4.004928123055360345e+01,1.236838843666149934e+00,6.829694265108302575e-01
-4.100141551593787170e+01,-1.649832978935865668e-01,9.620042441142712120e-01
-4.160914593746982604e+01,-1.392651297573875624e+00,1.214984722633650316e+00
-4.181217967578643169e+01,-2.404617815643842249e+00,1.435528456419036925e+00
-4.154679954037544576e+01,-3.161662910468617582e+00,1.616336159684378382e+00
-4.074917256382052244e+01,-3.632310203981965913e+00,1.750794067802205811e+00
-3.936090798236994459e+01,-3.796416359170411425e+00,1.832056815856986320e+00
-3.733324420854216186e+01,-3.645347151268062191e+00,1.852380622655595221e+00
-3.462846533335532229e+01,-3.180301697849065690e+00,1.806650331779009910e+00
-3.121954481592502972e+01,-2.412310551261375835e+00,1.697385121326939528e+00
-2.709023028463667160e+01,-1.363745487861931949e+00,1.535461384060255563e+00
-2.223747771128399364e+01,-6.699826532176089700e-02,1.336407662438648947e+00
-1.667613207225528171e+01,1.440539462620703759e+00,1.117223204973249562e+00
-1.044400136673212920e+01,3.119322915616844050e+00,8.963782973176480651e-01
-3.606228913355938204e+00,4.924002154781927487e+00,6.945988851001444475e-01
3.740430766918118710e+00,6.797730560598184368e+00,5.320725268680582820e-01
1.146364700925131253e+01,8.671978327098361916e+00,4.194879676774974087e-01
1.939473920648511296e+01,1.047269736623051628e+01,3.458194303551356263e-01
2.733354631444270311e+01,1.212738901072506437e+01,2.728203135003776092e-01
3.505587681109800258e+01,1.356922730355020157e+01,1.459197670142830805e-01
4.231533332517644652e+01,1.473938568736126342e+01,-8.151417655086234948e-02
4.883362185805181355e+01,1.559064778158061948e+01,-4.269765004841929446e-01
5.428199115965965404e+01,1.609401484395714022e+01,-8.743414206911532816e-01
5.826179932889404256e+01,1.624706789399113305e+01,-1.383262130530727552e+00
6.028921309682830554e+01,1.607903336580935871e+01,-1.899265694682622296e+00
5.978395418244694781e+01,1.564613182217136256e+01,-2.357145531689650131e+00
5.606213746061960279e+01,1.501602187486395579e+01,-2.681017888936332305e+00
4.833537386339859410e+01,1.424907167446427891e+01,-2.786346899366221930e+00
3.571597578633943471e+01,1.338713814886365405e+01,-2.583771434469017692e+00
1.722504048220526940e+01,1.245308148200235188e+01,-1.981826786660017881e+00
-8.195624325458512160e+00,1.145450694712433126e+01,-8.885717141374199768e-01
-4.165900204595640588e+01,1.038462587371734358e+01,7.853395826850426698e-01
-8.427167090072738631e+01,9.221772649091018792e+00,3.120506029273829807e+00
-1.370196397239105579e+02,7.934553331299981416e+00,6.180593715443804648e+00
-2.007026106247257928e+02,6.492648006050368181e+00,1.000942004060029511e+01
-2.760143092170858949e+02,4.875186181410731123e+00,1.463831671943869495e+01
-3.634547595837830158e+02,3.075491422744546455e+00,2.008358525694735519e+01
-4.627628077560542579e+02,1.107546699623570774e+00,2.631503096633095495e+01
-5.725632292567499917e+02,-9.940075893613347091e-01,3.323747891378534547e+01
-6.909229601503182039e+02,-3.189683575406856875e+00,4.072570030522780371e+01
-8.155231661797298557e+02,-5.442236823133507428e+00,4.863247551494248455e+01
-9.421556955777317626e+02,-7.689768608423042551e+00,5.669312819239960533e+01
-1.063761611626578997e+03,-9.823213401959836943e+00,6.446592342440854395e+01
-1.172231539838525350e+03,-1.171185312429321357e+01,7.144371976097330901e+01
-1.259393268925770371e+03,-1.321992726324319278e+01,7.711354606953875646e+01
-1.313615877330033754e+03,-1.415102547445958692e+01,8.074508342213201217e+01
-1.317735658731407739e+03,-1.421383138632787890e+01,8.126414717787706365e+01
-1.254014460719914496e+03,-1.310650000259610337e+01,7.756350643907737208e+01
-1.106955677408834845e+03,-1.056383195645714679e+01,6.867934428320332074e+01
-8.548059482062160441e+02,-6.210561338721428015e+00,5.326427051232715826e+01
-4.674733618265956920e+02,4.738012520746295309e-01,2.945630445443097756e+01
-1.180203459704202231e+02,6.334807920944369286e+00,7.604218210449097626e+00
4.880977958135465763e-86,8.202134960249999551e+00,-6.919025115593947715e-86
1.316270952467687893e-86,8.202134960249999551e+00,-1.865879264577836973e-86
3.549490275264504978e-87,8.202134960249999551e+00,-5.031580320704708159e-87
