0.000000000000000000e+00,-4.552647788690302582e-267,0.000000000000000000e+00
0.000000000000000000e+00,-1.695450059272168258e-266,0.000000000000000000e+00
0.000000000000000000e+00,-6.313991162124499623e-266,0.000000000000000000e+00
0.000000000000000000e+00,-2.351369863885356926e-265,0.000000000000000000e+00
0.000000000000000000e+00,-8.756608388789587838e-265,0.000000000000000000e+00
0.000000000000000000e+00,-3.260985748415266412e-264,0.000000000000000000e+00
0.000000000000000000e+00,-1.214394686698791383e-263,0.000000000000000000e+00
0.000000000000000000e+00,-4.522398118907165073e-263,0.000000000000000000e+00
0.000000000000000000e+00,-1.684130310552339292e-262,0.000000000000000000e+00
0.000000000000000000e+00,-6.271631762260698677e-262,0.000000000000000000e+00
0.000000000000000000e+00,-2.335518753459933936e-261,0.000000000000000000e+00
0.000000000000000000e+00,-8.697293122863012668e-261,0.000000000000000000e+00
0.000000000000000000e+00,-3.238789979937861561e-260,0.000000000000000000e+00
0.000000000000000000e+00,-1.206089090349480886e-259,0.000000000000000000e+00
0.000000000000000000e+00,-4.491319021202138605e-259,0.000000000000000000e+00
0.000000000000000000e+00,-1.672500759604811328e-258,0.000000000000000000e+00
0.000000000000000000e+00,-6.228115211154847813e-258,0.000000000000000000e+00
0.000000000000000000e+00,-2.319235432427894213e-257,0.000000000000000000e+00
0.000000000000000000e+00,-8.636363496816256780e-257,0.000000000000000000e+00
0.000000000000000000e+00,-3.215991228379135459e-256,0.000000000000000000e+00
0.000000000000000000e+00,-1.197558272659459136e-255,0.000000000000000000e+00
0.000000000000000000e+00,-4.459398695614251167e-255,0.000000000000000000e+00
0.000000000000000000e+00,-1.660557000477889152e-254,0.000000000000000000e+00
0.000000000000000000e+00,-6.183425057561237779e-254,0.000000000000000000e+00
0.000000000000000000e+00,-2.302513758111335557e-253,0.000000000000000000e+00
0.000000000000000000e+00,-8.573796574706627079e-253,0.000000000000000000e+00
0.000000000000000000e+00,-3.192580929765018025e-252,0.000000000000000000e+00
0.000000000000000000e+00,-1.188799035956167345e-251,0.000000000000000000e+00
0.000000000000000000e+00,-4.426625202467722933e-251,0.000000000000000000e+00
0.000000000000000000e+00,-1.648294575059572199e-250,0.000000000000000000e+00
0.000000000000000000e+00,-6.137544655501960597e-250,0.000000000000000000e+00
0.000000000000000000e+00,-2.285347515132194637e-249,0.000000000000000000e+00
0.000000000000000000e+00,-8.509569149177008409e-249,0.000000000000000000e+00
0.000000000000000000e+00,-3.168550418793217376e-248,0.000000000000000000e+00
0.000000000000000000e+00,-1.179808144737786112e-247,0.000000000000000000e+00
0.000000000000000000e+00,-4.392986460857337268e-247,0.000000000000000000e+00
0.000000000000000000e+00,-1.635708972512135382e-246,0.000000000000000000e+00
0.000000000000000000e+00,-6.090457162156173143e-246,0.000000000000000000e+00
0.000000000000000000e+00,-2.267730414624304360e-245,0.000000000000000000e+00
0.000000000000000000e+00,-8.443657738514459702e-245,0.000000000000000000e+00
0.000000000000000000e+00,-3.143890927735193088e-244,0.000000000000000000e+00
0.000000000000000000e+00,-1.170582325263340241e-243,0.000000000000000000e+00
0.000000000000000000e+00,-4.358470247118288164e-243,0.000000000000000000e+00
0.000000000000000000e+00,-1.622795628700919408e-242,0.000000000000000000e+00
0.000000000000000000e+00,-6.042145535727757592e-242,0.000000000000000000e+00
0.000000000000000000e+00,-2.249656093437381067e-241,0.000000000000000000e+00
0.000000000000000000e+00,-8.376038583678637853e-241,0.000000000000000000e+00
0.000000000000000000e+00,-3.118593585326835983e-240,0.000000000000000000e+00
0.000000000000000000e+00,-1.161118265138576905e-239,0.000000000000000000e+00
0.000000000000000000e+00,-4.323064193280227496e-239,0.000000000000000000e+00
0.000000000000000000e+00,-1.609549925617211945e-238,0.000000000000000000e+00
0.000000000000000000e+00,-5.992592533290879690e-238,0.000000000000000000e+00
0.000000000000000000e+00,-2.231118113332754681e-237,0.000000000000000000e+00
0.000000000000000000e+00,-8.306687645299421682e-237,0.000000000000000000e+00
0.000000000000000000e+00,-3.092649415647677233e-236,0.000000000000000000e+00
0.000000000000000000e+00,-1.151412612897575373e-235,0.000000000000000000e+00
0.000000000000000000e+00,-4.286755785505410812e-235,0.000000000000000000e+00
0.000000000000000000e+00,-1.595967190795208055e-234,0.000000000000000000e+00
0.000000000000000000e+00,-5.941780708613508352e-234,0.000000000000000000e+00
0.000000000000000000e+00,-2.212109960170889721e-233,0.000000000000000000e+00
0.000000000000000000e+00,-8.235580600643914221e-233,0.000000000000000000e+00
0.000000000000000000e+00,-3.066049336988658207e-232,0.000000000000000000e+00
0.000000000000000000e+00,-1.141461977580079556e-231,0.000000000000000000e+00
0.000000000000000000e+00,-4.249532362510856724e-231,0.000000000000000000e+00
0.000000000000000000e+00,-1.582042696722990974e-230,0.000000000000000000e+00
0.000000000000000000e+00,-5.889692409958562999e-230,0.000000000000000000e+00
0.000000000000000000e+00,-2.192625043090534887e-229,0.000000000000000000e+00
0.000000000000000000e+00,-8.162692840552150846e-229,0.000000000000000000e+00
0.000000000000000000e+00,-3.038784160708212961e-228,0.000000000000000000e+00
0.000000000000000000e+00,-1.131262928304467513e-227,0.000000000000000000e+00
0.000000000000000000e+00,-4.211381113974223748e-227,0.000000000000000000e+00
0.000000000000000000e+00,-1.567771660247442443e-226,0.000000000000000000e+00
0.000000000000000000e+00,-5.836309777862430082e-226,0.000000000000000000e+00
0.000000000000000000e+00,-2.172656693679441143e-225,0.000000000000000000e+00
0.000000000000000000e+00,-8.087999466341366656e-225,0.000000000000000000e+00
0.000000000000000000e+00,-3.010844590076619846e-224,0.000000000000000000e+00
0.000000000000000000e+00,-1.120811993836342719e-223,0.000000000000000000e+00
0.000000000000000000e+00,-4.172289078923342130e-223,0.000000000000000000e+00
0.000000000000000000e+00,-1.553149241973045034e-222,0.000000000000000000e+00
0.000000000000000000e+00,-5.781614742890652180e-222,0.000000000000000000e+00
0.000000000000000000e+00,-2.152198165136544678e-221,0.000000000000000000e+00
0.000000000000000000e+00,-8.011475286678388209e-221,0.000000000000000000e+00
0.000000000000000000e+00,-2.982221219108451972e-220,0.000000000000000000e+00
0.000000000000000000e+00,-1.110105662152684771e-219,0.000000000000000000e+00
0.000000000000000000e+00,-4.132243144109170419e-219,0.000000000000000000e+00
0.000000000000000000e+00,-1.538170545654501752e-218,0.000000000000000000e+00
0.000000000000000000e+00,-5.725589023370570830e-218,0.000000000000000000e+00
0.000000000000000000e+00,-2.131242631425560658e-217,0.000000000000000000e+00
0.000000000000000000e+00,-7.933094814419969417e-217,0.000000000000000000e+00
0.000000000000000000e+00,-2.952904531383066950e-216,0.000000000000000000e+00
0.000000000000000000e+00,-1.099140380001533577e-215,0.000000000000000000e+00
0.000000000000000000e+00,-4.091230042362089118e-215,0.000000000000000000e+00
0.000000000000000000e+00,-1.522830617583136356e-214,0.000000000000000000e+00
0.000000000000000000e+00,-5.668214123100726202e-214,0.000000000000000000e+00
0.000000000000000000e+00,-2.109783186419887364e-213,0.000000000000000000e+00
0.000000000000000000e+00,-7.852832263420680176e-213,0.000000000000000000e+00
0.000000000000000000e+00,-2.922884898852974093e-212,0.000000000000000000e+00
0.000000000000000000e+00,-1.087912552457147081e-211,0.000000000000000000e+00
0.000000000000000000e+00,-4.049236350931278767e-211,0.000000000000000000e+00
0.000000000000000000e+00,-1.507124445966975935e-210,0.000000000000000000e+00
0.000000000000000000e+00,-5.609471329036693416e-210,0.000000000000000000e+00
0.000000000000000000e+00,-2.087812843038728938e-209,0.000000000000000000e+00
0.000000000000000000e+00,-7.770661545308053154e-209,0.000000000000000000e+00
0.000000000000000000e+00,-2.892152580639996586e-208,0.000000000000000000e+00
0.000000000000000000e+00,-1.076418542470609497e-207,0.000000000000000000e+00
0.000000000000000000e+00,-4.006248489807139561e-207,0.000000000000000000e+00
0.000000000000000000e+00,-1.491046960304506416e-206,0.000000000000000000e+00
0.000000000000000000e+00,-5.549341708953289186e-206,0.000000000000000000e+00
0.000000000000000000e+00,-2.065324532374384967e-205,0.000000000000000000e+00
0.000000000000000000e+00,-7.686556266224695431e-205,0.000000000000000000e+00
0.000000000000000000e+00,-2.860697721819082036e-204,0.000000000000000000e+00
0.000000000000000000e+00,-1.064654670415818014e-203,0.000000000000000000e+00
0.000000000000000000e+00,-3.962252720026428459e-203,0.000000000000000000e+00
0.000000000000000000e+00,-1.474593030751972188e-202,0.000000000000000000e+00
0.000000000000000000e+00,-5.487806109082669971e-202,0.000000000000000000e+00
0.000000000000000000e+00,-2.042311102810542465e-201,0.000000000000000000e+00
0.000000000000000000e+00,-7.600489723536847012e-201,0.000000000000000000e+00
0.000000000000000000e+00,-2.828510352189595653e-200,0.000000000000000000e+00
0.000000000000000000e+00,-1.052617213630805110e-199,0.000000000000000000e+00
0.000000000000000000e+00,-3.917235141960011950e-199,0.000000000000000000e+00
0.000000000000000000e+00,-1.457757467484191428e-198,0.000000000000000000e+00
0.000000000000000000e+00,-5.424845151728258351e-198,0.000000000000000000e+00
0.000000000000000000e+00,-2.018765319131555211e-197,0.000000000000000000e+00
0.000000000000000000e+00,-7.512434902509331046e-197,0.000000000000000000e+00
0.000000000000000000e+00,-2.795580385034084365e-196,0.000000000000000000e+00
0.000000000000000000e+00,-1.040302405954384052e-195,0.000000000000000000e+00
0.000000000000000000e+00,-3.871181693583152638e-195,0.000000000000000000e+00
0.000000000000000000e+00,-1.440535020048848270e-194,0.000000000000000000e+00
0.000000000000000000e+00,-5.360439232854278671e-194,0.000000000000000000e+00
0.000000000000000000e+00,-1.994679861622604356e-193,0.000000000000000000e+00
0.000000000000000000e+00,-7.422364472946380897e-193,0.000000000000000000e+00
0.000000000000000000e+00,-2.761897615864271185e-192,0.000000000000000000e+00
0.000000000000000000e+00,-1.027706437258022523e-191,0.000000000000000000e+00
0.000000000000000000e+00,-3.824078148727977270e-191,0.000000000000000000e+00
0.000000000000000000e+00,-1.422920376714136491e-190,0.000000000000000000e+00
0.000000000000000000e+00,-5.294568519650509345e-190,0.000000000000000000e+00
0.000000000000000000e+00,-1.970047325160619980e-189,0.000000000000000000e+00
0.000000000000000000e+00,-7.330250785798072410e-189,0.000000000000000000e+00
0.000000000000000000e+00,-2.727451721154241588e-188,0.000000000000000000e+00
0.000000000000000000e+00,-1.014825452972939416e-187,0.000000000000000000e+00
0.000000000000000000e+00,-3.775910115318120130e-187,0.000000000000000000e+00
0.000000000000000000e+00,-1.404908163809746520e-186,0.000000000000000000e+00
0.000000000000000000e+00,-5.227212948072166084e-186,0.000000000000000000e+00
0.000000000000000000e+00,-1.944860218295909572e-185,0.000000000000000000e+00
0.000000000000000000e+00,-7.236065869731993520e-185,0.000000000000000000e+00
0.000000000000000000e+00,-2.692232257060633920e-184,0.000000000000000000e+00
0.000000000000000000e+00,-1.001655553612349035e-183,0.000000000000000000e+00
0.000000000000000000e+00,-3.726663033585251953e-183,0.000000000000000000e+00
0.000000000000000000e+00,-1.386492945061092148e-182,0.000000000000000000e+00
0.000000000000000000e+00,-5.158352220354557349e-182,0.000000000000000000e+00
0.000000000000000000e+00,-1.919110962324377072e-181,0.000000000000000000e+00
0.000000000000000000e+00,-7.139781427669834719e-181,0.000000000000000000e+00
0.000000000000000000e+00,-2.656228658129743163e-180,0.000000000000000000e+00
0.000000000000000000e+00,-9.881927942888199759e-180,0.000000000000000000e+00
0.000000000000000000e+00,-3.676322174267365083e-179,0.000000000000000000e+00
0.000000000000000000e+00,-1.367669220916725961e-178,0.000000000000000000e+00
0.000000000000000000e+00,-5.087965802502310575e-178,0.000000000000000000e+00
0.000000000000000000e+00,-1.892791890350242763e-177,0.000000000000000000e+00
0.000000000000000000e+00,-7.041368833288491211e-177,0.000000000000000000e+00
0.000000000000000000e+00,-2.619430235991373788e-176,0.000000000000000000e+00
0.000000000000000000e+00,-9.744331842266876636e-176,0.000000000000000000e+00
0.000000000000000000e+00,-3.624872636788605509e-175,0.000000000000000000e+00
0.000000000000000000e+00,-1.348431427868868043e-174,0.000000000000000000e+00
0.000000000000000000e+00,-5.016032921752890645e-174,0.000000000000000000e+00
0.000000000000000000e+00,-1.865895246339172127e-173,0.000000000000000000e+00
0.000000000000000000e+00,-6.940799127485381755e-173,0.000000000000000000e+00
0.000000000000000000e+00,-2.581826178039338675e-172,0.000000000000000000e+00
0.000000000000000000e+00,-9.603726862694833195e-172,0.000000000000000000e+00
0.000000000000000000e+00,-3.572299347420495799e-171,0.000000000000000000e+00
0.000000000000000000e+00,-1.328773937766988442e-170,0.000000000000000000e+00
0.000000000000000000e+00,-4.942532564014208993e-170,0.000000000000000000e+00
0.000000000000000000e+00,-1.838413184161733113e-169,0.000000000000000000e+00
0.000000000000000000e+00,-6.838043014807675810e-169,0.000000000000000000e+00
0.000000000000000000e+00,-2.543405546098487870e-168,0.000000000000000000e+00
0.000000000000000000e+00,-9.460072163823331443e-168,0.000000000000000000e+00
0.000000000000000000e+00,-3.518587057424383714e-167,0.000000000000000000e+00
0.000000000000000000e+00,-1.308691057124379011e-166,0.000000000000000000e+00
0.000000000000000000e+00,-4.867443471276022593e-166,0.000000000000000000e+00
0.000000000000000000e+00,-1.810337766627063339e-165,0.000000000000000000e+00
0.000000000000000000e+00,-6.733070859844926357e-165,0.000000000000000000e+00
0.000000000000000000e+00,-2.504157275078064889e-164,0.000000000000000000e+00
0.000000000000000000e+00,-9.313326431492543853e-164,0.000000000000000000e+00
0.000000000000000000e+00,-3.463720341174842347e-163,0.000000000000000000e+00
0.000000000000000000e+00,-1.288177026417616492e-162,0.000000000000000000e+00
0.000000000000000000e+00,-4.790744138994839294e-162,0.000000000000000000e+00
0.000000000000000000e+00,-1.781660964506656264e-161,0.000000000000000000e+00
0.000000000000000000e+00,-6.625852683584885034e-161,0.000000000000000000e+00
0.000000000000000000e+00,-2.464070171611337741e-160,0.000000000000000000e+00
0.000000000000000000e+00,-9.163447872653286924e-160,0.000000000000000000e+00
0.000000000000000000e+00,-3.407683594263946008e-159,0.000000000000000000e+00
0.000000000000000000e+00,-1.267226019378887331e-158,0.000000000000000000e+00
0.000000000000000000e+00,-4.712412813452145463e-158,0.000000000000000000e+00
0.000000000000000000e+00,-1.752374655548181985e-157,0.000000000000000000e+00
0.000000000000000000e+00,-6.516358159732066456e-157,0.000000000000000000e+00
0.000000000000000000e+00,-2.423132912681308888e-156,0.000000000000000000e+00
0.000000000000000000e+00,-9.010394210236774951e-156,0.000000000000000000e+00
0.000000000000000000e+00,-3.350461031586147647e-155,0.000000000000000000e+00
0.000000000000000000e+00,-1.245832142281071338e-154,0.000000000000000000e+00
0.000000000000000000e+00,-4.632427489085633714e-154,0.000000000000000000e+00
0.000000000000000000e+00,-1.722470623479233707e-153,0.000000000000000000e+00
0.000000000000000000e+00,-6.404556610988724540e-153,0.000000000000000000e+00
0.000000000000000000e+00,-2.381334044232398963e-152,0.000000000000000000e+00
0.000000000000000000e+00,-8.854122677972019385e-152,0.000000000000000000e+00
0.000000000000000000e+00,-3.292036685403603322e-151,0.000000000000000000e+00
0.000000000000000000e+00,-1.223989433215522288e-150,0.000000000000000000e+00
0.000000000000000000e+00,-4.550765905793130220e-150,0.000000000000000000e+00
0.000000000000000000e+00,-1.691940557000880675e-149,0.000000000000000000e+00
0.000000000000000000e+00,-6.290417005297793864e-149,0.000000000000000000e+00
0.000000000000000000e+00,-2.338661979767945340e-148,0.000000000000000000e+00
0.000000000000000000e+00,-8.694590015150308669e-148,0.000000000000000000e+00
0.000000000000000000e+00,-3.232394403391760690e-147,0.000000000000000000e+00
0.000000000000000000e+00,-1.201691861362490763e-146,0.000000000000000000e+00
0.000000000000000000e+00,-4.467405546209102905e-146,0.000000000000000000e+00
0.000000000000000000e+00,-1.660776048770989466e-145,0.000000000000000000e+00
0.000000000000000000e+00,-6.173907952047605101e-145,0.000000000000000000e+00
0.000000000000000000e+00,-2.295104998933406330e-144,0.000000000000000000e+00
0.000000000000000000e+00,-8.531752461336263222e-144,0.000000000000000000e+00
0.000000000000000000e+00,-3.171517846664977789e-143,0.000000000000000000e+00
0.000000000000000000e+00,-1.178933326254079986e-142,0.000000000000000000e+00
0.000000000000000000e+00,-4.382323632953247301e-142,0.000000000000000000e+00
0.000000000000000000e+00,-1.628968594377115971e-141,0.000000000000000000e+00
0.000000000000000000e+00,-6.054997698237697872e-141,0.000000000000000000e+00
0.000000000000000000e+00,-2.250651246085068949e-140,0.000000000000000000e+00
0.000000000000000000e+00,-8.365565751024855093e-140,0.000000000000000000e+00
0.000000000000000000e+00,-3.109390487782004872e-139,0.000000000000000000e+00
0.000000000000000000e+00,-1.155707657029697842e-138,0.000000000000000000e+00
0.000000000000000000e+00,-4.295497125851112188e-138,0.000000000000000000e+00
0.000000000000000000e+00,-1.596509591298969472e-137,0.000000000000000000e+00
0.000000000000000000e+00,-5.933654124605691794e-137,0.000000000000000000e+00
0.000000000000000000e+00,-2.205288728844200516e-136,0.000000000000000000e+00
0.000000000000000000e+00,-8.195985108244023436e-136,0.000000000000000000e+00
0.000000000000000000e+00,-3.045995608731123789e-135,0.000000000000000000e+00
0.000000000000000000e+00,-1.132008611683905307e-134,0.000000000000000000e+00
0.000000000000000000e+00,-4.206902719126299470e-134,0.000000000000000000e+00
0.000000000000000000e+00,-1.563390337860256070e-133,0.000000000000000000e+00
0.000000000000000000e+00,-5.809844741714523234e-133,0.000000000000000000e+00
0.000000000000000000e+00,-2.159005316636422736e-132,0.000000000000000000e+00
0.000000000000000000e+00,-8.022965241102183342e-132,0.000000000000000000e+00
0.000000000000000000e+00,-2.981316298894745430e-131,0.000000000000000000e+00
0.000000000000000000e+00,-1.107829876306602870e-130,0.000000000000000000e+00
0.000000000000000000e+00,-4.116516838564092601e-130,0.000000000000000000e+00
0.000000000000000000e+00,-1.529602032169866673e-129,0.000000000000000000e+00
0.000000000000000000e+00,-5.683536685999901741e-129,0.000000000000000000e+00
0.000000000000000000e+00,-2.111788739216222897e-128,0.000000000000000000e+00
0.000000000000000000e+00,-7.846460336280213052e-128,0.000000000000000000e+00
0.000000000000000000e+00,-2.915335452993262716e-127,0.000000000000000000e+00
0.000000000000000000e+00,-1.083165064315470036e-126,0.000000000000000000e+00
0.000000000000000000e+00,-4.024315638646142598e-126,0.000000000000000000e+00
0.000000000000000000e+00,-1.495135771052248886e-125,0.000000000000000000e+00
0.000000000000000000e+00,-5.554696715777377862e-125,0.000000000000000000e+00
0.000000000000000000e+00,-2.063626585176390940e-124,0.000000000000000000e+00
0.000000000000000000e+00,-7.666424053467187807e-124,0.000000000000000000e+00
0.000000000000000000e+00,-2.848035769007914693e-123,0.000000000000000000e+00
0.000000000000000000e+00,-1.058007715680571944e-122,0.000000000000000000e+00
0.000000000000000000e+00,-3.930274999655940529e-122,0.000000000000000000e+00
0.000000000000000000e+00,-1.459982548966889015e-121,0.000000000000000000e+00
0.000000000000000000e+00,-5.423291207208797704e-121,0.000000000000000000e+00
0.000000000000000000e+00,-2.014506300442307345e-120,0.000000000000000000e+00
0.000000000000000000e+00,-7.482809519739575605e-120,0.000000000000000000e+00
0.000000000000000000e+00,-2.779399746082542354e-119,0.000000000000000000e+00
0.000000000000000000e+00,-1.032351296141085960e-118,0.000000000000000000e+00
0.000000000000000000e+00,-3.834370524754854712e-118,0.000000000000000000e+00
0.000000000000000000e+00,-1.424133256916793129e-117,0.000000000000000000e+00
0.000000000000000000e+00,-5.289286150227650501e-117,0.000000000000000000e+00
0.000000000000000000e+00,-1.964415186750870508e-116,0.000000000000000000e+00
0.000000000000000000e+00,-7.295569323883079054e-116,0.000000000000000000e+00
0.000000000000000000e+00,-2.709409682403940377e-115,0.000000000000000000e+00
0.000000000000000000e+00,-1.006189196414040076e-114,0.000000000000000000e+00
0.000000000000000000e+00,-3.736577537028365525e-114,0.000000000000000000e+00
0.000000000000000000e+00,-1.387578681345852326e-113,0.000000000000000000e+00
0.000000000000000000e+00,-5.152647144422953850e-113,0.000000000000000000e+00
0.000000000000000000e+00,-1.913340400113957652e-112,0.000000000000000000e+00
0.000000000000000000e+00,-7.104655510656743566e-112,0.000000000000000000e+00
0.000000000000000000e+00,-2.638047673060648904e-111,0.000000000000000000e+00
0.000000000000000000e+00,-9.795147313949991666e-111,0.000000000000000000e+00
0.000000000000000000e+00,-3.636871076502225327e-110,0.000000000000000000e+00
0.000000000000000000e+00,-1.350309503024977031e-109,0.000000000000000000e+00
0.000000000000000000e+00,-5.013339394881203262e-109,0.000000000000000000e+00
0.000000000000000000e+00,-1.861268949266231903e-108,0.000000000000000000e+00
0.000000000000000000e+00,-6.910019574998649301e-108,0.000000000000000000e+00
0.000000000000000000e+00,-2.565295607879948132e-107,0.000000000000000000e+00
0.000000000000000000e+00,-9.523211393506190294e-107,0.000000000000000000e+00
0.000000000000000000e+00,-3.535225897128275904e-106,0.000000000000000000e+00
0.000000000000000000e+00,-1.312316295926903687e-105,0.000000000000000000e+00
0.000000000000000000e+00,-4.871327707986029297e-105,0.000000000000000000e+00
0.000000000000000000e+00,-1.808187694097152963e-104,0.000000000000000000e+00
0.000000000000000000e+00,-6.711612456172611823e-104,0.000000000000000000e+00
0.000000000000000000e+00,-2.491135169242827272e-103,0.000000000000000000e+00
0.000000000000000000e+00,-9.246015811029782009e-103,0.000000000000000000e+00
0.000000000000000000e+00,-3.431616463739574655e-102,0.000000000000000000e+00
0.000000000000000000e+00,-1.273589526089552352e-101,0.000000000000000000e+00
0.000000000000000000e+00,-4.726576487175138934e-101,0.000000000000000000e+00
0.000000000000000000e+00,-1.754083344067053214e-100,0.000000000000000000e+00
0.000000000000000000e+00,-6.509384531855422155e-100,0.000000000000000000e+00
0.000000000000000000e+00,-2.415547829876757796e-99,0.000000000000000000e+00
0.000000000000000000e+00,-8.963491392056195315e-99,0.000000000000000000e+00
0.000000000000000000e+00,-3.326016948974556226e-98,0.000000000000000000e+00
0.000000000000000000e+00,-1.234119550467815102e-97,0.000000000000000000e+00
0.000000000000000000e+00,-4.579049728654047455e-97,0.000000000000000000e+00
0.000000000000000000e+00,-1.698942456607079395e-96,0.000000000000000000e+00
0.000000000000000000e+00,-6.303285612163856206e-96,0.000000000000000000e+00
0.000000000000000000e+00,-2.338514850625987995e-95,0.000000000000000000e+00
0.000000000000000000e+00,-8.675568171112085281e-95,0.000000000000000000e+00
0.000000000000000000e+00,-3.218401230169927546e-94,0.000000000000000000e+00
0.000000000000000000e+00,-1.193896615773682032e-93,0.000000000000000000e+00
0.000000000000000000e+00,-4.428711017066294887e-93,0.000000000000000000e+00
0.000000000000000000e+00,-1.642751435502890258e-92,0.000000000000000000e+00
0.000000000000000000e+00,-6.093264933621038142e-92,0.000000000000000000e+00
0.000000000000000000e+00,-2.260017278199195153e-91,0.000000000000000000e+00
0.000000000000000000e+00,-8.382175383307341543e-91,0.000000000000000000e+00
0.000000000000000000e+00,-3.108742886221976302e-90,0.000000000000000000e+00
0.000000000000000000e+00,-1.152910857304574132e-89,0.000000000000000000e+00
0.000000000000000000e+00,-4.275523521119632141e-89,0.000000000000000000e+00
0.000000000000000000e+00,-1.585496529261923385e-88,0.000000000000000000e+00
0.000000000000000000e+00,-5.879271153061488394e-88,0.000000000000000000e+00
0.000000000000000000e+00,-2.180035942894253898e-87,0.000000000000000000e+00
0.000000000000000000e+00,-8.083241455841695033e-87,0.000000000000000000e+00
0.000000000000000000e+00,-2.997015194415999249e-86,0.000000000000000000e+00
0.000000000000000000e+00,-1.111152297759773110e-85,0.000000000000000000e+00
0.000000000000000000e+00,-4.119449989167780034e-85,0.000000000000000000e+00
0.000000000000000000e+00,-1.527163829464070856e-84,0.000000000000000000e+00
0.000000000000000000e+00,-5.661252341474221366e-84,0.000000000000000000e+00
0.000000000000000000e+00,-2.098551456299874100e-83,0.000000000000000000e+00
0.000000000000000000e+00,-7.778693999424975041e-83,0.000000000000000000e+00
0.000000000000000000e+00,-2.883191127223504061e-82,0.000000000000000000e+00
0.000000000000000000e+00,-1.068610846044823721e-81,0.000000000000000000e+00
0.000000000000000000e+00,-3.960452744747281735e-81,0.000000000000000000e+00
0.000000000000000000e+00,-1.467739269095598096e-80,0.000000000000000000e+00
0.000000000000000000e+00,-5.439155977783301864e-80,0.000000000000000000e+00
0.000000000000000000e+00,-2.015544208973899608e-79,0.000000000000000000e+00
0.000000000000000000e+00,-7.468459799610259521e-79,0.000000000000000000e+00
0.000000000000000000e+00,-2.767243349066896517e-78,0.000000000000000000e+00
0.000000000000000000e+00,-1.025276296063799267e-77,0.000000000000000000e+00
0.000000000000000000e+00,-3.798493682069062487e-77,0.000000000000000000e+00
0.000000000000000000e+00,-1.407208620866152867e-76,0.000000000000000000e+00
0.000000000000000000e+00,-5.212928942565280472e-76,0.000000000000000000e+00
0.000000000000000000e+00,-1.930994368098036110e-75,0.000000000000000000e+00
0.000000000000000000e+00,-7.152464808039017196e-75,0.000000000000000000e+00
0.000000000000000000e+00,-2.649144213051309861e-74,0.000000000000000000e+00
0.000000000000000000e+00,-9.811383254993023066e-74,0.000000000000000000e+00
0.000000000000000000e+00,-3.633534261464202194e-73,0.000000000000000000e+00
0.000000000000000000e+00,-1.345557495508683385e-72,0.000000000000000000e+00
0.000000000000000000e+00,-4.982517511702833204e-72,0.000000000000000000e+00
0.000000000000000000e+00,-1.844881875108779456e-71,0.000000000000000000e+00
0.000000000000000000e+00,-6.830634133597441996e-71,0.000000000000000000e+00
0.000000000000000000e+00,-2.528865757663290264e-70,0.000000000000000000e+00
0.000000000000000000e+00,-9.361864945800923405e-70,0.000000000000000000e+00
0.000000000000000000e+00,-3.465535504783523805e-69,0.000000000000000000e+00
0.000000000000000000e+00,-1.282771340062118840e-68,0.000000000000000000e+00
0.000000000000000000e+00,-4.747867349974048956e-68,0.000000000000000000e+00
0.000000000000000000e+00,-1.757186443304306217e-67,0.000000000000000000e+00
0.000000000000000000e+00,-6.502892033483021554e-67,0.000000000000000000e+00
0.000000000000000000e+00,-2.406379703435969547e-66,0.000000000000000000e+00
0.000000000000000000e+00,-8.904102448362022394e-66,0.000000000000000000e+00
0.000000000000000000e+00,-3.294457990750472839e-65,0.000000000000000000e+00
0.000000000000000000e+00,-1.218835436136608861e-64,0.000000000000000000e+00
0.000000000000000000e+00,-4.508923504576622488e-64,0.000000000000000000e+00
0.000000000000000000e+00,-1.667887555427078245e-63,0.000000000000000000e+00
0.000000000000000000e+00,-6.169161904180488470e-63,0.000000000000000000e+00
0.000000000000000000e+00,-2.281657449580413778e-62,0.000000000000000000e+00
0.000000000000000000e+00,-8.437988978414328103e-62,0.000000000000000000e+00
0.000000000000000000e+00,-3.120261850266886272e-61,0.000000000000000000e+00
0.000000000000000000e+00,-1.153734898161182457e-60,0.000000000000000000e+00
0.000000000000000000e+00,-4.265630398586407528e-60,0.000000000000000000e+00
0.000000000000000000e+00,-1.576964461221934457e-59,0.000000000000000000e+00
0.000000000000000000e+00,-5.829366272346219508e-59,0.000000000000000000e+00
0.000000000000000000e+00,-2.154670070582794345e-58,0.000000000000000000e+00
0.000000000000000000e+00,-7.963416539430843662e-58,0.000000000000000000e+00
0.000000000000000000e+00,-2.942906761671123049e-57,0.000000000000000000e+00
0.000000000000000000e+00,-1.087454671613624123e-56,0.000000000000000000e+00
0.000000000000000000e+00,-4.017931824349611298e-56,0.000000000000000000e+00
0.000000000000000000e+00,-1.484396174969424744e-55,0.000000000000000000e+00
0.000000000000000000e+00,-5.483426785600286295e-55,0.000000000000000000e+00
0.000000000000000000e+00,-2.025388312767097069e-54,0.000000000000000000e+00
0.000000000000000000e+00,-7.480275909788305156e-54,0.000000000000000000e+00
0.000000000000000000e+00,-2.762351945948198280e-53,0.000000000000000000e+00
0.000000000000000000e+00,-1.019979531232431184e-52,0.000000000000000000e+00
0.000000000000000000e+00,-3.765770936808086715e-52,0.000000000000000000e+00
0.000000000000000000e+00,-1.390161472994161185e-51,0.000000000000000000e+00
0.000000000000000000e+00,-5.131264203225197404e-51,0.000000000000000000e+00
0.000000000000000000e+00,-1.893782590822990109e-50,0.000000000000000000e+00
0.000000000000000000e+00,-6.988456629805814368e-50,0.000000000000000000e+00
0.000000000000000000e+00,-2.578556161891343781e-49,0.000000000000000000e+00
0.000000000000000000e+00,-9.512940792106424376e-49,0.000000000000000000e+00
0.000000000000000000e+00,-3.509090246756956268e-48,0.000000000000000000e+00
0.000000000000000000e+00,-1.294238891147910597e-47,0.000000000000000000e+00
0.000000000000000000e+00,-4.772798386770364149e-47,0.000000000000000000e+00
0.000000000000000000e+00,-1.759822984298502277e-46,0.000000000000000000e+00
0.000000000000000000e+00,-6.487846988652122527e-46,0.000000000000000000e+00
0.000000000000000000e+00,-2.391477701214544169e-45,0.000000000000000000e+00
0.000000000000000000e+00,-8.813827433713631342e-45,0.000000000000000000e+00
0.000000000000000000e+00,-3.247831614033911064e-44,0.000000000000000000e+00
0.000000000000000000e+00,-1.196606722267186808e-43,0.000000000000000000e+00
0.000000000000000000e+00,-4.407948290561399701e-43,0.000000000000000000e+00
0.000000000000000000e+00,-1.623479234057182890e-42,0.000000000000000000e+00
0.000000000000000000e+00,-5.978334011120355569e-42,0.000000000000000000e+00
0.000000000000000000e+00,-2.201074383615595116e-41,0.000000000000000000e+00
0.000000000000000000e+00,-8.102297753248252128e-41,0.000000000000000000e+00
0.000000000000000000e+00,-2.981936240639587119e-40,0.000000000000000000e+00
0.000000000000000000e+00,-1.097243013605111536e-39,0.000000000000000000e+00
0.000000000000000000e+00,-4.036631952113340158e-39,0.000000000000000000e+00
0.000000000000000000e+00,-1.484720738699390182e-38,0.000000000000000000e+00
0.000000000000000000e+00,-5.459803444268802654e-38,0.000000000000000000e+00
0.000000000000000000e+00,-2.007303551789156436e-37,0.000000000000000000e+00
0.000000000000000000e+00,-7.378192486067785445e-37,0.000000000000000000e+00
0.000000000000000000e+00,-2.711344663788256835e-36,0.000000000000000000e+00
0.000000000000000000e+00,-9.961255642372678829e-36,0.000000000000000000e+00
0.000000000000000000e+00,-3.658766482446812892e-35,0.000000000000000000e+00
0.000000000000000000e+00,-1.343516550947360838e-34,0.000000000000000000e+00
0.000000000000000000e+00,-4.932139743926555599e-34,0.000000000000000000e+00
0.000000000000000000e+00,-1.810122066389367531e-33,0.000000000000000000e+00
0.000000000000000000e+00,-6.641350567980561021e-33,0.000000000000000000e+00
0.000000000000000000e+00,-2.435996748888238137e-32,0.000000000000000000e+00
0.000000000000000000e+00,-8.932319224413126198e-32,0.000000000000000000e+00
0.000000000000000000e+00,-3.274268056306223641e-31,0.000000000000000000e+00
0.000000000000000000e+00,-1.199835373993694895e-30,0.000000000000000000e+00
0.000000000000000000e+00,-4.395226061062524901e-30,0.000000000000000000e+00
0.000000000000000000e+00,-1.609486300941453996e-29,0.000000000000000000e+00
0.000000000000000000e+00,-5.891609116250980442e-29,0.000000000000000000e+00
0.000000000000000000e+00,-2.155831682451232580e-28,0.000000000000000000e+00
0.000000000000000000e+00,-7.885393830500634356e-28,0.000000000000000000e+00
0.000000000000000000e+00,-2.883051902278952443e-27,0.000000000000000000e+00
0.000000000000000000e+00,-1.053645557812895365e-26,0.000000000000000000e+00
0.000000000000000000e+00,-3.848944228016587750e-26,0.000000000000000000e+00
0.000000000000000000e+00,-1.405352136701873983e-25,0.000000000000000000e+00
0.000000000000000000e+00,-5.128803410412661651e-25,0.000000000000000000e+00
0.000000000000000000e+00,-1.870787964929954396e-24,0.000000000000000000e+00
0.000000000000000000e+00,-6.820249847778177506e-24,0.000000000000000000e+00
0.000000000000000000e+00,-2.485032292814618488e-23,0.000000000000000000e+00
0.000000000000000000e+00,-9.049150954356067997e-23,0.000000000000000000e+00
0.000000000000000000e+00,-3.293174744591495378e-22,0.000000000000000000e+00
0.000000000000000000e+00,-1.197674957466495554e-21,0.000000000000000000e+00
0.000000000000000000e+00,-4.352766872887612625e-21,0.000000000000000000e+00
0.000000000000000000e+00,-1.580803403483361571e-20,0.000000000000000000e+00
0.000000000000000000e+00,-5.736655075196471147e-20,0.000000000000000000e+00
0.000000000000000000e+00,-2.080122534143470673e-19,0.000000000000000000e+00
0.000000000000000000e+00,-7.536116191851932024e-19,0.000000000000000000e+00
0.000000000000000000e+00,-2.727796764004182237e-18,0.000000000000000000e+00
0.000000000000000000e+00,-9.864096443262794797e-18,0.000000000000000000e+00
0.000000000000000000e+00,-3.563331049409428375e-17,0.000000000000000000e+00
0.000000000000000000e+00,-1.285815104668722251e-16,0.000000000000000000e+00
0.000000000000000000e+00,-4.634374696233789253e-16,0.000000000000000000e+00
0.000000000000000000e+00,-1.668234956092823199e-15,0.000000000000000000e+00
0.000000000000000000e+00,-5.997023968762647853e-15,0.000000000000000000e+00
0.000000000000000000e+00,-2.152688078695052476e-14,0.000000000000000000e+00
0.000000000000000000e+00,-7.715105703699575611e-14,0.000000000000000000e+00
0.000000000000000000e+00,-2.760325589248649606e-13,0.000000000000000000e+00
0.000000000000000000e+00,-9.857594670598376957e-13,0.000000000000000000e+00
0.000000000000000000e+00,-3.513171251340147681e-12,0.000000000000000000e+00
0.000000000000000000e+00,-1.249280901800602697e-11,0.000000000000000000e+00
0.000000000000000000e+00,-4.431543279747940167e-11,0.000000000000000000e+00
0.000000000000000000e+00,-1.567725105993881064e-10,0.000000000000000000e+00
0.000000000000000000e+00,-5.529315953331837434e-10,0.000000000000000000e+00
0.000000000000000000e+00,-1.943578225238313501e-09,0.000000000000000000e+00
0.000000000000000000e+00,-6.805721737906825915e-09,0.000000000000000000e+00
0.000000000000000000e+00,-2.372804610103104648e-08,0.000000000000000000e+00
0.000000000000000000e+00,-8.231707173249884751e-08,0.000000000000000000e+00
0.000000000000000000e+00,-2.839339397194482096e-07,0.000000000000000000e+00
0.000000000000000000e+00,-9.727828736409479771e-07,0.000000000000000000e+00
0.000000000000000000e+00,-3.306260601936475944e-06,0.000000000000000000e+00
0.000000000000000000e+00,-1.112914753597783267e-05,0.000000000000000000e+00
0.000000000000000000e+00,-3.701881850237423265e-05,0.000000000000000000e+00
0.000000000000000000e+00,-1.213031943132437187e-04,0.000000000000000000e+00
0.000000000000000000e+00,-3.898137411490996962e-04,0.000000000000000000e+00
0.000000000000000000e+00,-1.220073832037426708e-03,0.000000000000000000e+00
0.000000000000000000e+00,-3.677350051619195266e-03,0.000000000000000000e+00
0.000000000000000000e+00,-1.045467817115943755e-02,0.000000000000000000e+00
0.000000000000000000e+00,-2.681590135528029439e-02,0.000000000000000000e+00
0.000000000000000000e+00,-5.454173034228860378e-02,0.000000000000000000e+00
0.000000000000000000e+00,-7.908769366091980557e-02,0.000000000000000000e+00
0.000000000000000000e+00,-7.612543579724649623e-02,0.000000000000000000e+00
0.000000000000000000e+00,-3.734794186444399117e-02,0.000000000000000000e+00
0.000000000000000000e+00,3.039199048981528969e-02,0.000000000000000000e+00
0.000000000000000000e+00,1.126180847614619701e-01,0.000000000000000000e+00
0.000000000000000000e+00,1.655882501567151333e-01,0.000000000000000000e+00
0.000000000000000000e+00,1.524618413303719111e-01,0.000000000000000000e+00
0.000000000000000000e+00,1.148389154239835563e-01,0.000000000000000000e+00
0.000000000000000000e+00,1.148110959374332579e-01,0.000000000000000000e+00
0.000000000000000000e+00,1.315622703540221261e-01,0.000000000000000000e+00
0.000000000000000000e+00,1.037479180198748185e-01,0.000000000000000000e+00
0.000000000000000000e+00,3.395232986208288062e-02,0.000000000000000000e+00
0.000000000000000000e+00,-3.352681856633933644e-02,0.000000000000000000e+00
0.000000000000000000e+00,-1.073979122432301841e-01,0.000000000000000000e+00
0.000000000000000000e+00,-2.119123428749451477e-01,0.000000000000000000e+00
0.000000000000000000e+00,-2.917532010142155352e-01,0.000000000000000000e+00
0.000000000000000000e+00,-2.717774157442134908e-01,0.000000000000000000e+00
0.000000000000000000e+00,-1.499150384541600156e-01,0.000000000000000000e+00
0.000000000000000000e+00,2.606741052378390433e-02,0.000000000000000000e+00
0.000000000000000000e+00,1.917113514256587326e-01,0.000000000000000000e+00
0.000000000000000000e+00,2.914420300880930514e-01,0.000000000000000000e+00
0.000000000000000000e+00,3.166912376873188828e-01,0.000000000000000000e+00
0.000000000000000000e+00,2.736742607943613570e-01,0.000000000000000000e+00
0.000000000000000000e+00,1.439941972622365562e-01,0.000000000000000000e+00
0.000000000000000000e+00,-7.103774479015347032e-02,0.000000000000000000e+00
0.000000000000000000e+00,-3.335296603739133503e-01,0.000000000000000000e+00
0.000000000000000000e+00,-6.170110594650132230e-01,0.000000000000000000e+00
0.000000000000000000e+00,-8.923557445731297166e-01,0.000000000000000000e+00
0.000000000000000000e+00,-1.106508924415953166e+00,0.000000000000000000e+00
0.000000000000000000e+00,-1.242301808357483051e+00,0.000000000000000000e+00
0.000000000000000000e+00,-1.328208724492729198e+00,0.000000000000000000e+00
0.000000000000000000e+00,-1.371760396261636261e+00,0.000000000000000000e+00
0.000000000000000000e+00,-1.353429171667872355e+00,0.000000000000000000e+00
0.000000000000000000e+00,-1.291441728217875617e+00,0.000000000000000000e+00
0.000000000000000000e+00,-1.241735681321663787e+00,0.000000000000000000e+00
0.000000000000000000e+00,-1.220399819732893798e+00,0.000000000000000000e+00
0.000000000000000000e+00,-1.205040948148333735e+00,0.000000000000000000e+00
0.000000000000000000e+00,-1.188839552350018813e+00,0.000000000000000000e+00
0.000000000000000000e+00,-1.160027228671627553e+00,0.000000000000000000e+00
0.000000000000000000e+00,-1.090786152526459496e+00,0.000000000000000000e+00
0.000000000000000000e+00,-9.874620747741967852e-01,0.000000000000000000e+00
0.000000000000000000e+00,-8.845591297403072595e-01,0.000000000000000000e+00
0.000000000000000000e+00,-7.963951835269647006e-01,0.000000000000000000e+00
0.000000000000000000e+00,-7.291100785573021437e-01,0.000000000000000000e+00
0.000000000000000000e+00,-6.875007881213139882e-01,0.000000000000000000e+00
0.000000000000000000e+00,-6.500497294144843563e-01,0.000000000000000000e+00
0.000000000000000000e+00,-6.039365940636751695e-01,0.000000000000000000e+00
0.000000000000000000e+00,-5.698088494618920308e-01,0.000000000000000000e+00
0.000000000000000000e+00,-5.547616497435442495e-01,0.000000000000000000e+00
0.000000000000000000e+00,-5.461869307292137599e-01,0.000000000000000000e+00
0.000000000000000000e+00,-5.405399520813748415e-01,0.000000000000000000e+00
0.000000000000000000e+00,-5.298142120116144937e-01,0.000000000000000000e+00
0.000000000000000000e+00,-5.051458547183349523e-01,0.000000000000000000e+00
0.000000000000000000e+00,-4.838437074594040266e-01,0.000000000000000000e+00
0.000000000000000000e+00,-4.844805187567437499e-01,0.000000000000000000e+00
0.000000000000000000e+00,-4.998050415197426988e-01,0.000000000000000000e+00
0.000000000000000000e+00,-5.207422994934510774e-01,0.000000000000000000e+00
0.000000000000000000e+00,-5.341405911867864731e-01,0.000000000000000000e+00
0.000000000000000000e+00,-5.136131520133713213e-01,0.000000000000000000e+00
0.000000000000000000e+00,-4.688354291726797851e-01,0.000000000000000000e+00
0.000000000000000000e+00,-4.301191271415960582e-01,0.000000000000000000e+00
0.000000000000000000e+00,-3.829749169447166368e-01,0.000000000000000000e+00
0.000000000000000000e+00,-3.100753283770703028e-01,0.000000000000000000e+00
0.000000000000000000e+00,-2.250817099717526970e-01,0.000000000000000000e+00
0.000000000000000000e+00,-1.300979774028928893e-01,0.000000000000000000e+00
0.000000000000000000e+00,-3.069324980344067394e-02,0.000000000000000000e+00
0.000000000000000000e+00,4.686424342759539646e-02,0.000000000000000000e+00
0.000000000000000000e+00,9.784283463130478975e-02,0.000000000000000000e+00
0.000000000000000000e+00,1.383807743290886294e-01,0.000000000000000000e+00
0.000000000000000000e+00,1.804273684934268596e-01,0.000000000000000000e+00
0.000000000000000000e+00,2.335184436466626878e-01,0.000000000000000000e+00
0.000000000000000000e+00,2.903907762930217906e-01,0.000000000000000000e+00
0.000000000000000000e+00,3.342898983225723319e-01,0.000000000000000000e+00
0.000000000000000000e+00,3.706453939860598901e-01,0.000000000000000000e+00
0.000000000000000000e+00,4.089427487796891136e-01,0.000000000000000000e+00
0.000000000000000000e+00,4.530908087759921710e-01,0.000000000000000000e+00
0.000000000000000000e+00,5.193702457394400174e-01,0.000000000000000000e+00
0.000000000000000000e+00,6.095715041991136562e-01,0.000000000000000000e+00
0.000000000000000000e+00,6.991013317112375614e-01,0.000000000000000000e+00
0.000000000000000000e+00,7.784622352453826055e-01,0.000000000000000000e+00
0.000000000000000000e+00,8.620056990142546116e-01,0.000000000000000000e+00
0.000000000000000000e+00,9.542220071879348176e-01,0.000000000000000000e+00
0.000000000000000000e+00,1.045260025498718104e+00,0.000000000000000000e+00
0.000000000000000000e+00,1.127787431475572477e+00,0.000000000000000000e+00
0.000000000000000000e+00,1.201296851316876468e+00,0.000000000000000000e+00
0.000000000000000000e+00,1.283519240776518133e+00,0.000000000000000000e+00
0.000000000000000000e+00,1.384155028814228805e+00,0.000000000000000000e+00
0.000000000000000000e+00,1.464908775595944457e+00,0.000000000000000000e+00
0.000000000000000000e+00,1.502686761006704064e+00,0.000000000000000000e+00
0.000000000000000000e+00,1.535537117063946022e+00,0.000000000000000000e+00
0.000000000000000000e+00,1.588060414344222071e+00,0.000000000000000000e+00
0.000000000000000000e+00,1.645848020060434624e+00,0.000000000000000000e+00
0.000000000000000000e+00,1.704776877792342216e+00,0.000000000000000000e+00
0.000000000000000000e+00,1.765474358940742672e+00,0.000000000000000000e+00
0.000000000000000000e+00,1.812254817403039286e+00,0.000000000000000000e+00
0.000000000000000000e+00,1.836029580569248587e+00,0.000000000000000000e+00
0.000000000000000000e+00,1.843122925032879778e+00,0.000000000000000000e+00
0.000000000000000000e+00,1.846297630300136827e+00,0.000000000000000000e+00
0.000000000000000000e+00,1.863002718960205195e+00,0.000000000000000000e+00
0.000000000000000000e+00,1.891153225972970642e+00,0.000000000000000000e+00
0.000000000000000000e+00,1.903267483868285037e+00,0.000000000000000000e+00
0.000000000000000000e+00,1.895503424814312554e+00,0.000000000000000000e+00
0.000000000000000000e+00,1.896745777708929825e+00,0.000000000000000000e+00
0.000000000000000000e+00,1.915638719987122984e+00,0.000000000000000000e+00
0.000000000000000000e+00,1.935908175782465657e+00,0.000000000000000000e+00
0.000000000000000000e+00,1.955061243348635847e+00,0.000000000000000000e+00
0.000000000000000000e+00,1.980749264892755157e+00,0.000000000000000000e+00
0.000000000000000000e+00,2.014463425139199515e+00,0.000000000000000000e+00
0.000000000000000000e+00,2.051294904050626755e+00,0.000000000000000000e+00
0.000000000000000000e+00,2.075062955692828393e+00,0.000000000000000000e+00
0.000000000000000000e+00,2.078391008852188637e+00,0.000000000000000000e+00
0.000000000000000000e+00,2.076125675612412458e+00,0.000000000000000000e+00
0.000000000000000000e+00,2.063965987051907369e+00,0.000000000000000000e+00
0.000000000000000000e+00,2.018283350516512975e+00,0.000000000000000000e+00
0.000000000000000000e+00,1.953870933244884700e+00,0.000000000000000000e+00
0.000000000000000000e+00,1.908881877464687182e+00,0.000000000000000000e+00
0.000000000000000000e+00,1.890194038389768849e+00,0.000000000000000000e+00
0.000000000000000000e+00,1.893810128196343090e+00,0.000000000000000000e+00
0.000000000000000000e+00,1.931474921027516389e+00,0.000000000000000000e+00
0.000000000000000000e+00,1.997997490339419313e+00,0.000000000000000000e+00
0.000000000000000000e+00,2.067078331401035474e+00,0.000000000000000000e+00
0.000000000000000000e+00,2.126536065122526242e+00,0.000000000000000000e+00
0.000000000000000000e+00,2.176583557449404793e+00,0.000000000000000000e+00
0.000000000000000000e+00,2.220438448258626352e+00,0.000000000000000000e+00
0.000000000000000000e+00,2.266148741558895452e+00,0.000000000000000000e+00
0.000000000000000000e+00,2.307817758288607468e+00,0.000000000000000000e+00
0.000000000000000000e+00,2.330893746868346383e+00,0.000000000000000000e+00
0.000000000000000000e+00,2.341914309964375995e+00,0.000000000000000000e+00
0.000000000000000000e+00,2.349577860834737741e+00,0.000000000000000000e+00
0.000000000000000000e+00,2.336135023977300218e+00,0.000000000000000000e+00
0.000000000000000000e+00,2.289194429639777706e+00,0.000000000000000000e+00
0.000000000000000000e+00,2.227023582240346578e+00,0.000000000000000000e+00
0.000000000000000000e+00,2.161853755390438891e+00,0.000000000000000000e+00
0.000000000000000000e+00,2.078735975938193370e+00,0.000000000000000000e+00
0.000000000000000000e+00,1.966934438760640891e+00,0.000000000000000000e+00
0.000000000000000000e+00,1.826471904080808173e+00,0.000000000000000000e+00
0.000000000000000000e+00,1.654781887070039703e+00,0.000000000000000000e+00
0.000000000000000000e+00,1.466315357252700569e+00,0.000000000000000000e+00
0.000000000000000000e+00,1.286347184646718711e+00,0.000000000000000000e+00
0.000000000000000000e+00,1.120711739104646609e+00,0.000000000000000000e+00
0.000000000000000000e+00,9.648480601478021113e-01,0.000000000000000000e+00
0.000000000000000000e+00,8.144652972198269669e-01,0.000000000000000000e+00
0.000000000000000000e+00,6.636290232886311591e-01,0.000000000000000000e+00
0.000000000000000000e+00,5.153020784299361390e-01,0.000000000000000000e+00
0.000000000000000000e+00,3.730910258549416381e-01,0.000000000000000000e+00
0.000000000000000000e+00,2.277301841899043167e-01,0.000000000000000000e+00
0.000000000000000000e+00,7.671811228114319703e-02,0.000000000000000000e+00
0.000000000000000000e+00,-7.587478875953540536e-02,0.000000000000000000e+00
0.000000000000000000e+00,-2.362213834725677419e-01,0.000000000000000000e+00
0.000000000000000000e+00,-3.911651560496632873e-01,0.000000000000000000e+00
0.000000000000000000e+00,-4.997877682485137862e-01,0.000000000000000000e+00
0.000000000000000000e+00,-5.220256161151781704e-01,0.000000000000000000e+00
0.000000000000000000e+00,-3.851474653729153874e-01,0.000000000000000000e+00
0.000000000000000000e+00,5.632687715143619434e-02,0.000000000000000000e+00
0.000000000000000000e+00,9.354072332510552368e-01,0.000000000000000000e+00
0.000000000000000000e+00,2.179582470414444639e+00,0.000000000000000000e+00
0.000000000000000000e+00,3.414334547380966534e+00,0.000000000000000000e+00
0.000000000000000000e+00,4.181187900444734318e+00,0.000000000000000000e+00
0.000000000000000000e+00,4.301318880764984698e+00,0.000000000000000000e+00
0.000000000000000000e+00,3.940360246747953710e+00,0.000000000000000000e+00
0.000000000000000000e+00,3.342193276390807100e+00,0.000000000000000000e+00
0.000000000000000000e+00,2.629754915338436749e+00,0.000000000000000000e+00
0.000000000000000000e+00,1.830755940891613198e+00,0.000000000000000000e+00
0.000000000000000000e+00,9.499150154195417084e-01,0.000000000000000000e+00
0.000000000000000000e+00,4.567336239845176671e-04,0.000000000000000000e+00
0.000000000000000000e+00,-9.654837967654064101e-01,0.000000000000000000e+00
0.000000000000000000e+00,-1.853019896890253593e+00,0.000000000000000000e+00
0.000000000000000000e+00,-2.575734479772378904e+00,0.000000000000000000e+00
0.000000000000000000e+00,-3.100029801901700743e+00,0.000000000000000000e+00
0.000000000000000000e+00,-3.447265657667410110e+00,0.000000000000000000e+00
0.000000000000000000e+00,-3.684199768397451002e+00,0.000000000000000000e+00
0.000000000000000000e+00,-3.886827744607453283e+00,0.000000000000000000e+00
0.000000000000000000e+00,-4.088251585143085620e+00,0.000000000000000000e+00
0.000000000000000000e+00,-4.289285767722722298e+00,0.000000000000000000e+00
0.000000000000000000e+00,-4.502422297668411844e+00,0.000000000000000000e+00
0.000000000000000000e+00,-4.742544498875528092e+00,0.000000000000000000e+00
0.000000000000000000e+00,-5.006891689611504326e+00,0.000000000000000000e+00
0.000000000000000000e+00,-5.285890150757109218e+00,0.000000000000000000e+00
0.000000000000000000e+00,-5.550674486385598350e+00,0.000000000000000000e+00
0.000000000000000000e+00,-5.753387195473322890e+00,0.000000000000000000e+00
0.000000000000000000e+00,-5.867086325291182902e+00,0.000000000000000000e+00
0.000000000000000000e+00,-5.806636824137336284e+00,0.000000000000000000e+00
0.000000000000000000e+00,-5.287008815258379180e+00,0.000000000000000000e+00
0.000000000000000000e+00,-4.065528594451119027e+00,0.000000000000000000e+00
0.000000000000000000e+00,-2.453820848765636331e+00,0.000000000000000000e+00
0.000000000000000000e+00,-1.140635787934644263e+00,0.000000000000000000e+00
0.000000000000000000e+00,-4.350884660462694953e-01,0.000000000000000000e+00
0.000000000000000000e+00,-1.512692412205309256e-01,0.000000000000000000e+00
0.000000000000000000e+00,-4.982699564291395711e-02,0.000000000000000000e+00
0.000000000000000000e+00,-1.584156360926681703e-02,0.000000000000000000e+00
0.000000000000000000e+00,-4.912051019661109290e-03,0.000000000000000000e+00
0.000000000000000000e+00,-1.494987113266930696e-03,0.000000000000000000e+00
0.000000000000000000e+00,-4.484917834560599279e-04,0.000000000000000000e+00
0.000000000000000000e+00,-1.330107768657833207e-04,0.000000000000000000e+00
0.000000000000000000e+00,-3.907999919152487195e-05,0.000000000000000000e+00
0.000000000000000000e+00,-1.139316432964775671e-05,0.000000000000000000e+00
0.000000000000000000e+00,-3.299760659941181358e-06,0.000000000000000000e+00
0.000000000000000000e+00,-9.503440122854530879e-07,0.000000000000000000e+00
0.000000000000000000e+00,-2.723756649995493312e-07,0.000000000000000000e+00
0.000000000000000000e+00,-7.773404873993115187e-08,0.000000000000000000e+00
0.000000000000000000e+00,-2.210185827000446674e-08,0.000000000000000000e+00
0.000000000000000000e+00,-6.263296552216473267e-09,0.000000000000000000e+00
0.000000000000000000e+00,-1.769648477551234611e-09,0.000000000000000000e+00
0.000000000000000000e+00,-4.986673006179548545e-10,0.000000000000000000e+00
0.000000000000000000e+00,-1.401799567487360520e-10,0.000000000000000000e+00
0.000000000000000000e+00,-3.931951106010632485e-11,0.000000000000000000e+00
0.000000000000000000e+00,-1.100679439600609282e-11,0.000000000000000000e+00
0.000000000000000000e+00,-3.075509458068455176e-12,0.000000000000000000e+00
0.000000000000000000e+00,-8.579082685525794295e-13,0.000000000000000000e+00
0.000000000000000000e+00,-2.389400111308583613e-13,0.000000000000000000e+00
0.000000000000000000e+00,-6.645252364198776879e-14,0.000000000000000000e+00
0.000000000000000000e+00,-1.845667913263191227e-14,0.000000000000000000e+00
0.000000000000000000e+00,-5.119827999563072601e-15,0.000000000000000000e+00
0.000000000000000000e+00,-1.418577614173963141e-15,0.000000000000000000e+00
0.000000000000000000e+00,-3.926263403239339967e-16,0.000000000000000000e+00
0.000000000000000000e+00,-1.085585313328049061e-16,0.000000000000000000e+00
0.000000000000000000e+00,-2.998703866026055616e-17,0.000000000000000000e+00
0.000000000000000000e+00,-8.275853709105026827e-18,0.000000000000000000e+00
0.000000000000000000e+00,-2.282044126655476321e-18,0.000000000000000000e+00
0.000000000000000000e+00,-6.287641986328561792e-19,0.000000000000000000e+00
0.000000000000000000e+00,-1.731103218439417119e-19,0.000000000000000000e+00
0.000000000000000000e+00,-4.762630349890466038e-20,0.000000000000000000e+00
0.000000000000000000e+00,-1.309409720766014055e-20,0.000000000000000000e+00
0.000000000000000000e+00,-3.597690799674737806e-21,0.000000000000000000e+00
0.000000000000000000e+00,-9.878828068109787323e-22,0.000000000000000000e+00
0.000000000000000000e+00,-2.711022227190188032e-22,0.000000000000000000e+00
0.000000000000000000e+00,-7.435644889229541271e-23,0.000000000000000000e+00
0.000000000000000000e+00,-2.038323700911819518e-23,0.000000000000000000e+00
0.000000000000000000e+00,-5.584790952799782170e-24,0.000000000000000000e+00
0.000000000000000000e+00,-1.529429877615305993e-24,0.000000000000000000e+00
0.000000000000000000e+00,-4.186490511765184993e-25,0.000000000000000000e+00
0.000000000000000000e+00,-1.145452256167054776e-25,0.000000000000000000e+00
0.000000000000000000e+00,-3.132695187897689276e-26,0.000000000000000000e+00
0.000000000000000000e+00,-8.564085727958549357e-27,0.000000000000000000e+00
0.000000000000000000e+00,-2.340305759209685205e-27,0.000000000000000000e+00
0.000000000000000000e+00,-6.392923855332430522e-28,0.000000000000000000e+00
0.000000000000000000e+00,-1.745693631831194449e-28,0.000000000000000000e+00
0.000000000000000000e+00,-4.765231158551378605e-29,0.000000000000000000e+00
0.000000000000000000e+00,-1.300328044421986824e-29,0.000000000000000000e+00
0.000000000000000000e+00,-3.547154946223429532e-30,0.000000000000000000e+00
0.000000000000000000e+00,-9.673210748206322054e-31,0.000000000000000000e+00
0.000000000000000000e+00,-2.637115347884957720e-31,0.000000000000000000e+00
0.000000000000000000e+00,-7.187205710415484849e-32,0.000000000000000000e+00
0.000000000000000000e+00,-1.958248298194197044e-32,0.000000000000000000e+00
0.000000000000000000e+00,-5.334039468082649006e-33,0.000000000000000000e+00
0.000000000000000000e+00,-1.452544114448714547e-33,0.000000000000000000e+00
0.000000000000000000e+00,-3.954492414829512551e-34,0.000000000000000000e+00
0.000000000000000000e+00,-1.076326345059748449e-34,0.000000000000000000e+00
0.000000000000000000e+00,-2.928817686174428866e-35,0.000000000000000000e+00
0.000000000000000000e+00,-7.967811201302789357e-36,0.000000000000000000e+00
0.000000000000000000e+00,-2.167140663872657287e-36,0.000000000000000000e+00
0.000000000000000000e+00,-5.893040755104963756e-37,0.000000000000000000e+00
0.000000000000000000e+00,-1.602134030541684078e-37,0.000000000000000000e+00
0.000000000000000000e+00,-4.354797492288172905e-38,0.000000000000000000e+00
0.000000000000000000e+00,-1.183448461933672161e-38,0.000000000000000000e+00
0.000000000000000000e+00,-3.215477265673594105e-39,0.000000000000000000e+00
0.000000000000000000e+00,-8.734913062132011882e-40,0.000000000000000000e+00
0.000000000000000000e+00,-2.372416993929651947e-40,0.000000000000000000e+00
0.000000000000000000e+00,-6.442358935813048142e-41,0.000000000000000000e+00
0.000000000000000000e+00,-1.749130982368707315e-41,0.000000000000000000e+00
0.000000000000000000e+00,-4.748159073668176930e-42,0.000000000000000000e+00
0.000000000000000000e+00,-1.288711235056806381e-42,0.000000000000000000e+00
0.000000000000000000e+00,-3.497157857933664083e-43,0.000000000000000000e+00
0.000000000000000000e+00,-9.488682098275832972e-44,0.000000000000000000e+00
0.000000000000000000e+00,-2.574123036774752447e-44,0.000000000000000000e+00
0.000000000000000000e+00,-6.982116542454800275e-45,0.000000000000000000e+00
0.000000000000000000e+00,-1.893567788883253521e-45,0.000000000000000000e+00
0.000000000000000000e+00,-5.134665061015236118e-46,0.000000000000000000e+00
0.000000000000000000e+00,-1.392138208045025594e-46,0.000000000000000000e+00
0.000000000000000000e+00,-3.773922521982503439e-47,0.000000000000000000e+00
0.000000000000000000e+00,-1.022928720648935592e-47,0.000000000000000000e+00
0.000000000000000000e+00,-2.772304029561201145e-48,0.000000000000000000e+00
0.000000000000000000e+00,-7.512434737789462452e-49,0.000000000000000000e+00
0.000000000000000000e+00,-2.035476902197563328e-49,0.000000000000000000e+00
0.000000000000000000e+00,-5.514402373727453738e-50,0.000000000000000000e+00
0.000000000000000000e+00,-1.493752661295090648e-50,0.000000000000000000e+00
0.000000000000000000e+00,-4.045833611770243064e-51,0.000000000000000000e+00
0.000000000000000000e+00,-1.095689539485568655e-51,0.000000000000000000e+00
0.000000000000000000e+00,-2.967004703529004983e-52,0.000000000000000000e+00
0.000000000000000000e+00,-8.033433329400913472e-53,0.000000000000000000e+00
0.000000000000000000e+00,-2.174890411416949167e-53,0.000000000000000000e+00
0.000000000000000000e+00,-5.887456958826804982e-54,0.000000000000000000e+00
0.000000000000000000e+00,-1.593577614736214365e-54,0.000000000000000000e+00
0.000000000000000000e+00,-4.312952783540276998e-55,0.000000000000000000e+00
0.000000000000000000e+00,-1.167167180253166630e-55,0.000000000000000000e+00
0.000000000000000000e+00,-3.158269289294503351e-56,0.000000000000000000e+00
0.000000000000000000e+00,-8.545230783867572063e-57,0.000000000000000000e+00
0.000000000000000000e+00,-2.311840046435683431e-57,0.000000000000000000e+00
0.000000000000000000e+00,-6.253913801127710535e-58,0.000000000000000000e+00
0.000000000000000000e+00,-1.691635830554056335e-58,0.000000000000000000e+00
0.000000000000000000e+00,-4.575341003126407273e-59,0.000000000000000000e+00
0.000000000000000000e+00,-1.237377971929573443e-59,0.000000000000000000e+00
0.000000000000000000e+00,-3.346141522086918741e-60,0.000000000000000000e+00
0.000000000000000000e+00,-9.047944240790244456e-61,0.000000000000000000e+00
0.000000000000000000e+00,-2.446357181694830819e-61,0.000000000000000000e+00
0.000000000000000000e+00,-6.613856933303642492e-62,0.000000000000000000e+00
0.000000000000000000e+00,-1.787949815887404468e-62,0.000000000000000000e+00
0.000000000000000000e+00,-4.833058553176804198e-63,0.000000000000000000e+00
0.000000000000000000e+00,-1.306338060489972595e-63,0.000000000000000000e+00
0.000000000000000000e+00,-3.530664646932387572e-64,0.000000000000000000e+00
0.000000000000000000e+00,-9.541689526679313557e-65,0.000000000000000000e+00
0.000000000000000000e+00,-2.578472839902393573e-65,0.000000000000000000e+00
0.000000000000000000e+00,-6.967369445852794834e-66,0.000000000000000000e+00
0.000000000000000000e+00,-1.882541825497809770e-66,0.000000000000000000e+00
0.000000000000000000e+00,-5.086165040305530877e-67,0.000000000000000000e+00
0.000000000000000000e+00,-1.374063410822662837e-67,0.000000000000000000e+00
0.000000000000000000e+00,-3.711881423786012658e-68,0.000000000000000000e+00
0.000000000000000000e+00,-1.002658116870264742e-68,0.000000000000000000e+00
0.000000000000000000e+00,-2.708217695716157860e-69,0.000000000000000000e+00
0.000000000000000000e+00,-7.314533496963811036e-70,0.000000000000000000e+00
0.000000000000000000e+00,-1.975433864412456911e-70,0.000000000000000000e+00
0.000000000000000000e+00,-5.334719402172343400e-71,0.000000000000000000e+00
0.000000000000000000e+00,-1.440569808625620170e-71,0.000000000000000000e+00
0.000000000000000000e+00,-3.889834132612427207e-72,0.000000000000000000e+00
0.000000000000000000e+00,-1.050273240829558520e-72,0.000000000000000000e+00
0.000000000000000000e+00,-2.835622079389575213e-73,0.000000000000000000e+00
0.000000000000000000e+00,-7.655430322282502228e-74,0.000000000000000000e+00
0.000000000000000000e+00,-2.066647690540500450e-74,0.000000000000000000e+00
0.000000000000000000e+00,-5.578779914491424642e-75,0.000000000000000000e+00
0.000000000000000000e+00,-1.505872862284019612e-75,0.000000000000000000e+00
0.000000000000000000e+00,-4.064564578415372057e-76,0.000000000000000000e+00
0.000000000000000000e+00,-1.097025521463435227e-76,0.000000000000000000e+00
0.000000000000000000e+00,-2.960715980381068795e-77,0.000000000000000000e+00
0.000000000000000000e+00,-7.990140244580572646e-78,0.000000000000000000e+00
0.000000000000000000e+00,-2.156204817263158519e-78,0.000000000000000000e+00
0.000000000000000000e+00,-5.818404197969816287e-79,0.000000000000000000e+00
0.000000000000000000e+00,-1.569988004728924873e-79,0.000000000000000000e+00
0.000000000000000000e+00,-4.236114096216806587e-80,0.000000000000000000e+00
0.000000000000000000e+00,-1.142926029797422575e-80,0.000000000000000000e+00
0.000000000000000000e+00,-3.083529050927097976e-81,0.000000000000000000e+00
0.000000000000000000e+00,-8.318742683327233299e-82,0.000000000000000000e+00
0.000000000000000000e+00,-2.244126515997779987e-82,0.000000000000000000e+00
0.000000000000000000e+00,-6.053649225176100328e-83,0.000000000000000000e+00
0.000000000000000000e+00,-1.632930495277290739e-83,0.000000000000000000e+00
0.000000000000000000e+00,-4.404523555985959996e-84,0.000000000000000000e+00
0.000000000000000000e+00,-1.187985712285371277e-84,0.000000000000000000e+00
0.000000000000000000e+00,-3.204090609579542810e-85,0.000000000000000000e+00
0.000000000000000000e+00,-8.641316164172436754e-86,0.000000000000000000e+00
0.000000000000000000e+00,-2.330433818762838580e-86,0.000000000000000000e+00
0.000000000000000000e+00,-6.284571328251477487e-87,0.000000000000000000e+00
0.000000000000000000e+00,-1.694715424541554951e-87,0.000000000000000000e+00
