1.350541678498141246e-02,1.606059296212409004e-01,4.869915329082902256e-01
1.082519786347276025e-02,1.404516374905306064e-01,4.087464915738100446e-01
1.032284332520210651e-02,1.291777728397957847e-01,3.566787375457479703e-01
1.206378265160031743e-02,1.264056976552529465e-01,3.294882834810600181e-01
1.535795541614125986e-02,1.192836967837216655e-01,2.860178072839937302e-01
1.970182867919547526e-02,1.095708378867043392e-01,2.330829354088755356e-01
2.474254771068591652e-02,1.053703000174100041e-01,1.972355018150809269e-01
3.020527833737684381e-02,1.051216370114471388e-01,1.733000528575804888e-01
3.607278498476372552e-02,1.033473174803469369e-01,1.436307312435607941e-01
4.230553435378252985e-02,1.008969870493854060e-01,1.108226918544749084e-01
4.832528601961477710e-02,1.012438816366252881e-01,8.573191361899867857e-02
5.311545390956429885e-02,1.039089862840551076e-01,6.665518323969082948e-02
5.583002417800637246e-02,1.067447052895368481e-01,4.627986554426799515e-02
5.605718312593468283e-02,1.100509127741277626e-01,2.459311322383744836e-02
5.348445833148439410e-02,1.152388654111645705e-01,5.408734673887138911e-03
4.756738290042729356e-02,1.223410261948219835e-01,-1.097285868722724933e-02
3.773740195813432563e-02,1.306692583915954609e-01,-2.634214288289837835e-02
2.389549616016317657e-02,1.401761084417332826e-01,-4.100402720052287453e-02
6.518046939633079240e-03,1.511984442793746497e-01,-5.420519586931243916e-02
-1.375987834481720573e-02,1.638100669587280178e-01,-6.542136016601940440e-02
-3.652605334968117567e-02,1.778577338071669900e-01,-7.431904088017921017e-02
-6.154848506871382630e-02,1.931969291930022425e-01,-8.075540227328925624e-02
-8.851506147349964826e-02,2.097448885620233350e-01,-8.492640811159979375e-02
-1.168019673893082311e-01,2.274489063518046472e-01,-8.687051873430085003e-02
-1.452516227062373155e-01,2.461973102338765318e-01,-8.590285668331565372e-02
-1.720849575485166594e-01,2.656688373360251432e-01,-8.084445668964357345e-02
-1.952440607624822133e-01,2.852670072689098557e-01,-7.060227765823301471e-02
-2.130161115581328812e-01,3.042542025950779605e-01,-5.415779070386039784e-02
-2.243065465105139045e-01,3.219406041073175628e-01,-3.011407702164403677e-02
-2.283138931589534515e-01,3.376892025764203220e-01,3.276565373805606640e-03
-2.241635960831686591e-01,3.507621488518584130e-01,4.745413628844796783e-02
-2.110858254017209390e-01,3.602787343016178867e-01,1.030549603115376023e-01
-1.889166283446414019e-01,3.653950984301249649e-01,1.700297678889793329e-01
-1.582684953651710691e-01,3.654941893846133105e-01,2.479289946755120488e-01
-1.203095273172253010e-01,3.602284482317355541e-01,3.358682888961251334e-01
-7.676738906023142239e-02,3.496104224250340398e-01,4.323308103472933706e-01
-3.037128767132937779e-02,3.343189949500945946e-01,5.351298807216787745e-01
1.499567481070239461e-02,3.158665262313878896e-01,6.414551312677293504e-01
5.506212466479472323e-02,2.961339027174162419e-01,7.479398439368625251e-01
8.632692165325001055e-02,2.765119573242496576e-01,8.512231767230922230e-01
1.066309671663221159e-01,2.575303686031770178e-01,9.493266501760917464e-01
1.150476804093855804e-01,2.393662716129675572e-01,1.042983326194550475e+00
1.117072031135297738e-01,2.226117413925887967e-01,1.135531850771178242e+00
9.771490270898072761e-02,2.085242077636111913e-01,1.231285669969702123e+00
7.481421099812500530e-02,1.987537041966875306e-01,1.333766702354560962e+00
4.487256726819395525e-02,1.950560578731712902e-01,1.444775457768526117e+00
9.763575096445376023e-03,1.991813028102117911e-01,1.563903495283488265e+00
-2.824720681944697942e-02,2.126411833690560194e-01,1.688095832589679990e+00
-6.626967241703887734e-02,2.361788191951393889e-01,1.811864262181437368e+00
-1.012139934503049343e-01,2.692918418610728004e-01,1.928532400714247252e+00
-1.304648554037258767e-01,3.102434137217122134e-01,2.031623986096219525e+00
-1.520203673588508830e-01,3.563920330780517842e-01,2.115447053873628747e+00
-1.640888494167154765e-01,4.043098137157248306e-01,2.175235148539516050e+00
-1.650405783896697065e-01,4.497604918941230934e-01,2.207639997085594885e+00
-1.541953181250383109e-01,4.882193619003835083e-01,2.211335498826183965e+00
-1.325302882683050965e-01,5.159785284002915695e-01,2.186963761783225380e+00
-1.020934459391556470e-01,5.308394425832085872e-01,2.136527202560370764e+00
-6.448881997568647884e-02,5.317873667965762330e-01,2.062996555325888437e+00
-2.014271151418992045e-02,5.184265579605800145e-01,1.970289240104424966e+00
3.087449867925404212e-02,4.911287397386379650e-01,1.863077879547211158e+00
8.759809115550545866e-02,4.515985957498247494e-01,1.746227088214209244e+00
1.478317796953677599e-01,4.029469498113949499e-01,1.624253246428084552e+00
2.087195061176642386e-01,3.491056197923244064e-01,1.501099760264740901e+00
2.675452043644037659e-01,2.940483097800883905e-01,1.380142592977098071e+00
3.224445496163834690e-01,2.411102174957730493e-01,1.264298207847386557e+00
3.726846115635963352e-01,1.926077346403356205e-01,1.156124509186035709e+00
4.179334469615477721e-01,1.500576644180278973e-01,1.057704232390610510e+00
4.569177909512594504e-01,1.147726696984813499e-01,9.702980287721627572e-01
4.871054495482287638e-01,8.798006436104410799e-02,8.941664644468900747e-01
5.061597674030429150e-01,7.017213083858156453e-02,8.288627348678678786e-01
5.136660600414496569e-01,6.054172944745561669e-02,7.737236762084015451e-01
5.113276328366560541e-01,5.727929304987988690e-02,7.281103348998456681e-01
5.018067446163820833e-01,5.836613429072284864e-02,6.913387343447612299e-01
4.875581853423282541e-01,6.210974629330501262e-02,6.624940153668871234e-01
4.702327660188411196e-01,6.731595480959684519e-02,6.402848628691122368e-01
4.505688571799200126e-01,7.329939342248927014e-02,6.231789252926561717e-01
4.289089516022375204e-01,7.962901315326954832e-02,6.099844565627153825e-01
4.060656538302011564e-01,8.566475122221742233e-02,6.003645245086941529e-01
3.833945462487481359e-01,9.052261902927838388e-02,5.943804409068577099e-01
3.616514330354332341e-01,9.381172170877673244e-02,5.911826259080961155e-01
3.400238605356079580e-01,9.632976178130783773e-02,5.883426724858091816e-01
3.166972136813032135e-01,9.962926955870382573e-02,5.828821864215213422e-01
2.902762523689981777e-01,1.046888547452739654e-01,5.730703150799754120e-01
2.605070184584303838e-01,1.111398609474109900e-01,5.592020641167818606e-01
2.281100153875135206e-01,1.178729010741279976e-01,5.428944657780078176e-01
1.945438147382607674e-01,1.241712142941520935e-01,5.259333221410755765e-01
1.617609486776852845e-01,1.300183272486557517e-01,5.095973180075112907e-01
1.314567006730383014e-01,1.354588195711431409e-01,4.945124100807120060e-01
1.042097950342994739e-01,1.400702861498615559e-01,4.808308224829957456e-01
7.951088732635552825e-02,1.432247503283575196e-01,4.686228788974318160e-01
5.664431646866719544e-02,1.446520535953736697e-01,4.581520763991321354e-01
3.531404301094518555e-02,1.445483731183824783e-01,4.496650044719822104e-01
1.545056460322810979e-02,1.432424114941040771e-01,4.429314011721436906e-01
-3.156612828853488928e-03,1.409470924732616759e-01,4.372080509159293471e-01
-2.064319745111772852e-02,1.377778028119822640e-01,4.318146224444594505e-01
-3.644837814194308578e-02,1.337910995495201760e-01,4.267475572222392821e-01
-4.915926080903228190e-02,1.289657967425280605e-01,4.226939793080360386e-01
-5.737078105113107424e-02,1.233391863114574466e-01,4.203831500187301118e-01
-6.096961693339636446e-02,1.172718462132283368e-01,4.198229117159733570e-01
-6.138616580488347879e-02,1.114155799484497500e-01,4.201996382037356259e-01
-6.014772097689741887e-02,1.062130851690578637e-01,4.207249242780468079e-01
-5.715967343929082012e-02,1.014690972906733962e-01,4.216359700017499601e-01
-5.084576767043783724e-02,9.660716213609120417e-02,4.241404038547186839e-01
-4.009912579382259035e-02,9.138380687911920597e-02,4.292475512514733471e-01
-2.564324210669986087e-02,8.621502856009796711e-02,4.368404757595247823e-01
-9.271947437081679011e-03,8.177501655652001655e-02,4.459980389744184759e-01
7.754144684354851574e-03,7.842242689594484950e-02,4.559374824695422990e-01
2.519825584513487454e-02,7.608320139075591682e-02,4.663917091834683948e-01
4.318510328720163993e-02,7.456215044153710614e-02,4.773287955745447730e-01
6.156027510391187674e-02,7.386456665072597960e-02,4.887465968753524903e-01
7.969986573751740300e-02,7.428424299633205885e-02,5.007418316059147889e-01
9.656241574865190302e-02,7.625684084710541988e-02,5.134019914524937667e-01
1.111019624147008278e-01,8.006601213198706601e-02,5.264221838884924898e-01
1.229596993149995737e-01,8.560209840584774577e-02,5.389463130296042737e-01
1.325863807800939931e-01,9.241765277799404710e-02,5.499279688001399435e-01
1.404248511085757767e-01,1.000639227110877716e-01,5.586608723549741917e-01
1.461964787907676921e-01,1.083608215720482659e-01,5.649555037548203984e-01
1.492606540012148264e-01,1.173164971087971020e-01,5.688320655569875095e-01
1.494081304561217516e-01,1.268311478862915731e-01,5.700560881897661636e-01
1.469722272750436376e-01,1.365624067542253739e-01,5.680146283695899356e-01
1.424391012675335910e-01,1.460963521713536384e-01,5.621787687869721495e-01
1.364122533262924764e-01,1.551710616126433795e-01,5.527986203297142742e-01
1.298129829696766102e-01,1.636549963825716381e-01,5.410846901208473669e-01
1.235596907884768947e-01,1.713365486981480168e-01,5.285330698192641785e-01
1.178818076112423396e-01,1.778265601405165930e-01,5.159352814377066165e-01
1.122469300364501432e-01,1.826688901084742023e-01,5.029459534327186399e-01
1.061115839739970312e-01,1.854485849162507138e-01,4.884686722423404737e-01
9.952074226025736658e-02,1.857715567959119518e-01,4.713328489293436285e-01
9.281703282311944136e-02,1.832718021429063926e-01,4.506456375290273653e-01
8.598143144754168132e-02,1.777529012854264234e-01,4.257286912488854047e-01
7.851466674356295805e-02,1.692690285751708157e-01,3.959543376142747317e-01
6.982054027503400984e-02,1.579544411369481205e-01,3.607117179538643081e-01
5.936552203399490801e-02,1.437702468674723066e-01,3.194689614316935655e-01
4.654006004200525459e-02,1.264889975660145882e-01,2.718186359222278248e-01
3.091630607557398214e-02,1.059277421951631687e-01,2.174498265088190552e-01
1.296829780735943294e-02,8.211149063159356443e-02,1.560221481127425647e-01
-5.799554512371643544e-03,5.514713497662487862e-02,8.699712715622918979e-02
-2.392963257743588312e-02,2.495489626067734501e-02,9.594519797846493003e-03
-4.123436094123136830e-02,-8.831358164797104005e-03,-7.709419554911511874e-02
-5.870042622338682292e-02,-4.668272684264467010e-02,-1.740877645749051017e-01
-7.723291407291749122e-02,-8.888106792986785742e-02,-2.826568299625092928e-01
-9.682640929403382724e-02,-1.353335224676136817e-01,-4.040935948280608425e-01
-1.171221989225877252e-01,-1.855743847965662108e-01,-5.387323535240027272e-01
-1.386211122192437806e-01,-2.389179356474963323e-01,-6.850459818200950179e-01
-1.631588908970796059e-01,-2.946910984228663377e-01,-8.401391005881442275e-01
-1.931333291668184127e-01,-3.524207633518805505e-01,-1.001458624463770875e+00
-2.302514778114397309e-01,-4.118222249363158727e-01,-1.167823695086500857e+00
-2.749557406841265372e-01,-4.725677615087868211e-01,-1.338535405547499169e+00
-3.268837730239415595e-01,-5.340117294613513366e-01,-1.511670162084035596e+00
-3.855887726880110611e-01,-5.950650474896193032e-01,-1.683514034604242315e+00
-4.505327002233121547e-01,-6.542475273712110573e-01,-1.849478811865559846e+00
-5.202993567893094973e-01,-7.098270318928144862e-01,-2.005157975482134702e+00
-5.919539401028099945e-01,-7.599597263799799940e-01,-2.146460998305342205e+00
-6.613913334166413582e-01,-8.027799578959941007e-01,-2.269125582596628998e+00
-7.245209199344506690e-01,-8.364343184193856473e-01,-2.368474666837036224e+00
-7.783046712475464313e-01,-8.591328432441893703e-01,-2.439749663035585492e+00
-8.207762974149981350e-01,-8.692893086793069823e-01,-2.478701700426380050e+00
-8.500955546595754253e-01,-8.656870727322998338e-01,-2.482025514448629622e+00
-8.636133672817282170e-01,-8.475370021186383607e-01,-2.447523591574192636e+00
-8.579530342005561305e-01,-8.144378138451234816e-01,-2.374146479746390703e+00
-8.301371682666286445e-01,-7.663886817475382696e-01,-2.262026760569077144e+00
-7.788158872364725482e-01,-7.038920868792871710e-01,-2.112455189108707110e+00
-7.047927933056691296e-01,-6.279980158486503372e-01,-1.927755968336356318e+00
-6.110195860863305573e-01,-5.402058153670478147e-01,-1.711188023015294934e+00
-5.026208475089088967e-01,-4.423687550564699977e-01,-1.466959627515892706e+00
-3.868835563011783774e-01,-3.367627223956798366e-01,-1.200148256411962100e+00
-2.727885899227608935e-01,-2.262389590933105432e-01,-9.162882215984946566e-01
-1.703247286897407731e-01,-1.142416091931906796e-01,-6.208909568709274351e-01
-9.013057244808356239e-02,-4.631223812741735307e-03,-3.195818371271665348e-01
-4.282484606056785603e-02,9.853970963855256116e-02,-1.913572440123145757e-02
-3.649155086032571105e-02,1.912062763452716529e-01,2.712732217919754940e-01
-7.252651760604737763e-02,2.695409226607644593e-01,5.397837332815786926e-01
-1.429819893556061317e-01,3.303965984665112599e-01,7.731567528037538439e-01
-2.325643236769109334e-01,3.718078270095745985e-01,9.592805198454712468e-01
-3.245862113581952091e-01,3.932543983426908807e-01,1.089864322949418485e+00
-4.065412412809696341e-01,3.955878580074304596e-01,1.162432980701472163e+00
-4.716856517051541964e-01,3.807941424099646754e-01,1.181112231508266053e+00
-5.170532134359729914e-01,3.517403902269618521e-01,1.155917423301654923e+00
-5.409252392133570009e-01,3.118698788094559915e-01,1.100548559836153739e+00
-5.415777675627893029e-01,2.648345086901424117e-01,1.029351088934832514e+00
-5.169231883677430917e-01,2.142185340413021166e-01,9.546511746971715340e-01
-4.647423723957564978e-01,1.634612487375590451e-01,8.853559189607937974e-01
-3.842599982786516488e-01,1.158475212384167397e-01,8.267329493559152365e-01
-2.787404886031816797e-01,7.435364801045317440e-02,7.807084771451124894e-01
-1.567192923399137183e-01,4.132307047779221892e-02,7.462985803862070000e-01
-3.018377756735547007e-02,1.815018541150829889e-02,7.203026784155648343e-01
8.900381053083150640e-02,5.149211598854869232e-03,6.984972952889164644e-01
1.920634730231034759e-01,1.625902092544290189e-03,6.772252645690332029e-01
2.747815429657763930e-01,6.045419856480604981e-03,6.547413227955399817e-01
3.375752695157628325e-01,1.621958850508398164e-02,6.314374412009982063e-01
3.838419556299623725e-01,2.955193134851993864e-02,6.087041963386288224e-01
4.171513538527530929e-01,4.340667663430944345e-02,5.873900709956269006e-01
4.394220487992778201e-01,5.555826038221052532e-02,5.672016599854257102e-01
4.513419111173111453e-01,6.456514990660454367e-02,5.472702263846770387e-01
4.535747553726414139e-01,6.991280466098541424e-02,5.268770412153187532e-01
4.468880824836862220e-01,7.186611210510226999e-02,5.055828788890452952e-01
4.316432209227692995e-01,7.111171266947080571e-02,4.831232033699814910e-01
4.080656106967314734e-01,6.839530581387034958e-02,4.596120794879632321e-01
3.770345206000039195e-01,6.433245523636610397e-02,4.357723409534956516e-01
3.401076894060787170e-01,5.936644340042325496e-02,4.126569240818410700e-01
2.988676033838177926e-01,5.372494154611941186e-02,3.911095462011472401e-01
2.548335791107384507e-01,4.738319099854225447e-02,3.716689282336130828e-01
2.100886612127013664e-01,4.020110543672777981e-02,3.549396147213859098e-01
1.673797971631535986e-01,3.223097599244052758e-02,3.417231817468167065e-01
1.291831799506450440e-01,2.392678397313680386e-02,3.326065320609434273e-01
9.692786882541241933e-02,1.607511698408528936e-02,3.276061984864777621e-01
7.142803273954415055e-02,9.571613908407734100e-03,3.264182235472306015e-01
5.364657904736162830e-02,5.200774966285867315e-03,3.288467981616711167e-01
4.420719855991324387e-02,3.396870868605428653e-03,3.346204379391778949e-01
4.194985496397021785e-02,4.017357622802378292e-03,3.427371301070537002e-01
4.361720929148212023e-02,6.370455875603704687e-03,3.513493052106251291e-01
4.559484992358732447e-02,9.604247685620176736e-03,3.585999214493235110e-01
4.597316047237424985e-02,1.314724005790597616e-02,3.635452672352333381e-01
4.483974979793171889e-02,1.681695284385007622e-02,3.662055899185581720e-01
4.302376061433349497e-02,2.061977545887135402e-02,3.669423228761189981e-01
4.107617971409403823e-02,2.456152885838406436e-02,3.660361051976432356e-01
3.926198619859204431e-02,2.862349094392402718e-02,3.637504808060231243e-01
3.783782308360221502e-02,3.279193432899100979e-02,3.604579696571234559e-01
3.698880697558790120e-02,3.703728739466236736e-02,3.565565362404075067e-01
3.666911451784315296e-02,4.128241873707806653e-02,3.523594127764910766e-01
3.667798118577132033e-02,4.541204621408454628e-02,3.481183600299125325e-01
3.683587126455003385e-02,4.929803566120036229e-02,3.440746155380404736e-01
3.703484582488858479e-02,5.280533962960572841e-02,3.404335914866304380e-01
3.717619143462083664e-02,5.578741655640630931e-02,3.373175407869025144e-01
3.710831297959495123e-02,5.809166470612302929e-02,3.347636474150382790e-01
3.663695567511196516e-02,5.957803739727925846e-02,3.327585304492255425e-01
3.560525714962758242e-02,6.014452930758788785e-02,3.312682191999338777e-01
3.391410877325690826e-02,5.974879085237829596e-02,3.302140268525874389e-01
3.138516545662988627e-02,5.841541825862493764e-02,3.293928828108753093e-01
2.768594611102407482e-02,5.623460453083235777e-02,3.284743131515232006e-01
2.263626224386120628e-02,5.336601332175066464e-02,3.272051261644151610e-01
1.670343875495772581e-02,5.003760881102958802e-02,3.256749325137125450e-01
1.103847461609276312e-02,4.651242069819276626e-02,3.243029755060526931e-01
6.842482928123786584e-03,4.303022751132913604e-02,3.234851786518663785e-01
4.684894241972145656e-03,3.977001739095668842e-02,3.232694646739560085e-01
4.421210715219815734e-03,3.685592636096202829e-02,3.233824298912353901e-01
5.572253125637721682e-03,3.437942468121921863e-02,3.234782090785698894e-01
7.597983642051713005e-03,3.241371100028200142e-02,3.232809445551518834e-01
9.906496935526414027e-03,3.103280718973230878e-02,3.225574050511572644e-01
1.188480099329135287e-02,3.033883915408617724e-02,3.211032408244225422e-01
1.308669330593674462e-02,3.046424512051542494e-02,3.188239438899094780e-01
1.337337815618185044e-02,3.153421407496150020e-02,3.157978357360967103e-01
1.283205899899829416e-02,3.362853254258740821e-02,3.122218701636553240e-01
1.155646371514011325e-02,3.677474179149989308e-02,3.082737885568840874e-01
9.478893719496391673e-03,4.094749656105177438e-02,3.039940952531756113e-01
6.374207619872167274e-03,4.604668414590908088e-02,2.992889345122053957e-01
2.044886065160542860e-03,5.188199692820921749e-02,2.940847716881274665e-01
-3.442504200978628581e-03,5.820023949006517677e-02,2.885114166692605564e-01
-9.683216135369737687e-03,6.473515831977397217e-02,2.829076025548671880e-01
-1.610361260296480287e-02,7.123647321781145791e-02,2.776123266012714419e-01
-2.220142285681333399e-02,7.748263892021757526e-02,2.727595656730967821e-01
-2.762564542003764084e-02,8.331178021879885598e-02,2.682880041483672318e-01
-3.206409264666745806e-02,8.865674600596126775e-02,2.641220176495029381e-01
-3.509918032960474693e-02,9.352460838627625617e-02,2.603226380203660373e-01
-3.619963627523863775e-02,9.791739871203612722e-02,2.570911188269413561e-01
-3.488833706669204615e-02,1.017810202477519438e-01,2.546560770995039413e-01
-3.094273133271150528e-02,1.050321421866365484e-01,2.531619363255881994e-01
-2.437829942415334350e-02,1.075824955253550097e-01,2.526930113176485970e-01
-1.517546849638119755e-02,1.092927441054960536e-01,2.534297985997101543e-01
-3.138965513629549120e-03,1.099661474001147610e-01,2.556860090831081234e-01
1.170019364388313887e-02,1.095030790337302440e-01,2.595977476465025635e-01
2.839608782892532809e-02,1.080596087494535701e-01,2.646906548872532960e-01
4.492684222238634700e-02,1.059335060097772868e-01,2.698604473402145820e-01
5.893552682562873402e-02,1.032591230419319939e-01,2.739062327318713130e-01
6.876470757110800247e-02,9.993283248306214506e-02,2.761190024780592611e-01
7.391858194567456353e-02,9.590558773351598454e-02,2.764356395748532313e-01
7.479944926592066445e-02,9.143641172437233511e-02,2.752333412316874672e-01
7.222099933002104621e-02,8.694864981596747699e-02,2.730928165649156858e-01
6.709847923777714773e-02,8.270563164465372097e-02,2.705991347200893959e-01
6.030137931853053052e-02,7.873472906246001268e-02,2.681139969853870153e-01
5.254970125299289474e-02,7.501217293280398879e-02,2.656632443721534398e-01
4.435759049494733541e-02,7.158408089966272758e-02,2.631144515766323799e-01
3.603517521820098768e-02,6.850035925027811445e-02,2.604804362982109378e-01
2.768809947663807003e-02,6.574541072687965781e-02,2.580125080827951889e-01
1.920448193543221327e-02,6.329211984348384612e-02,2.560411478405702490e-01
1.031903604856816009e-02,6.118051506372307324e-02,2.548221082060617149e-01
7.991272176143815464e-04,5.950728123362307442e-02,2.545290477270098495e-01
-9.349548250308002684e-03,5.835692537153708281e-02,2.552656421277246790e-01
-1.979796158564363362e-02,5.775504899254733926e-02,2.569867233908145199e-01
-2.995504484334277767e-02,5.765881421328106216e-02,2.594328789136381985e-01
-3.910738521928849160e-02,5.796347685596920513e-02,2.622111731924678946e-01
-4.659743988014894422e-02,5.852736922670841863e-02,2.649507377307355749e-01
-5.202472061601914194e-02,5.922216501573826508e-02,2.673539525322002341e-01
-5.537242218537774541e-02,5.997917773794479712e-02,2.691226744389861869e-01
-5.692428998876904178e-02,6.078820103531254460e-02,2.699226543152584146e-01
-5.700371434871524812e-02,6.165085642584376691e-02,2.694789834436519538e-01
-5.576450322948253713e-02,6.254364635957798679e-02,2.676828508033842757e-01
-5.319961480854645819e-02,6.343196022852427840e-02,2.645658623091173278e-01
-4.928757055869120718e-02,6.430972920667557546e-02,2.601966541192395344e-01
-4.410123078450156608e-02,6.521201170451268458e-02,2.546615937345446667e-01
-3.781787846229849037e-02,6.619168508780602644e-02,2.481427994404675486e-01
-3.066120163708083157e-02,6.729429235248324259e-02,2.409402900985719020e-01
-2.280884398436022753e-02,6.855148669348762325e-02,2.333608047938721397e-01
-1.433571082303981836e-02,6.998192760144660018e-02,2.255954783517246376e-01
-5.279053611121228839e-03,7.158776500189252545e-02,2.177243732921514685e-01
4.228980786579933371e-03,7.335011039337419048e-02,2.097945776900077830e-01
1.394034388886561393e-02,7.522974443011704038e-02,2.018208752854809551e-01
2.361357673951383629e-02,7.717628357079787949e-02,1.937127186575174354e-01
3.308446952704413579e-02,7.914652999988286419e-02,1.852881719111809933e-01
4.217083195499633785e-02,8.112072699096187223e-02,1.764230168177706171e-01
5.057565524853695899e-02,8.309715868216802082e-02,1.671683863612958565e-01
5.796951087506131695e-02,8.506718119880123108e-02,1.576992372085803118e-01
6.416560032366688815e-02,8.700262646373957409e-02,1.481720472214292650e-01
6.918085936689806481e-02,8.887619779464603353e-02,1.386314063202477298e-01
7.315293154318140700e-02,9.069339026942366266e-02,1.289887957358102355e-01
7.624557400316697708e-02,9.250320939899528416e-02,1.190606584364762854e-01
7.862031872884185646e-02,9.438606154135102677e-02,1.086792126760945110e-01
8.043745237183265451e-02,9.643785138622548714e-02,9.778607444290049466e-02
8.184183992834181964e-02,9.875691419284271522e-02,8.636092133738937360e-02
8.292671617210810309e-02,1.014325866663483844e-01,7.427395207072540195e-02
8.365557133562151471e-02,1.045486629529483458e-01,6.133654113833658661e-02
8.373069728918969279e-02,1.082128029099744398e-01,4.752758012398766718e-02
8.252114237436761202e-02,1.125837724067722534e-01,3.302522910279603874e-02
7.924759610846687785e-02,1.178452094876189515e-01,1.795337496065108063e-02
7.340135974640056571e-02,1.241231816574800140e-01,2.266877385714460846e-03
6.501686989353545887e-02,1.314203814051128072e-01,-1.396327970917987660e-02
5.451040289332920175e-02,1.396303069409088604e-01,-3.022980895303906124e-02
4.237371720530610369e-02,1.485894727218086131e-01,-4.565778023794914153e-02
2.917373027227861820e-02,1.580797866703955445e-01,-5.934205302624451228e-02
1.564085832343517501e-02,1.678108443117962700e-01,-7.062175094983086376e-02
2.227473995095083370e-03,1.775224661682504590e-01,-7.924862075561378560e-02
-1.167168552178565744e-02,1.872162243347333388e-01,-8.546651960571360895e-02
-2.775271446902896622e-02,1.972774150520037739e-01,-8.979368213207572502e-02
-4.766897472485093212e-02,2.082775401121819414e-01,-9.247220422701080134e-02
-7.180047231027709975e-02,2.205963646263869038e-01,-9.302742457615231775e-02
-9.910703619251572116e-02,2.342145503435103249e-01,-9.031917578261228208e-02
-1.278274561444104340e-01,2.488063934100896712e-01,-8.288529827325652466e-02
-1.559721923918734043e-01,2.639281175589132111e-01,-6.918228799032277720e-02
-1.813123316995328693e-01,2.790811014475388374e-01,-4.767780009431721311e-02
-2.014188519702618529e-01,2.936555755084816477e-01,-1.691690850156069015e-02
-2.140541972065552190e-01,3.068949960503324359e-01,2.445620500819700727e-02
-2.176557592244945383e-01,3.180015604487720360e-01,7.762634558417280672e-02
-2.117306469818909243e-01,3.264313467229427168e-01,1.431583820586643241e-01
-1.972076155892685256e-01,3.322689125605888805e-01,2.201891707700326384e-01
-1.765028443121302304e-01,3.363644958067030233e-01,3.059287637310437180e-01
-1.528129910954448833e-01,3.399601456755682594e-01,3.960633828460212169e-01
-1.287193553855831285e-01,3.439468241302407470e-01,4.858597157421413737e-01
-1.050802589955865118e-01,3.482945213071089730e-01,5.713571711570714085e-01
-8.120486710324686941e-02,3.521293827333704662e-01,6.503319591216879525e-01
-5.618563061449689811e-02,3.544223602359823366e-01,7.229264008677944719e-01
-3.016214968514321915e-02,3.547235947837616976e-01,7.916635447391535685e-01
-4.445090612533508789e-03,3.532837747359846015e-01,8.606669490271283696e-01
1.932398316471087285e-02,3.504474929262776373e-01,9.344522470404847958e-01
3.991226072400969049e-02,3.459811840736476962e-01,1.016912219571385112e+00
5.647390523823667130e-02,3.391356997808401830e-01,1.110763610364212450e+00
6.809700620395126025e-02,3.294405980790799382e-01,1.217352885440074806e+00
7.359752684073658791e-02,3.174026849243347659e-01,1.336697014475034084e+00
7.179563676039102393e-02,3.044600954959991168e-01,1.467647374344391409e+00
6.202180610736732214e-02,2.924092934508855657e-01,1.607982446918525099e+00
4.450444181177501402e-02,2.829243998434960439e-01,1.754358922198884230e+00
2.046926167081913883e-02,2.774005620902467717e-01,1.902318554452181232e+00
-7.970026032952493011e-03,2.769021877457320535e-01,2.046520778406095697e+00
-3.793742725469440025e-02,2.820029020416414678e-01,2.181104575822266689e+00
-6.593886180446995038e-02,2.925282063784369613e-01,2.300058557301809081e+00
-8.828539562437148769e-02,3.073389994529841518e-01,2.397663849707292627e+00
-1.018885253418757020e-01,3.243359355172687475e-01,2.469009186191140515e+00
-1.050084282947538750e-01,3.408079690288328134e-01,2.510341811697537118e+00
-9.739226222167340907e-02,3.540062042372755235e-01,2.519134964783512842e+00
-7.977072293191442287e-02,3.616173140049718238e-01,2.494139120658798614e+00
-5.325998875811219224e-02,3.619709919949537502e-01,2.435680425199469479e+00
-1.914119469968422749e-02,3.541565049835823653e-01,2.346000165037025464e+00
2.105907540503063058e-02,3.382279211081961612e-01,2.229202497220573065e+00
6.554147473891133724e-02,3.153489336432380163e-01,2.090737036861648690e+00
1.123697964258742327e-01,2.876023054749431984e-01,1.936747138327841178e+00
1.596183614887493885e-01,2.574581472075813671e-01,1.773551166171894344e+00
2.054860151817098912e-01,2.271802428151143693e-01,1.607231362225820970e+00
2.484655653222045402e-01,1.984754273640569333e-01,1.443243993306617678e+00
2.874529205288482436e-01,1.725357835710428223e-01,1.286116558281930722e+00
3.215539450892778151e-01,1.503485897001233251e-01,1.139354245921421871e+00
3.497619145411570152e-01,1.328611086910519434e-01,1.005555685152734524e+00
3.710332837034581166e-01,1.206928175480783960e-01,8.865930761165761176e-01
3.847757761229724238e-01,1.136999132699092890e-01,7.836781945178245001e-01
3.910356662211423306e-01,1.110466395907043907e-01,6.972546644643602409e-01
3.900445436820514367e-01,1.118398341788277295e-01,6.268717078593266656e-01
3.818449723472559509e-01,1.155495250386694150e-01,5.713014688057467261e-01
3.666972251876986499e-01,1.216569067342711669e-01,5.289655820766420158e-01
3.457495649779651625e-01,1.290580562292975020e-01,4.983725734293183995e-01
3.209570418355290333e-01,1.361450920890794891e-01,4.781767468204971561e-01
2.942776590078604593e-01,1.415811433418204257e-01,4.668560374135022895e-01
2.671118217619881108e-01,1.448714638478866279e-01,4.624551062820361214e-01
2.404208670354825161e-01,1.461576130302899845e-01,4.627659349583138626e-01
2.149864199296052658e-01,1.456574180850090383e-01,4.657874268381307914e-01
1.913493336028914138e-01,1.434497383522529701e-01,4.700127556043410815e-01
1.697044386496587287e-01,1.396617573683878455e-01,4.743819507115525358e-01
1.501165222214662365e-01,1.345988713276916604e-01,4.781177556571048481e-01
1.328254702191098424e-01,1.285950053156747763e-01,4.806281562636189886e-01
1.181865585785328854e-01,1.218288199301811592e-01,4.814558825558610256e-01
1.063126733342942831e-01,1.143506882362696486e-01,4.803100289436998960e-01
9.694456015470084842e-02,1.062218328687343089e-01,4.772947656364002200e-01
8.976338182498963536e-02,9.756670981770074191e-02,4.731537160786521423e-01
8.467829966557197108e-02,8.858414444346734973e-02,4.690578333923268728e-01
8.155338679918738842e-02,7.967971700426257353e-02,4.658578438360323482e-01
7.960297887003173201e-02,7.162238905389657628e-02,4.634750556450268344e-01
7.729427192452983930e-02,6.540903487957287765e-02,4.611066469040021043e-01
7.308582358571200088e-02,6.180165289372263615e-02,4.579763389027832754e-01
6.624428207452850992e-02,6.097666107892277254e-02,4.537066057652087703e-01
5.685330969328806355e-02,6.265309381286719714e-02,4.479930019891144033e-01
4.526360126724382482e-02,6.644186162297546772e-02,4.403203924716215800e-01
3.201069986578515547e-02,7.188276428724844902e-02,4.304371262795900765e-01
1.840236040592200389e-02,7.817496956062335023e-02,4.191500485018106459e-01
6.722738758684402433e-03,8.416523613842834262e-02,4.083336230885402651e-01
-7.068591645039996180e-04,8.884927758954125343e-02,3.998758343270055748e-01
-2.816508876896332142e-03,9.189602708492516925e-02,3.945596123167229852e-01
-4.602979800371470587e-05,9.362488948417369006e-02,3.919440132945116173e-01
6.583861400479201764e-03,9.454156967113062915e-02,3.911631840627180501e-01
1.643707286553311095e-02,9.499183230978672232e-02,3.917011135137572486e-01
2.935391983654663667e-02,9.519472380057025784e-02,3.935114112638071759e-01
4.513021415960941085e-02,9.541662357931340877e-02,3.966679692895100917e-01
6.317539567483297647e-02,9.599746707178591354e-02,4.010484623920763103e-01
8.266562408222651037e-02,9.724166653974383734e-02,4.062760906489915058e-01
1.028612813351300614e-01,9.934934647714803446e-02,4.118321092477480461e-01
1.231672311274508991e-01,1.024375744161573620e-01,4.172031643934897560e-01
1.429614718768107973e-01,1.065503730469944677e-01,4.219922596687769589e-01
1.616113752333570852e-01,1.116051746553749918e-01,4.259459790086168596e-01
1.788399270347169334e-01,1.173651028082044190e-01,4.288971750954509443e-01
1.949398633100237477e-01,1.235218418825513864e-01,4.307148789208236073e-01
2.103181638543278886e-01,1.298225402277202734e-01,4.313260254502597757e-01
2.247751085768490698e-01,1.361102115165996884e-01,4.306966108833570894e-01
2.374466509261921321e-01,1.422626304134962938e-01,4.286388315578983921e-01
2.474635451310376322e-01,1.481233620923216865e-01,4.246020982286712875e-01
2.543530854492696003e-01,1.534807028763767178e-01,4.177847269610849845e-01
2.576932770168883224e-01,1.580788388128927802e-01,4.075587986840505939e-01
2.567352327191448347e-01,1.616514396962354660e-01,3.937525695998596031e-01
2.506737916254077048e-01,1.639700480438841534e-01,3.765119276637101109e-01
2.392048492526928360e-01,1.648527576283562723e-01,3.560632038715018099e-01
2.227715977732267483e-01,1.641059968274128922e-01,3.327783768499122941e-01
2.025210135213137419e-01,1.614860217716076185e-01,3.073406653816408429e-01
1.800656862659058832e-01,1.567634006233878663e-01,2.805056858534451525e-01
1.568509452138168725e-01,1.498109570688681558e-01,2.525230052925923618e-01
1.334616251329520109e-01,1.405799698675789799e-01,2.229031550422418129e-01
1.098119665284614799e-01,1.289980142527241136e-01,1.908949348105594690e-01
8.623924966499341149e-02,1.149377855369173307e-01,1.561541563224659313e-01
6.411888744103309834e-02,9.827773874406656174e-02,1.188508392507124228e-01
4.513664957269463568e-02,7.894001413024599734e-02,7.916735435260163767e-02
3.018836458251232188e-02,5.687587933318419969e-02,3.680420661773822766e-02
1.918930564164230551e-02,3.208393862130981544e-02,-9.064392528314951791e-03
1.158444130889108720e-02,4.663097457780786964e-03,-5.955028604411538584e-02
6.578901588851958360e-03,-2.521271288165457397e-02,-1.158870507092207708e-01
2.953820975069895716e-03,-5.741578078405115693e-02,-1.793973281857070834e-01
-9.910572625670965863e-04,-9.193807694756703230e-02,-2.514199556959952897e-01
-7.284010280135450044e-03,-1.288296947497186706e-01,-3.331590583128534178e-01
-1.823246973614058020e-02,-1.681131478872147922e-01,-4.255961205689793303e-01
-3.638767472360662780e-02,-2.098080648973869311e-01,-5.295166131394926090e-01
-6.415832337196414326e-02,-2.540129979666704840e-01,-6.455061628396919771e-01
-1.031880996290479996e-01,-3.008849322979516572e-01,-7.738019852795325892e-01
-1.539840763153469405e-01,-3.504819835755607627e-01,-9.141030221545161094e-01
-2.158752802118771574e-01,-4.025843506439582553e-01,-1.065482939179104527e+00
-2.869926848524425034e-01,-4.565913343470066055e-01,-1.226342045745755449e+00
-3.644007751031010933e-01,-5.115170555760761850e-01,-1.394272762133381471e+00
-4.449122199521365340e-01,-5.660968052103174664e-01,-1.565955148293175725e+00
-5.262737345407615397e-01,-6.189519233594589220e-01,-1.737268338986373895e+00
-6.073170991724421430e-01,-6.686292240678636256e-01,-1.903455742617784274e+00
-6.865315961898372787e-01,-7.134311304202434201e-01,-2.059061315844378459e+00
-7.607560146708471915e-01,-7.513093575482554520e-01,-2.197884449319033706e+00
-8.258097895406203426e-01,-7.801358706856199587e-01,-2.313507759026371513e+00
-8.780467844102188835e-01,-7.981449956550322744e-01,-2.400238602666830090e+00
-9.142698058583891285e-01,-8.040236623556504814e-01,-2.453579135265972155e+00
-9.300948166445737186e-01,-7.966386883742730962e-01,-2.469953315097291213e+00
-9.197691580987855664e-01,-7.749936858301897935e-01,-2.446543262704870436e+00
-8.787171425426660853e-01,-7.386927660491163783e-01,-2.381885324464308340e+00
-8.062165125916476160e-01,-6.884323191419234877e-01,-2.276713952109175487e+00
-7.056920859854485251e-01,-6.261103296183483380e-01,-2.134505506109664275e+00
-5.838349711734800440e-01,-5.550642308209200460e-01,-1.962735420354164706e+00
-4.516851780551037754e-01,-4.817643956513766867e-01,-1.777860778251791452e+00
-3.303837822432452165e-01,-4.210722184076836072e-01,-1.620007467292000403e+00
-2.661699531070542690e-01,-4.088333915645226413e-01,-1.589250743963289469e+00
-3.617305956948571044e-01,-5.255024306459903372e-01,-1.918005096067112447e+00
-8.116256466425439964e-01,-9.153078649708099590e-01,-3.047393180575291627e+00
-1.801623281743079952e+00,-1.685778399314685316e+00,-5.397348805222058843e+00
-3.192250083557109264e+00,-2.664966198723146107e+00,-8.678478276451446760e+00
-4.405721015148020392e+00,-3.400100696398110856e+00,-1.166896791615423368e+01
-4.869839472545304027e+00,-3.565522320023907454e+00,-1.313629331622992780e+01
-4.526555698280195550e+00,-3.248007213969531293e+00,-1.280774724416320964e+01
-3.787450239629714943e+00,-2.754288667824944525e+00,-1.129102926929879303e+01
-3.094821671235028493e+00,-2.280461589163515157e+00,-9.377895586644916293e+00
-2.653773274844045904e+00,-1.874928878729358983e+00,-7.602376574125250919e+00
-2.473937435388049000e+00,-1.582034797039578500e+00,-6.188615998267524176e+00
-2.478042024539182542e+00,-1.437979052525593548e+00,-5.146207121263149276e+00
-2.559244821319535124e+00,-1.387928893741931402e+00,-4.391675585640441248e+00
-2.622534574637732430e+00,-1.339065967731262186e+00,-3.835219770930832439e+00
-2.618634689858663211e+00,-1.271172006796623677e+00,-3.410669896603428342e+00
-2.546072904958775140e+00,-1.219090801666109058e+00,-3.087178923720409252e+00
-2.432861970869441670e+00,-1.185343318520664990e+00,-2.893659457048217476e+00
-2.328860315082713406e+00,-1.180920188138214755e+00,-2.917988773227843780e+00
-2.288562526273626663e+00,-1.304875123895462785e+00,-3.254426829720846293e+00
-2.329740533574092609e+00,-1.653532695622640158e+00,-3.948187852826440469e+00
-2.422369742740583476e+00,-2.207577086028020386e+00,-4.968521412528072112e+00
-2.521440785922735017e+00,-2.861883510902588856e+00,-6.205307833028836484e+00
-2.598715692939290722e+00,-3.485638101846679771e+00,-7.503625740977313718e+00
-2.656581361584593459e+00,-3.980701712141086368e+00,-8.731460726608922585e+00
-2.718035337963070397e+00,-4.332741089722979666e+00,-9.828230587280113895e+00
-2.794712054902876996e+00,-4.561736476710573918e+00,-1.080383274573158303e+01
-2.864389707519545247e+00,-4.659226340444982739e+00,-1.171256077382939509e+01
-2.887077096659151465e+00,-4.625787315626997298e+00,-1.261333276723307151e+01
-2.839733529816658386e+00,-4.494088213506685747e+00,-1.352766877913038002e+01
-2.730477340291780131e+00,-4.290202340209847698e+00,-1.443939540828432122e+01
-2.595485552708977295e+00,-4.055676809029227670e+00,-1.532449374560407485e+01
-2.480658742758052426e+00,-3.864200623931841605e+00,-1.616316254148485498e+01
-2.410720681893656625e+00,-3.745318814602018875e+00,-1.693514085833263039e+01
-2.383102098936455970e+00,-3.670155501649296603e+00,-1.762228315887232100e+01
-2.388292559936082693e+00,-3.628911507174808371e+00,-1.821958665754588580e+01
-2.419429593483191532e+00,-3.642123010522325455e+00,-1.873576090367788183e+01
-2.462945124782157436e+00,-3.691418164385640743e+00,-1.919365823667616056e+01
-2.499111557124736649e+00,-3.719032427428820675e+00,-1.962847554852038101e+01
-2.520647868669288805e+00,-3.709901394317623335e+00,-2.005772108368084616e+01
-2.536189135810633211e+00,-3.690412100874836288e+00,-2.046750020622154409e+01
-2.556553516024793637e+00,-3.671570078127921910e+00,-2.083921840710484119e+01
-2.588829577146717131e+00,-3.669238362812630161e+00,-2.116654930313370286e+01
-2.635693534776320845e+00,-3.715159057645329721e+00,-2.145647422882471034e+01
-2.694721553146345983e+00,-3.805731098370195742e+00,-2.172892740910245379e+01
-2.760782546977937901e+00,-3.907379850212671535e+00,-2.200487650862918088e+01
-2.829260404262115003e+00,-4.005005736031293395e+00,-2.229012378187679033e+01
-2.897754026642610281e+00,-4.091384222090242773e+00,-2.257727947729004114e+01
-2.966875666337675632e+00,-4.162256667341353911e+00,-2.285898050015071448e+01
-3.038291185169275099e+00,-4.240185249175449478e+00,-2.312701545463602315e+01
-3.110466995596596007e+00,-4.337267549722565008e+00,-2.337472346004869195e+01
-3.183019532812729313e+00,-4.433606615176532095e+00,-2.360893235413926305e+01
-3.260950607020954184e+00,-4.525975653029884249e+00,-2.384054694178606582e+01
-3.344364915029217844e+00,-4.627743093408894559e+00,-2.407352303222803869e+01
-3.426694346226860866e+00,-4.739356246097660375e+00,-2.431111360905051200e+01
-3.505694411205500849e+00,-4.866612909518142516e+00,-2.454860745541814993e+01
-3.581203746412910949e+00,-5.015956479466078477e+00,-2.477238699929426957e+01
-3.648053999971088146e+00,-5.167720959101675504e+00,-2.499496240761945032e+01
-3.701056588974140027e+00,-5.304520053860609430e+00,-2.525922945902259897e+01
-3.741683310303991039e+00,-5.436463265785745236e+00,-2.559023018298969987e+01
-3.774833484688508989e+00,-5.572861008642985503e+00,-2.597938802483156095e+01
-3.802472224328219408e+00,-5.723339388781356618e+00,-2.640720222758454838e+01
-3.818736864246011997e+00,-5.906453799822170225e+00,-2.686258457700185787e+01
-3.809455977463554799e+00,-6.101790191302371547e+00,-2.736156854195961330e+01
-3.767594088682642894e+00,-6.273565005599330391e+00,-2.792736329867386047e+01
-3.701195318055046091e+00,-6.437863788473512372e+00,-2.854844689007913061e+01
-3.616977620491971912e+00,-6.612415434302866935e+00,-2.920235217047711984e+01
-3.515324772619674132e+00,-6.783477952692062551e+00,-2.989554516565064901e+01
-3.403975898573325054e+00,-6.955870062329625902e+00,-3.063985744791466459e+01
-3.297170452161259480e+00,-7.134854671559549999e+00,-3.142899735178828990e+01
-3.198711175034042675e+00,-7.296827705764650673e+00,-3.225099373738952835e+01
-3.103193691704903223e+00,-7.431353619753650719e+00,-3.308458488005923215e+01
-3.014305677509833803e+00,-7.556270637326623962e+00,-3.391017762473472885e+01
-2.944269339954158404e+00,-7.696818454269160448e+00,-3.474649192638064932e+01
-2.899962760345716983e+00,-7.873212559408212741e+00,-3.562158953716382825e+01
-2.878153917589899358e+00,-8.077033102258589281e+00,-3.652979945812420226e+01
-2.869715268713540546e+00,-8.283887520866841214e+00,-3.745871107773885456e+01
-2.869973804936315709e+00,-8.496002113880518181e+00,-3.840932643022225079e+01
-2.882998635707304746e+00,-8.727201401177252293e+00,-3.938707459048393389e+01
-2.914880798814921015e+00,-8.986884592958436002e+00,-4.039612444389505441e+01
-2.968252310922788517e+00,-9.291986424403283706e+00,-4.142164006178576585e+01
-3.041017084709784601e+00,-9.638960001809557809e+00,-4.243205910103009160e+01
-3.126563034291594434e+00,-9.995202706339416210e+00,-4.342521870691861352e+01
-3.219108222235061323e+00,-1.034656220580631292e+01,-4.443454846188412688e+01
-3.319150202036504016e+00,-1.070704048129787722e+01,-4.546875129291980500e+01
-3.428215129221503510e+00,-1.107949944889147353e+01,-4.650887093324585209e+01
-3.544755515403134716e+00,-1.145218689355631803e+01,-4.756395586193285396e+01
-3.666601840598533890e+00,-1.181806836507022496e+01,-4.866621169353712872e+01
-3.792007106181605192e+00,-1.217562963435167411e+01,-4.982491386952868595e+01
-3.922598899435173703e+00,-1.254213878320337727e+01,-5.100438659976302347e+01
-4.058816046045127024e+00,-1.292515019712748625e+01,-5.215489723026929880e+01
-4.195772474941257713e+00,-1.328182843859663720e+01,-5.327806984194354101e+01
-4.334680001263894411e+00,-1.359491677272752952e+01,-5.442217074224653572e+01
-4.484146222318820207e+00,-1.391538139618096892e+01,-5.561269041014001147e+01
-4.647146082135001244e+00,-1.427067829576811775e+01,-5.684069164534952279e+01
-4.819366031130656758e+00,-1.463943963983369478e+01,-5.809520088784403669e+01
-4.996374068406138846e+00,-1.501057944731819838e+01,-5.936240240343923347e+01
-5.173335370958875856e+00,-1.537786264960905314e+01,-6.063697973046609491e+01
-5.344126103547469420e+00,-1.571968032055727349e+01,-6.195047692673350070e+01
-5.509912394048871676e+00,-1.603366713044589176e+01,-6.332677071220888365e+01
-5.678045678072273006e+00,-1.634065213143521689e+01,-6.473557883760304321e+01
-5.849872892960876314e+00,-1.665550568195286374e+01,-6.613678361417377971e+01
-6.024451038180469453e+00,-1.699223290567191569e+01,-6.751605801422283548e+01
-6.207047736891394329e+00,-1.735611179291317541e+01,-6.887380719991460865e+01
-6.402106766240048152e+00,-1.772745804381669998e+01,-7.023135686982293180e+01
-6.607127928521316029e+00,-1.809787774768986068e+01,-7.162388200544019412e+01
-6.817071680697639025e+00,-1.848394625458860929e+01,-7.305315823260636421e+01
-7.030150542059972807e+00,-1.888593049269053381e+01,-7.449471759032668672e+01
-7.249793087307311090e+00,-1.929113151531501202e+01,-7.594933945621502858e+01
-7.478722552001396906e+00,-1.970361047202509397e+01,-7.741860908387512552e+01
-7.713851632157852301e+00,-2.012899270857165135e+01,-7.887907693948557153e+01
-7.952712806746691676e+00,-2.056630474248684948e+01,-8.031817757955596448e+01
-8.196532439559419458e+00,-2.101349232538685285e+01,-8.175241100591976817e+01
-8.443095422151662532e+00,-2.145110953295062828e+01,-8.320582566811245329e+01
-8.687952520538036794e+00,-2.186294246088544213e+01,-8.466498891813277794e+01
-8.934578261000561739e+00,-2.226875549699755297e+01,-8.608947984138758613e+01
-9.192517302381547850e+00,-2.268097144533182430e+01,-8.747085520171685857e+01
-9.463755009444030364e+00,-2.307744661179908974e+01,-8.884212097878247505e+01
-9.736826421272116505e+00,-2.344883666136428246e+01,-9.024558648968185537e+01
-9.996084287920282918e+00,-2.380245288798666081e+01,-9.167178365178175170e+01
-1.023460997976741105e+01,-2.413167469304254453e+01,-9.305176442330918007e+01
-1.045801153979655140e+01,-2.444513252595684705e+01,-9.434787460542308679e+01
-1.067652782733167882e+01,-2.477987494545783420e+01,-9.558077009717722206e+01
-1.089218620788315484e+01,-2.514166581461814332e+01,-9.676188541274062516e+01
-1.109921505163254807e+01,-2.549882582644843865e+01,-9.787239959878507989e+01
-1.129497962249736531e+01,-2.583976009064925350e+01,-9.889523248983253723e+01
-1.148116756003766348e+01,-2.617385856734058081e+01,-9.983873906136486198e+01
-1.165941078374443762e+01,-2.650950054119714139e+01,-1.007486385749057973e+02
-1.183153621701188207e+01,-2.685604764156853719e+01,-1.016731036496218081e+02
-1.200152390687819270e+01,-2.721417192395590234e+01,-1.026103192067425596e+02
-1.217351409192586686e+01,-2.757761701829458545e+01,-1.035172020706346814e+02
-1.234824561298338175e+01,-2.795313833878758913e+01,-1.043431781159810328e+02
-1.252308073207065497e+01,-2.834322291057170418e+01,-1.050618587560462061e+02
-1.269598486247290481e+01,-2.872621162635797631e+01,-1.056924006937528873e+02
-1.287288610416248602e+01,-2.910156100194932094e+01,-1.062784606983261568e+02
-1.306371615266612984e+01,-2.950863995616798974e+01,-1.068384353068452555e+02
-1.326571645942628130e+01,-2.995601185246080433e+01,-1.073435323354984661e+02
-1.346417225095279946e+01,-3.039817385163421193e+01,-1.077569152995255024e+02
-1.364978365563067442e+01,-3.080252715675880637e+01,-1.080604224457024429e+02
-1.382454757131375445e+01,-3.117043330583357630e+01,-1.082553536439747575e+02
-1.399455066294559558e+01,-3.150940136001587888e+01,-1.083751248266661946e+02
-1.416116520681994650e+01,-3.183531631665366746e+01,-1.084400812679334507e+02
-1.431831414177229433e+01,-3.216017502298135611e+01,-1.084099224064081568e+02
-1.445938162217772316e+01,-3.247388439966975682e+01,-1.082407032617721683e+02
-1.458388245149645179e+01,-3.276851928863091246e+01,-1.079391089847393062e+02
-1.469536840437774039e+01,-3.304563815154395456e+01,-1.075343679688931218e+02
-1.479755648865559081e+01,-3.330328312662994961e+01,-1.070474503211833053e+02
-1.489419710210797732e+01,-3.354771942790088701e+01,-1.064927254458578432e+02
-1.498663273536791252e+01,-3.378536262691288528e+01,-1.058696129977568887e+02
-1.506761359155659541e+01,-3.399550433616510503e+01,-1.051509758025183885e+02
-1.512531468092179665e+01,-3.415330504771583975e+01,-1.043038772714232181e+02
-1.515580459586480799e+01,-3.425297770064719316e+01,-1.033218695727358067e+02
-1.516286481101813521e+01,-3.428958713301761918e+01,-1.022352219694808468e+02
-1.515405214637805287e+01,-3.428194863019831473e+01,-1.010769392988035520e+02
-1.514313870443761267e+01,-3.429042230525622870e+01,-9.983449542025280721e+01
-1.513960990576554089e+01,-3.436642805274860279e+01,-9.846663739454591280e+01
-1.514407996540881207e+01,-3.457557260981376146e+01,-9.695844216321924591e+01
-1.517082714052379977e+01,-3.509048598384316620e+01,-9.532100062173299193e+01
-1.524929987794302200e+01,-3.610984157268671879e+01,-9.354723935718311623e+01
-1.537737370857300512e+01,-3.755814387376548069e+01,-9.158374739793086405e+01
-1.548166550361187888e+01,-3.889872306588340933e+01,-8.933346413229429572e+01
-1.545216757128984320e+01,-3.942641932802474258e+01,-8.671916786614974626e+01
-1.522944960786609769e+01,-3.882444777771671340e+01,-8.376690349713548756e+01
-1.483978035070269819e+01,-3.731420828141549606e+01,-8.055490042022584873e+01
-1.434347898438043067e+01,-3.528042981028389846e+01,-7.710179676711155139e+01
-1.377628914578056651e+01,-3.293644470454482587e+01,-7.340693936847304713e+01
-1.314500359217963066e+01,-3.033260432587846367e+01,-6.951163692839119790e+01
-1.244973861993982922e+01,-2.747983684662217740e+01,-6.543258981552639852e+01
-1.168919374372057796e+01,-2.439595955605685518e+01,-6.114518126234992224e+01
-1.086094069752560642e+01,-2.113677628313173074e+01,-5.663905654187476557e+01
-9.969628285092380082e+00,-1.782421329408570898e+01,-5.189477309224901092e+01
-9.024955656186504527e+00,-1.459070119585308056e+01,-4.689150094526701906e+01
-8.041030654937280531e+00,-1.151924545987723292e+01,-4.170876755099501310e+01
-7.040652360775307983e+00,-8.650314945535132694e+00,-3.650549974543704224e+01
-6.045881560821793954e+00,-5.981528064059174810e+00,-3.140811749040455680e+01
-5.077174782671320052e+00,-3.493066422240298952e+00,-2.653236877988927844e+01
-4.167345140034997009e+00,-1.222340010855696546e+00,-2.202834662119714437e+01
-3.354409789994223345e+00,7.510880389142395863e-01,-1.800981208831756319e+01
-2.654632854524626939e+00,2.412186860760284546e+00,-1.450190413883292706e+01
-2.052719863636050412e+00,3.834566629911179803e+00,-1.146517911516540345e+01
-1.517455930625782878e+00,5.108303453125669691e+00,-8.820892540659471592e+00
-1.023625693132351300e+00,6.286582465658508312e+00,-6.488028865782875521e+00
-5.675818572180402199e-01,7.358289284198633595e+00,-4.445599659435447215e+00
-1.636515423404731884e-01,8.254190156061360639e+00,-2.716886472164091959e+00
1.747116825472940782e-01,8.892439925503660803e+00,-1.289696023154938587e+00
4.320460949681897977e-01,9.106408653425381416e+00,-1.300874589467615472e-01
5.652001090400395888e-01,8.475982955034426780e+00,7.625611348854585136e-01
5.251973890520615917e-01,6.655519735913429713e+00,1.376341005852007360e+00
3.438342983974165268e-01,4.153530138527316673e+00,1.738492010539080423e+00
1.417284189093638014e-01,2.088754211207620504e+00,1.934549553796665045e+00
7.221334460791539733e-03,9.834590126964940504e-01,2.059151126984105851e+00
-5.958690320645312899e-02,5.545633043571613907e-01,2.158454896266861933e+00
-8.642678193720834678e-02,4.206474207098741536e-01,2.238756683697294747e+00
-8.966316682831859675e-02,3.952622166351531519e-01,2.295386336840753216e+00
-7.749575978558395639e-02,4.040787273453409489e-01,2.323142827188837245e+00
-5.480117396713657385e-02,4.194389889290267570e-01,2.318827850364998167e+00
-2.486808527941555824e-02,4.310994461272728007e-01,2.281740296492474673e+00
1.025854578909635162e-02,4.351193272012654489e-01,2.213666385372015544e+00
4.927257204921819955e-02,4.300262918586102989e-01,2.118610501375515653e+00
9.094747256100357835e-02,4.155767236078359850e-01,2.002288626681822503e+00
1.338239541594193893e-01,3.923238960198925374e-01,1.871340957189040477e+00
1.762116360541219340e-01,3.614905324995749125e-01,1.732423095310962724e+00
2.163948530458329189e-01,3.248754909197013041e-01,1.591684116877943866e+00
2.532577704259479923e-01,2.844648727330014171e-01,1.454872649101984328e+00
2.870229118656419942e-01,2.419141335752496569e-01,1.327373861767518815e+00
3.189539431361981814e-01,1.986262574409998760e-01,1.213259869434284655e+00
3.496083069776387831e-01,1.566123291282048857e-01,1.113808961254527663e+00
3.772029751099300610e-01,1.190898569795024176e-01,1.027297699689783794e+00
3.980558102653461439e-01,8.968666428372609745e-02,9.509130455406320515e-01
4.088463950636708200e-01,7.069090002784381155e-02,8.830745781053273014e-01
4.083615949753486296e-01,6.207150831763105781e-02,8.237151248346303856e-01
3.972655082832570184e-01,6.212229658483754691e-02,7.725938122129230035e-01
3.770448716271860290e-01,6.860085284409700446e-02,7.283723202444932765e-01
3.499806775686765681e-01,7.890614153119507312e-02,6.901101946707667301e-01
3.198715360064414703e-01,8.964906404175582155e-02,6.591514860803199261e-01
2.915287562109065700e-01,9.716077136459783103e-02,6.383114975623002119e-01
2.685151887240125879e-01,9.913303737459749909e-02,6.287505287492773931e-01
2.512377535440479814e-01,9.571421232501457765e-02,6.281681732513466621e-01
2.374280524290069971e-01,8.887131479438495352e-02,6.322603582195882588e-01
2.243075260592579112e-01,8.087493649779611826e-02,6.373213069377188233e-01
2.101374148818864196e-01,7.338692374891252201e-02,6.412175614008502889e-01
1.941024663262368999e-01,6.745891103406995160e-02,6.427319782798599501e-01
1.752807935755977542e-01,6.390598655851352505e-02,6.407516746387241779e-01
1.518745160761154900e-01,6.364286723746508112e-02,6.338425467571966454e-01
1.215561696988339824e-01,6.758999820357951271e-02,6.203845757234165426e-01
8.315485528012657446e-02,7.584647064764994673e-02,5.998374744959572569e-01
3.847443788205721915e-02,8.680046997155330124e-02,5.744426039442226406e-01
-7.829243765274641886e-03,9.746121437635940632e-02,5.490852565221514547e-01
-5.062804775951811054e-02,1.050189952575204949e-01,5.286905015437066702e-01
-8.667922175920586558e-02,1.081018779820570180e-01,5.156705339503767638e-01
-1.151044451289457288e-01,1.068502763877413331e-01,5.095938156383840179e-01
-1.368161373398370517e-01,1.025563597826958245e-01,5.081529502337323034e-01
-1.542061404824941473e-01,9.743291008547227960e-02,5.079086041736979862e-01
-1.704447070198472081e-01,9.386470940780947125e-02,5.053351070526773681e-01
-1.875922731407016764e-01,9.299547494997154051e-02,4.986863534535989628e-01
-2.050507285280632475e-01,9.404129700405625125e-02,4.889541637357427417e-01
-2.202895245512647426e-01,9.529789604562374783e-02,4.784184504692704509e-01
-2.309898223814480511e-01,9.568888963362978672e-02,4.684057042686280425e-01
-2.361305931305017203e-01,9.515904573877487227e-02,4.588542817913268124e-01
-2.354837104537459980e-01,9.397521350626092396e-02,4.495738247994565673e-01
-2.290532806208270267e-01,9.224889097550631467e-02,4.410724920947305394e-01
-2.172170569092797265e-01,9.016733413282482235e-02,4.341378945912640619e-01
-2.007882212577738468e-01,8.824744923779841155e-02,4.291962663110819864e-01
-1.805961319814173571e-01,8.712639064904811881e-02,4.262066894519732640e-01
-1.572963336332843798e-01,8.723526807707458752e-02,4.248217554922368855e-01
-1.317704228751656603e-01,8.877504086849996590e-02,4.245786663726389687e-01
-1.053832913668226318e-01,9.186147137284300657e-02,4.252500051974187900e-01
-7.947930841357585263e-02,9.651828949245296052e-02,4.271639152501492953e-01
-5.464832457141632210e-02,1.025552097251791750e-01,4.310277881946297240e-01
-3.073039698066980241e-02,1.095983869087069768e-01,4.373007056542683735e-01
-7.623314978845018020e-03,1.172885131793164615e-01,4.457282201547061451e-01
1.412326305351163311e-02,1.253778339465253244e-01,4.554581749631022580e-01
3.378538620252135444e-02,1.336299754965835640e-01,4.655572556212911328e-01
5.151084482714257673e-02,1.417720737268677311e-01,4.754529518580318803e-01
6.853338981906158256e-02,1.496562948238449597e-01,4.849651868591333126e-01
8.612191411790812157e-02,1.573690172158017930e-01,4.939897533155940268e-01
1.046129391016717425e-01,1.650033129203052340e-01,5.022916718221721588e-01
1.238957828973288877e-01,1.723121459247782261e-01,5.097717602840614592e-01
1.446119224392166114e-01,1.787293044691986854e-01,5.168625957860676357e-01
1.680429412123631006e-01,1.838217922815392202e-01,5.242782373338945590e-01
1.943476766336617589e-01,1.876849947459317547e-01,5.320318994210128105e-01
2.212778441136279139e-01,1.908365593534563365e-01,5.387151127188046784e-01
2.451525281471037543e-01,1.937016830927122124e-01,5.419544492411750847e-01
2.630634426854329133e-01,1.961672947316948079e-01,5.396604026575273494e-01
2.738696616440557952e-01,1.975743067745028281e-01,5.308114623019501987e-01
2.772964886929891737e-01,1.970946238005756301e-01,5.151541245359996246e-01
2.728144074177442646e-01,1.941060072736694175e-01,4.924546611709634258e-01
2.599204725032455143e-01,1.882473278533656480e-01,4.622864674712316435e-01
2.393705721472648151e-01,1.792382454439264139e-01,4.245212913854112813e-01
2.135902750095777236e-01,1.667978267471255105e-01,3.797949821314589580e-01
1.854742883749848636e-01,1.507760017251541518e-01,3.292596330075148181e-01
1.567742176853587355e-01,1.312641123229252305e-01,2.737778974439823987e-01
1.278034569810404253e-01,1.084944835978502164e-01,2.133321478981082264e-01
9.857536290692400782e-02,8.265338874374676681e-02,1.471431381246518788e-01
6.978024884559250185e-02,5.379751592553998207e-02,7.426552098375194255e-02
4.242083877246007745e-02,2.185306990741048283e-02,-5.891843425646053900e-03
1.683805381615422619e-02,-1.338154073167142910e-02,-9.341654235040090792e-02
-7.393962763115449754e-03,-5.216101013738276559e-02,-1.880593588554294870e-01
-3.058046412134642761e-02,-9.459804132909448160e-02,-2.895326823078356870e-01
-5.232774721519686811e-02,-1.405067044958131506e-01,-3.977710029959506954e-01
-7.211764179555663068e-02,-1.894428319593995935e-01,-5.130428008722467403e-01
-9.034937058296164947e-02,-2.408599959750171993e-01,-6.358872293742902082e-01
-1.086898768490959372e-01,-2.942307946626037118e-01,-7.669073395479177879e-01
-1.295882953207176669e-01,-3.491513552153122646e-01,-9.064837224349351352e-01
-1.557482925540695506e-01,-4.054596603365435148e-01,-1.054529256498930812e+00
-1.899895947291591058e-01,-4.632049912810805581e-01,-1.210395643128929555e+00
-2.349673016669234782e-01,-5.223417140507747858e-01,-1.372865377322965763e+00
-2.921854537550756525e-01,-5.823603777284517280e-01,-1.540035858728002305e+00
-3.607959702868687168e-01,-6.421903209989280326e-01,-1.709088115918021566e+00
-4.373021691849485193e-01,-7.003748416832554780e-01,-1.876197184859183409e+00
-5.165085334162673458e-01,-7.552223713795577220e-01,-2.036743586839425468e+00
-5.929433583334479119e-01,-8.048000266153521043e-01,-2.185632889433457127e+00
-6.619285212327976620e-01,-8.469465964809923531e-01,-2.317442968862404751e+00
-7.200216709146707306e-01,-8.794281347227473900e-01,-2.426400996144070898e+00
-7.646286706262017674e-01,-9.000590379493387250e-01,-2.506424541485387625e+00
-7.927552559371644492e-01,-9.066114245586999187e-01,-2.551387920636829065e+00
-7.999538479099459476e-01,-8.967089834964090400e-01,-2.555573124687974484e+00
-7.810413857391530490e-01,-8.680643748123995085e-01,-2.514137296031575985e+00
-7.324441410478284009e-01,-8.190186176581882860e-01,-2.423401558557984892e+00
-6.539304787123541018e-01,-7.488835301665741628e-01,-2.280870806010748986e+00
-5.482162414324052158e-01,-6.577497212783176561e-01,-2.085126623832372683e+00
-4.196220295055860250e-01,-5.460181226657676579e-01,-1.835858698621884777e+00
-2.737328835896836732e-01,-4.141513407376967715e-01,-1.534094900030108288e+00
-1.180728718810658134e-01,-2.627835944528225109e-01,-1.182387709484533422e+00
3.763457297864511442e-02,-9.294641711589772537e-02,-7.847791606682001930e-01
1.822897223440126113e-01,9.378701454312271535e-02,-3.467970136288426319e-01
3.049955055964170825e-01,2.951942897994478399e-01,1.240571909267479400e-01
3.973104675730181334e-01,5.082334476765952846e-01,6.173007090241615646e-01
4.560893310102269171e-01,7.288133390586170046e-01,1.118610116061645288e+00
4.853995389477843148e-01,9.515466822650198164e-01,1.609947667302019436e+00
4.951473953326755995e-01,1.169498887388629615e+00,2.070891970825833095e+00
4.961069044478139678e-01,1.373967029652838789e+00,2.480555210645960518e+00
4.944791322915046972e-01,1.554343254725373047e+00,2.819171334172240861e+00
4.897080375336043123e-01,1.698019409674797586e+00,3.068779591337870816e+00
4.759050635805812668e-01,1.790190173025695719e+00,3.212851303163788863e+00
4.439643549157936686e-01,1.813542049058970429e+00,3.234828883334187832e+00
3.821894879196767736e-01,1.748099501910319375e+00,3.115649522222979861e+00
2.762125024365483794e-01,1.571548808305566203e+00,2.830769163613816364e+00
1.095732145009068459e-01,1.260032676149206221e+00,2.347602403329420717e+00
-1.357735415101068988e-01,7.890922358860741337e-01,1.623984668903772244e+00
-4.804807039340120434e-01,1.345162659918734960e-01,6.075815708738266929e-01
-9.495553612890632600e-01,-7.268337037123185906e-01,-7.637017627461220037e-01
-1.571875129759799705e+00,-1.815657131863342766e+00,-2.558620772138222144e+00
-2.375849298255608755e+00,-3.147848704344729853e+00,-4.844707404852704791e+00
-3.384181751702273644e+00,-4.733524345565419011e+00,-7.679483918876123028e+00
-4.611453106396385060e+00,-6.579607774702422418e+00,-1.110666898847476247e+01
-6.060038978908429463e+00,-8.687966641654877975e+00,-1.514563592802083924e+01
-7.708803328007197919e+00,-1.104170901727180087e+01,-1.975924931223060454e+01
-9.506357354377412250e+00,-1.359713847884218474e+01,-2.482906485826241649e+01
-1.138080368224706262e+01,-1.629779186458027240e+01,-3.017151730662817499e+01
-1.324307372550200590e+01,-1.907889714155903249e+01,-3.554021120425918667e+01
-1.496215014440150881e+01,-2.183320158936803068e+01,-4.055786639883915967e+01
-1.635298607903788692e+01,-2.439252499662933005e+01,-4.468535642268518870e+01
-1.721593201632903103e+01,-2.657418527355325111e+01,-4.733307940213643406e+01
-1.736948989097335172e+01,-2.820578592626894121e+01,-4.795592722802106778e+01
-1.663175001144110965e+01,-2.905047664610278346e+01,-4.600691494685239036e+01
-1.485065188469537567e+01,-2.876652888246827189e+01,-4.102916159321558354e+01
-1.203934320782397727e+01,-2.702123630158082790e+01,-3.304880699988861892e+01
-8.463696688909191579e+00,-2.354874919048838322e+01,-2.283980621186805848e+01
-4.633882513271609049e+00,-1.796263237352895459e+01,-1.192278368664578991e+01
-1.419985215939932210e+00,-9.709621533223968370e+00,-2.914063608574748887e+00
-1.203762123633588810e-01,-2.397594421877498938e+00,4.195052777971253199e-01
-1.112097173399146238e-01,5.233312387949683175e-02,2.447609755237389884e-01
-1.334943865212911973e-01,4.709136331808722042e-02,2.319546570995832391e-01
-1.553968825328909398e-01,4.209362844829791367e-02,2.199665490766458120e-01
