1.113159219610734940e+00,3.093946597247739239e-01,-2.013066754148245874e+00
1.140095073284323135e+00,3.210959516601946673e-01,-2.075875426007860014e+00
1.165690942061018198e+00,3.327845666427456939e-01,-2.140294909444043103e+00
1.190608602553506756e+00,3.444735238488133011e-01,-2.207791482984749365e+00
1.215743805312589743e+00,3.561243121009655122e-01,-2.280040513659462587e+00
1.241813760732628058e+00,3.674028324059174788e-01,-2.358528013498754294e+00
1.269012450759185118e+00,3.775345257999460635e-01,-2.444256966170908374e+00
1.297096429148473673e+00,3.854341384133097015e-01,-2.537902280439034097e+00
1.325581923490463332e+00,3.899243801537358167e-01,-2.639903460144032987e+00
1.353856367314049569e+00,3.898211447477191727e-01,-2.750464574362401216e+00
1.381267659497448008e+00,3.839173472688225397e-01,-2.869754512949173275e+00
1.407139411528495199e+00,3.710807323935198521e-01,-2.998080467766994772e+00
1.430676452605271320e+00,3.505519674329377611e-01,-3.135785721171832741e+00
1.450928471184674828e+00,3.221937648448139901e-01,-3.283198304965242897e+00
1.466869218820308296e+00,2.863788905812969521e-01,-3.440825365706407624e+00
1.477406223940075813e+00,2.436573570556233026e-01,-3.609367924482649315e+00
1.481280147873019981e+00,1.946956367006226207e-01,-3.789336256988911522e+00
1.477078019231327533e+00,1.405801627326440650e-01,-3.980774307113874588e+00
1.463452272247845576e+00,8.298444167860097309e-02,-4.183507406293289321e+00
1.439344819144870780e+00,2.390266962600939848e-02,-4.397541371102411389e+00
1.404036259887148308e+00,-3.469014864106201301e-02,-4.623047221287107433e+00
1.357040288777186410e+00,-9.090422900803507567e-02,-4.859997694398275669e+00
1.297917111302724802e+00,-1.429434595405312258e-01,-5.107964745047906874e+00
1.226085957069127819e+00,-1.892934010925380051e-01,-5.366247741080869993e+00
1.140829844403960402e+00,-2.288038878728764214e-01,-5.633979230599507559e+00
1.041672391582381785e+00,-2.603844271610527006e-01,-5.909943231930451901e+00
9.289645673085802358e-01,-2.826622320031626501e-01,-6.192322534083844587e+00
8.042102690163757117e-01,-2.941125610489288000e-01,-6.478654311478490690e+00
6.698833060386721883e-01,-2.935182236726330274e-01,-6.765885262583336335e+00
5.290380825335723181e-01,-2.801802580418115696e-01,-7.050298125818157402e+00
3.851654717844152920e-01,-2.537487155180728760e-01,-7.327399411753813041e+00
2.423048385192769771e-01,-2.141307699149372912e-01,-7.592011178398720972e+00
1.050211664731515171e-01,-1.617747158859144108e-01,-7.838545821109017098e+00
-2.197423991558711265e-02,-9.803646864813408968e-02,-8.061241453398464429e+00
-1.343241662346938980e-01,-2.523084869250769025e-02,-8.254304601173862110e+00
-2.283256454162558846e-01,5.356559110964842496e-02,-8.412109689471776619e+00
-3.011000760557935862e-01,1.346822916062067055e-01,-8.529524890226976908e+00
-3.509720115300201115e-01,2.140871989780808171e-01,-8.602277313348496435e+00
-3.780896618687141775e-01,2.879580491335238523e-01,-8.627308978981579557e+00
-3.848493515717827940e-01,3.533194856555538221e-01,-8.603145687580553869e+00
-3.757467348023508791e-01,4.080465505931865078e-01,-8.530131026141310358e+00
-3.567764530284418534e-01,4.501599138986348558e-01,-8.410165626079965762e+00
-3.347334166664639454e-01,4.772741232017780888e-01,-8.245805515642567585e+00
-3.165589870631451141e-01,4.869122015718362340e-01,-8.039147392106899659e+00
-3.087198045850287897e-01,4.773958130280719914e-01,-7.791163881041512695e+00
-3.167082969436392226e-01,4.486133677038862677e-01,-7.501706638166253605e+00
-3.447812487784696067e-01,4.024863280841387558e-01,-7.169878593362152053e+00
-3.958717930483435232e-01,3.433211149035362286e-01,-6.794541944103792197e+00
-4.714968464541899884e-01,2.779210511311725473e-01,-6.375050164627799276e+00
-5.715996529770031032e-01,2.150589798096665950e-01,-5.912174330849624404e+00
-6.944648343265120705e-01,1.642772252488055584e-01,-5.408798448632522238e+00
-8.368948557964797086e-01,1.345308356252943316e-01,-4.870016875056136563e+00
-9.946262569600252679e-01,1.331542369506540369e-01,-4.302789581802764829e+00
-1.162688391818761824e+00,1.650636729266212743e-01,-3.715548755935976111e+00
-1.335528633062468717e+00,2.318743189297427509e-01,-3.117831889133700685e+00
-1.507224751958086584e+00,3.311575335269806297e-01,-2.519733809317854956e+00
-1.672159085135497048e+00,4.565713068391916707e-01,-1.931163661935810349e+00
-1.825785550486907383e+00,5.990853378922549322e-01,-1.361198225123471328e+00
-1.964648199011503227e+00,7.485238395315179094e-01,-8.177392160878641514e-01
-2.085580638763530725e+00,8.945669504344511136e-01,-3.073480287252902121e-01
-2.185085889052145181e+00,1.027244413974540915e+00,1.649684154344945863e-01
-2.259680916220411451e+00,1.137481449598763072e+00,5.960235659336593494e-01
-2.306806859671512999e+00,1.217873593916342534e+00,9.845743971791733884e-01
-2.325432862407064150e+00,1.263421581313324271e+00,1.331171806601767038e+00
-2.316062185008139096e+00,1.271970625958553702e+00,1.637808781174200368e+00
-2.280325111339271515e+00,1.244186871676906669e+00,1.907541340520126028e+00
-2.220327605211843913e+00,1.182997785658708834e+00,2.144184842842274730e+00
-2.138097139594273166e+00,1.092826186731005844e+00,2.352039203674400003e+00
-2.035689484287937390e+00,9.792035612677647549e-01,2.535551279977866113e+00
-1.915933692598362104e+00,8.487969713446917863e-01,2.698944273785047532e+00
-1.782876734072574187e+00,7.091662439593734435e-01,2.845962742201044282e+00
-1.641216893010100986e+00,5.678292089409653354e-01,2.979818851247520328e+00
-1.495236848992897327e+00,4.311027993406059688e-01,3.103278565361746733e+00
-1.348207194231052508e+00,3.034127870149267991e-01,3.218790858094409568e+00
-1.202448519392704140e+00,1.872374309865034725e-01,3.328585764440409100e+00
-1.059602866054501824e+00,8.352323242851356078e-02,3.434632182849659099e+00
-9.208765906572178306e-01,-7.587056154414906217e-03,3.538417104279458769e+00
-7.872367462251450565e-01,-8.611745639871404290e-02,3.640787028093915190e+00
-6.593950204978558105e-01,-1.522950596105416832e-01,3.742172737815351091e+00
-5.375852521651336424e-01,-2.071761418846942426e-01,3.843057796244728319e+00
-4.216062487383012147e-01,-2.528419535624024661e-01,3.944086621693310146e+00
-3.114025677333225328e-01,-2.914282730265184140e-01,4.045536008215404600e+00
-2.076661271887112470e-01,-3.237294244768701978e-01,4.146700679395550537e+00
-1.118151249086780652e-01,-3.488676686696207119e-01,4.245932264327497485e+00
-2.547186097251130654e-02,-3.653936672968617905e-01,4.341333500517690958e+00
5.000144649197313385e-02,-3.725792825298776534e-01,4.431455476898167767e+00
1.137449908736429816e-01,-3.706614552032030940e-01,4.515550663679698040e+00
1.655702670614656036e-01,-3.602687171806029931e-01,4.593498363928942396e+00
2.059637771957900654e-01,-3.421222401276363123e-01,4.665644935112777780e+00
2.357674443360433525e-01,-3.173258443631719050e-01,4.732587248607147856e+00
2.557904014701046780e-01,-2.875317686495219571e-01,4.794916586611942755e+00
2.667313024024013934e-01,-2.545327747984256206e-01,4.853092387135873764e+00
2.693151840789145268e-01,-2.197837724398645221e-01,4.907514742284556419e+00
2.642638578562537255e-01,-1.844290405677476707e-01,4.958590489699645332e+00
2.520772325932121305e-01,-1.496132951314834147e-01,5.006612244486088770e+00
2.329790483013496338e-01,-1.165448646884485184e-01,5.051604214737440479e+00
2.072333676083570886e-01,-8.632711959167616023e-02,5.093413411853033423e+00
1.756548653717218134e-01,-5.992411069046402194e-02,5.132016634445209391e+00
1.399062275448754722e-01,-3.823576070508338809e-02,5.167695061820708702e+00
1.021937422170760001e-01,-2.194415101264945989e-02,5.200847098607232155e+00
6.440438614632082448e-02,-1.120001818071887645e-02,5.231641679188709482e+00
2.744052699174570620e-02,-5.671790693145852685e-03,5.259944708013827963e+00
-8.439984735230332547e-03,-5.118709860299316960e-03,5.285681868443441012e+00
-4.257711553757093093e-02,-9.900437966328730355e-03,5.309294963952256197e+00
-7.341894932915082883e-02,-2.081209881527262828e-02,5.331788292983061339e+00
-9.918027437861942630e-02,-3.843045698138436439e-02,5.354280263465215128e+00
-1.187619867940084006e-01,-6.268742316235512146e-02,5.377505581738750706e+00
-1.318525655655098383e-01,-9.298678737346213752e-02,5.401724598642640096e+00
-1.383363397108743342e-01,-1.285104233922817751e-01,5.427014677452983271e+00
-1.378562094909989710e-01,-1.683142839190521767e-01,5.453563358202853095e+00
-1.298662169587601056e-01,-2.112461681742991426e-01,5.481709782608728432e+00
-1.139247809132373224e-01,-2.559106017046279824e-01,5.511799222695121792e+00
-9.003071974835918923e-02,-3.007430525240314956e-01,5.544030112537734034e+00
-5.886003176433596273e-02,-3.441322687868029195e-01,5.578382118645615506e+00
-2.159626513356682764e-02,-3.845349573945072708e-01,5.614619486951547778e+00
2.067337460189699883e-02,-4.204991105479219948e-01,5.652327972170092529e+00
6.739799913593769176e-02,-4.505542072867666503e-01,5.690933177256545683e+00
1.183261563586532894e-01,-4.731215762894198651e-01,5.729688458081089841e+00
1.729622018085601454e-01,-4.866055082828255607e-01,5.767704269140145890e+00
2.304797571952446056e-01,-4.894990535685914690e-01,5.804090333185520478e+00
2.901601761915268973e-01,-4.802485033928860503e-01,5.838140166630916283e+00
3.516925374118406999e-01,-4.571219101116615890e-01,5.869384674421500137e+00
4.149201304044205507e-01,-4.186646816334490540e-01,5.897468575447014416e+00
4.793695036032326051e-01,-3.647059925281149750e-01,5.922027441476500620e+00
5.440974512708001143e-01,-2.969747919023288940e-01,5.942743198568606999e+00
6.079302735390612611e-01,-2.185533032158395450e-01,5.959509121977772494e+00
6.697874309618006006e-01,-1.325975186189830568e-01,5.972490337885579592e+00
7.288846115902034573e-01,-4.146722957110704488e-02,5.982020923750772212e+00
7.848481993256866129e-01,5.322010391342235636e-02,5.988475375744002349e+00
8.377514754093293714e-01,1.501330280436752318e-01,5.992204169464064201e+00
8.879747163472815341e-01,2.480542442637665435e-01,5.993472341346379295e+00
9.359216095298286131e-01,3.460353510386766640e-01,5.992363140786812536e+00
9.818165092399975258e-01,4.434785243474543837e-01,5.988720249760426384e+00
1.025686025397533507e+00,5.399667047024938604e-01,5.982162291565957801e+00
1.067371597806166639e+00,6.350483184663300307e-01,5.972102317888017708e+00
1.106503801486950156e+00,7.281915779568672864e-01,5.957761061436470662e+00
1.142652053150251312e+00,8.188669784829176734e-01,5.938243605449834206e+00
1.175741951768356719e+00,9.065945285815149024e-01,5.912627905507963355e+00
1.206362274249094479e+00,9.908885781095373435e-01,5.879892942638091036e+00
1.235535576852705653e+00,1.071140158168735645e+00,5.838686053105671903e+00
1.264117337293908738e+00,1.146489325192320718e+00,5.787144708337740084e+00
1.292435778376881617e+00,1.215744628739939603e+00,5.722869739982705539e+00
1.320471927436214221e+00,1.277449619963917815e+00,5.642953214960438224e+00
1.348232993281105019e+00,1.330173356888139313e+00,5.544116668798221070e+00
1.375782329292862149e+00,1.372926630113998181e+00,5.423173386428329579e+00
1.402800983831693937e+00,1.405405547462236671e+00,5.277651491524137484e+00
1.428063780833499052e+00,1.427809656076659106e+00,5.105965213257911195e+00
1.449310114577327280e+00,1.440339098255078554e+00,4.906886115667359327e+00
1.463614265726939312e+00,1.442804283174602409e+00,4.678924613734523952e+00
1.467906775747069403e+00,1.434683937655770070e+00,4.420345949620868353e+00
1.459245145380350328e+00,1.415527204354562585e+00,4.129717630629249570e+00
1.434819450692549569e+00,1.385309382044621396e+00,3.806304461048781285e+00
1.392031680928035531e+00,1.344483341224135486e+00,3.450012201148848323e+00
1.328885154062267038e+00,1.293779940592830968e+00,3.061221794708945509e+00
1.244503843350685202e+00,1.233978818072429817e+00,2.640883483124319753e+00
1.139367590891555038e+00,1.165833155378637631e+00,2.190817891844194509e+00
1.015056728436263045e+00,1.090164146124918076e+00,1.713949899080567496e+00
8.737398229506633252e-01,1.007962735847689029e+00,1.214336254186459296e+00
7.178922316706501938e-01,9.203407318301263240e-01,6.970399299635005042e-01
5.505343936786892822e-01,8.283970387892561904e-01,1.679573175533135565e-01
3.757611623696504588e-01,7.332063704011857475e-01,-3.663413042138288223e-01
1.990023727523393682e-01,6.359676459011649463e-01,-8.987593352453374651e-01
2.669886716863370535e-02,5.381330802085448894e-01,-1.421851168765708051e+00
-1.343775097495406856e-01,4.414320459929185203e-01,-1.928079332257230050e+00
-2.777741505300552749e-01,3.479295286407286802e-01,-2.410172955457698940e+00
-3.979587746750124500e-01,2.601975797879042540e-01,-2.861533098492046623e+00
-4.910772751697592975e-01,1.814102921044649097e-01,-3.276526355762006126e+00
-5.557664165088811448e-01,1.151719009445575370e-01,-3.650469192035888710e+00
-5.936780584274625738e-01,6.520905016648836927e-02,-3.979230758189780559e+00
-6.097399132153703549e-01,3.518644013323091180e-02,-4.258645235565572840e+00
-6.124925612173659495e-01,2.855986322567249935e-02,-4.484159209404771751e+00
-6.142296373997216952e-01,4.805005486116975533e-02,-4.651144895577402849e+00
-6.298082400111048029e-01,9.463505600810906415e-02,-4.755989022373270814e+00
-6.734840186940730389e-01,1.666872219096025010e-01,-4.797560539323820095e+00
-7.549836164124617000e-01,2.600432659559106519e-01,-4.778337995538032068e+00
-8.772105692424526646e-01,3.689954080249020496e-01,-4.704618396709436823e+00
-1.036897659539445460e+00,4.873472423355025285e-01,-4.585690561991671466e+00
-1.227173459905393393e+00,6.088493673159984798e-01,-4.432258906363474082e+00
-1.439871844222109676e+00,7.272037477682041784e-01,-4.254608202699729169e+00
-1.666430439094903182e+00,8.362041880867764343e-01,-4.061091869665430565e+00
-1.897815788621996624e+00,9.301405818150156879e-01,-3.857431481864874279e+00
-2.124274584264523646e+00,1.004168864102161773e+00,-3.646907850657394867e+00
-2.335183599264866849e+00,1.054501158850592590e+00,-3.431076727713937569e+00
-2.519251643416440700e+00,1.078594383542091473e+00,-3.210592951276669993e+00
-2.665660475966439957e+00,1.075486546694401691e+00,-2.985991853275538954e+00
-2.766174576772946203e+00,1.046149860145468846e+00,-2.758384140688272090e+00
-2.817108099512149355e+00,9.935836468719445591e-01,-2.529896346181969236e+00
-2.819945281587788788e+00,9.224802168143552139e-01,-2.303680074178889647e+00
-2.780488830733742311e+00,8.385150649899212327e-01,-2.083498684101420029e+00
-2.707126501182861134e+00,7.474673294766660536e-01,-1.873040418980995936e+00
-2.608725222478041950e+00,6.544097629854240816e-01,-1.675177054800339294e+00
-2.492764273882942749e+00,5.631632612081967082e-01,-1.491499184586354554e+00
-2.364565641128099305e+00,4.761286064267079565e-01,-1.322413126916873738e+00
-2.227822124166102924e+00,3.944796108496602116e-01,-1.167681728558231047e+00
-2.085495356183080684e+00,3.185699251575156987e-01,-1.026920649499481364e+00
-1.940183416244473547e+00,2.483730505363299090e-01,-8.997383112214882850e-01
-1.794149159352602663e+00,1.838423769382334649e-01,-7.856837991977940749e-01
-1.649570870722047777e+00,1.251344197910303213e-01,-6.842632066327566376e-01
-1.508840220585722758e+00,7.266295873736412780e-02,-5.949795090019611710e-01
-1.374404394590095446e+00,2.701659729592584269e-02,-5.172454175921827879e-01
-1.248315212160828303e+00,-1.117090531321813379e-02,-4.502724515833347874e-01
-1.132058409386796693e+00,-4.136701732193230618e-02,-3.931473218966045069e-01
-1.026679757246045988e+00,-6.335040596676946856e-02,-3.450313420406810327e-01
-9.327165917385743521e-01,-7.744652575133960382e-02,-3.052062620198251475e-01
-8.498555094030170176e-01,-8.460243266740384571e-02,-2.729029046096156375e-01
-7.768369228136965399e-01,-8.617283692056355859e-02,-2.471614013635368146e-01
-7.118744510157026806e-01,-8.353624160903938556e-02,-2.268968548124306872e-01
-6.531173147229735187e-01,-7.778881551566182995e-02,-2.110088952704727849e-01
-5.986414857809042589e-01,-6.965116028070547638e-02,-1.983250671428694878e-01
-5.462487162130942320e-01,-5.956176538952814847e-02,-1.875085700174499992e-01
-4.937858782609508834e-01,-4.787109903833827729e-02,-1.772439761921438539e-01
-4.400112484034647831e-01,-3.503407306695496826e-02,-1.666772584576550198e-01
-3.851442561350583715e-01,-2.168725866170147232e-02,-1.556761322811421877e-01
-3.304582727172346024e-01,-8.565449178875713873e-03,-1.446216639363520906e-01
-2.773496662152602488e-01,3.654460319974994417e-03,-1.339720494850146770e-01
-2.267718948003622781e-01,1.444865871458027307e-02,-1.240238145130219960e-01
-1.792744748489887574e-01,2.344389600444063068e-02,-1.149494937615127971e-01
-1.352008455255957753e-01,3.038142987408862239e-02,-1.068793246802932917e-01
-9.471975113699107607e-02,3.509866709924595179e-02,-9.989139458766843616e-02
-5.780578055986096420e-02,3.751504068519893181e-02,-9.398576754009986545e-02
-2.431826190860479631e-02,3.760647036107078039e-02,-8.910756665746601135e-02
5.907870973985122551e-03,3.540038987340210497e-02,-8.517466401178647173e-02
3.307491594219282016e-02,3.102168713275633982e-02,-8.207747904234367897e-02
5.749476165021384644e-02,2.475163223300497206e-02,-7.968393320901805132e-02
7.961365404540757251e-02,1.702536634367567484e-02,-7.786585755767375105e-02
9.995637113419077180e-02,8.353323275690533942e-03,-7.651752657210821040e-02
1.190389140863898354e-01,-7.690723752995336227e-04,-7.555163224459345017e-02
1.373208609923008416e-01,-9.909654005251431613e-03,-7.489215437495551353e-02
1.552046965566187819e-01,-1.872481744315711294e-02,-7.447981658074287470e-02
1.729898466971687976e-01,-2.699963532611995148e-02,-7.428859546206284525e-02
1.907287545279224839e-01,-3.468738683385903798e-02,-7.434595987648455473e-02
2.081392545841113106e-01,-4.190524975415971937e-02,-7.473744804177742673e-02
2.247925123042916473e-01,-4.888329529413685398e-02,-7.556680275905117150e-02
2.405089432983187892e-01,-5.590558680889092663e-02,-7.687624697229231141e-02
2.555936329071800128e-01,-6.327335436955830450e-02,-7.859116595642232084e-02
2.706828230175498673e-01,-7.129012827342846859e-02,-8.055678334092189474e-02
2.863972762570055064e-01,-8.025118292725556823e-02,-8.264733644065534734e-02
3.031383650565289689e-01,-9.041282837906054748e-02,-8.484411175311146192e-02
3.210887437150632406e-01,-1.019307229985043639e-01,-8.721758923933371765e-02
3.402371018022594673e-01,-1.148014283043726630e-01,-8.987357444872356993e-02
3.603314852167161519e-01,-1.288676337285592222e-01,-9.295468628328409921e-02
3.808537572429374629e-01,-1.438921639701321031e-01,-9.667333397455192545e-02
4.011107710501652934e-01,-1.596163388759873625e-01,-1.012802600623116944e-01
4.204047113217205811e-01,-1.757239813893129443e-01,-1.069832822188401256e-01
4.381616792317890030e-01,-1.917590056255057962e-01,-1.139482793434533903e-01
4.539169749298116452e-01,-2.071412449597366257e-01,-1.224128472981900195e-01
4.671557803655038144e-01,-2.213471914448808531e-01,-1.327504011361295422e-01
4.771504490345288008e-01,-2.341378277586044776e-01,-1.453488192470756835e-01
4.829851271485220421e-01,-2.456416163077310144e-01,-1.603995429068156009e-01
4.837992080574816667e-01,-2.562316717353030349e-01,-1.778030443551164574e-01
4.790573013488578225e-01,-2.663226559387813497e-01,-1.972519738881091944e-01
4.686395889123212699e-01,-2.762489614324252218e-01,-2.183805177904265538e-01
4.527525953965574890e-01,-2.862574506616161751e-01,-2.408663937424340706e-01
4.318181238715925740e-01,-2.965305465460673084e-01,-2.644611706926061068e-01
4.064537227691501498e-01,-3.071799618568974433e-01,-2.889643778358016446e-01
3.775247043783350187e-01,-3.182463771462595847e-01,-3.141619211227867359e-01
3.461688372925855184e-01,-3.297505098302218052e-01,-3.397771787233202501e-01
3.137121051794107829e-01,-3.417604075856854884e-01,-3.654843665812879117e-01
2.815137544901966660e-01,-3.544156854593407679e-01,-3.909543079511131891e-01
2.509074470907453058e-01,-3.679272447873269680e-01,-4.158370840684838532e-01
2.233208926220818236e-01,-3.825977259152938403e-01,-4.396694963151879798e-01
2.003565482640502493e-01,-3.988075647800485291e-01,-4.618545304930793405e-01
1.835188572926763073e-01,-4.168713076768988945e-01,-4.818467950433391600e-01
1.736532268140479340e-01,-4.368301292472422936e-01,-4.994408031535690351e-01
1.705829209948933611e-01,-4.583872162643010673e-01,-5.149000142585979933e-01
1.732863499221039549e-01,-4.810421653874158432e-01,-5.288271280937005825e-01
1.804145212828281442e-01,-5.042177866557031596e-01,-5.419450864342612029e-01
1.907184632203501873e-01,-5.272039546783851005e-01,-5.549671750043362328e-01
2.032283504295114285e-01,-5.490424300926108891e-01,-5.685339470845274246e-01
2.172972453693206574e-01,-5.685947888280746820e-01,-5.831346048398491355e-01
2.325829485560663712e-01,-5.847991539941003181e-01,-5.990621626631702501e-01
2.489461295072257219e-01,-5.968860613302935381e-01,-6.164823929440991224e-01
2.663089657703553437e-01,-6.044059054165360489e-01,-6.355403957936732739e-01
2.845740509373914096e-01,-6.071502033546715138e-01,-6.563580145722893722e-01
3.036102262542293984e-01,-6.050924078756330093e-01,-6.789322156701982358e-01
3.232374770424305543e-01,-5.983290882120108067e-01,-7.030916849504814659e-01
3.432128764356871531e-01,-5.869330598703357271e-01,-7.285854423608708608e-01
3.632849601430380715e-01,-5.707462292316695107e-01,-7.552027137121593015e-01
3.833130568240519231e-01,-5.492684962710544516e-01,-7.828122704596521819e-01
4.033554459900866584e-01,-5.217604645704680966e-01,-8.113429443448406664e-01
4.236599503025737512e-01,-4.875200444780384279e-01,-8.407819085660978020e-01
4.445883698806677997e-01,-4.461851858600494047e-01,-8.711812189712484500e-01
4.665386686448398379e-01,-3.979191062485896158e-01,-9.026118864505040529e-01
4.898853872796388176e-01,-3.433973585790047744e-01,-9.350946934940004285e-01
5.149255939784685987e-01,-2.836112299889775867e-01,-9.686157548568052889e-01
5.418321645206709558e-01,-2.196216568322391094e-01,-1.003239136201262260e+00
5.706344728161560909e-01,-1.524440119745613664e-01,-1.039179086818451392e+00
6.012325211626893262e-01,-8.311828643152602281e-02,-1.076731126640385838e+00
6.334305965767420554e-01,-1.282654509869513015e-02,-1.116152030346877710e+00
6.669816524409820646e-01,5.711306945914015887e-02,-1.157642973246403528e+00
7.016380315659046518e-01,1.253876397056998826e-01,-1.201431053590908293e+00
7.371843962402694350e-01,1.908396558561595568e-01,-1.247801448472575236e+00
7.734306693207699812e-01,2.525300998316683532e-01,-1.297012806797448015e+00
8.101951639212492395e-01,3.097282518096030612e-01,-1.349202369370388732e+00
8.473305895083342865e-01,3.618867886219177543e-01,-1.404398478213783052e+00
8.847730868894689849e-01,4.086285365708022810e-01,-1.462603156025160889e+00
9.225287770333359116e-01,4.497287802359513642e-01,-1.523823380027325092e+00
9.605800939268818173e-01,4.850653792915464724e-01,-1.588034096608186951e+00
9.988102683049692176e-01,5.145415022808039751e-01,-1.655177806311633582e+00
1.037025777530405923e+00,5.380419840540643373e-01,-1.725252910503527470e+00
1.075028622268242584e+00,5.554875027375359986e-01,-1.798399880410972429e+00
1.112646411458900086e+00,5.669575244480906662e-01,-1.874881557917225994e+00
1.149710283935320154e+00,5.727584173957710467e-01,-1.954980572109948689e+00
1.186030466327858024e+00,5.733500429216262795e-01,-2.038913273093295953e+00
1.221389823311150646e+00,5.691847190415612046e-01,-2.126816244947236090e+00
1.255545409759582842e+00,5.605913430874576164e-01,-2.218803961168342997e+00
1.288242828087475811e+00,5.477742951446111785e-01,-2.315067329661989692e+00
1.319250102036114480e+00,5.308848753097179518e-01,-2.415942372578485209e+00
1.348387274113608925e+00,5.100827043215301337e-01,-2.521885077417911347e+00
1.375521100066142033e+00,4.855436296860525247e-01,-2.633402528529402264e+00
1.400527070121169393e+00,4.574234422214225049e-01,-2.751056581549821800e+00
1.423239435430709410e+00,4.258201363221590929e-01,-2.875528585996781850e+00
1.443388898713360291e+00,3.907975408141843299e-01,-3.007607967904313284e+00
1.460519145198857283e+00,3.525124708233239312e-01,-3.148087285644724620e+00
1.473922584480789499e+00,3.113862520093566566e-01,-3.297719561315100467e+00
1.482680874715733399e+00,2.681597916463167586e-01,-3.457287889905441780e+00
1.485829732196114694e+00,2.237446136391730844e-01,-3.627607987514024135e+00
1.482537847685333698e+00,1.790129197013975437e-01,-3.809343482472948850e+00
1.472199872581632096e+00,1.347479511543980824e-01,-4.002789677802592649e+00
1.454508435926600951e+00,9.173667250943573492e-02,-4.207828406484721562e+00
1.429584960767632751e+00,5.077447608745777607e-02,-4.424033038835752052e+00
1.397996566876810398e+00,1.254663724539906156e-02,-4.650798851975076253e+00
1.360394190960463323e+00,-2.232406912075557415e-02,-4.887484632509861981e+00
1.316906642838718611e+00,-5.290604401663667744e-02,-5.133566155800209252e+00
1.266841657616986083e+00,-7.759432070528182734e-02,-5.388655836980278835e+00
1.209006444273560632e+00,-9.419399195726829710e-02,-5.652251582865074120e+00
1.142317468338059250e+00,-1.004136076121517895e-01,-5.923327141378353033e+00
1.066197004882009303e+00,-9.433007281866956362e-02,-6.200032618813883900e+00
9.807021569245313319e-01,-7.456429452185164841e-02,-6.479640753134201958e+00
8.866505648625737646e-01,-4.029783004866693830e-02,-6.758664647651347224e+00
7.857957667640251831e-01,8.655107323265687214e-03,-7.033008693948097800e+00
6.808436002960402966e-01,7.166851086178538388e-02,-7.298065970994027651e+00
5.752049643435510617e-01,1.471025627667925662e-01,-7.548771476522677659e+00
4.725661243800622913e-01,2.322654432814090786e-01,-7.779744268028659704e+00
3.763087413053294306e-01,3.237675838608136125e-01,-7.985680485600045841e+00
2.887747292719460290e-01,4.182595139324178923e-01,-8.161975765889689427e+00
2.106263093170359646e-01,5.131209448542504159e-01,-8.305329550759488200e+00
1.407906409842825113e-01,6.065790526189756005e-01,-8.414088313032829447e+00
7.720754359066805961e-02,6.971825064828645058e-01,-8.488258493476081412e+00
1.793396491630083744e-02,7.830869121966852475e-01,-8.529189787045794446e+00
-3.819399605663020836e-02,8.617301347218635499e-01,-8.538907315341985438e+00
-9.172945369155538486e-02,9.301639234202001560e-01,-8.519194675651338144e+00
-1.432310999750430192e-01,9.857832359337215244e-01,-8.470749457203410770e+00
-1.936490850642513806e-01,1.026797799762477759e+00,-8.392731839230261670e+00
-2.442408835268614631e-01,1.051975818884548719e+00,-8.282766026716872787e+00
-2.963420693996079436e-01,1.059968772891707989e+00,-8.137246825294909058e+00
-3.513563935600729771e-01,1.049069923367264678e+00,-7.951806768430470740e+00
-4.109510135089911032e-01,1.017825450331816484e+00,-7.721848026046878921e+00
-4.771969476115875963e-01,9.660008755259757995e-01,-7.443035718967445646e+00
-5.524807832822724585e-01,8.951398495648619225e-01,-7.111694293668863409e+00
-6.391959064692813719e-01,8.085307545830870968e-01,-6.725163236549093426e+00
-7.393137134172191871e-01,7.109369839576015204e-01,-6.282189736350185072e+00
-8.539549428959762878e-01,6.083482892036966572e-01,-5.783324699102700528e+00
-9.830517170554557982e-01,5.076324918451223800e-01,-5.231215740705378536e+00
-1.125121926333488842e+00,4.158828534219113360e-01,-4.630742546853673147e+00
-1.277163520455586232e+00,3.394925352819836428e-01,-3.988999398477631075e+00
-1.434765306430438647e+00,2.832054874974792025e-01,-3.315116957428818623e+00
-1.592566454484101168e+00,2.494065137442132707e-01,-2.619908069488666946e+00
-1.745008295257728381e+00,2.377924928489756340e-01,-1.915369583216297578e+00
-1.887047493578184243e+00,2.454438704186139020e-01,-1.214096307131948382e+00
-2.014493503773806538e+00,2.672558304790068617e-01,-5.286221391380998558e-01
-2.123973095626462193e+00,2.966736454934135736e-01,1.293131845223086662e-01
-2.212826151064844371e+00,3.266424231002851841e-01,7.494972781603876921e-01
-2.279149218297315205e+00,3.506085735711498286e-01,1.323821355764701169e+00
-2.321907404872593617e+00,3.633681751320484432e-01,1.846576769314919098e+00
-2.340947684417114871e+00,3.615989181340417691e-01,2.314478252770568290e+00
-2.336889876259637511e+00,3.439912410812425159e-01,2.726508017477393242e+00
-2.310952468676997551e+00,3.109897792243574433e-01,3.083656254712043854e+00
-2.264750411848069689e+00,2.643274619445129536e-01,3.388584657275676815e+00
-2.200160150778307067e+00,2.066760401708231387e-01,3.645242974886104825e+00
-2.119378069579579194e+00,1.415562041881523458e-01,3.858496822049935382e+00
-2.025077493039602494e+00,7.321165284662078943e-02,4.033808678268261616e+00
-1.920356290554731782e+00,6.071355713563375556e-03,4.176959205076863135e+00
-1.808405486827969311e+00,-5.601061766738879566e-02,4.293765534339951451e+00
-1.692254141831618597e+00,-1.100850348320044358e-01,4.389777992153218733e+00
-1.574847242976355810e+00,-1.538043056943531051e-01,4.469998154860077122e+00
-1.459165811537173507e+00,-1.851280882112282256e-01,4.538711652609724645e+00
-1.347974330847184321e+00,-2.026653791478873479e-01,4.599499339320236579e+00
-1.243327793769933187e+00,-2.063427314988637851e-01,4.655362034861424192e+00
-1.146357137559957939e+00,-1.975515748795352300e-01,4.708793264849883364e+00
-1.057503520799882413e+00,-1.785419452094463844e-01,4.761716192287427596e+00
-9.768511467129319392e-01,-1.516875157741116587e-01,4.815393208287956028e+00
-9.042435410444948918e-01,-1.192026655844403704e-01,4.870462214025084613e+00
-8.392679105545690632e-01,-8.318978650893943394e-02,4.927090755966864855e+00
-7.813192542348954550e-01,-4.560413922357120509e-02,4.985117774227261656e+00
-7.297333146686275640e-01,-8.100232450748867663e-03,5.044136128774716177e+00
-6.838328632798706952e-01,2.797946686490532242e-02,5.103575486192446498e+00
-6.428585728445497249e-01,6.144783894486199882e-02,5.162790719401700201e+00
-6.059193810230172339e-01,9.121176317505541586e-02,5.221095733089402557e+00
-5.720591571560209587e-01,1.163947174381841920e-01,5.277789636870322099e+00
-5.403641664772051989e-01,1.363990284297456057e-01,5.332317858568790925e+00
-5.099865106884158283e-01,1.507647170858539554e-01,5.384533622383756324e+00
-4.801350116368294785e-01,1.590883929343612224e-01,5.434768595824934323e+00
-4.502351751302762217e-01,1.612991364783342985e-01,5.483523707409789338e+00
-4.202715554563261069e-01,1.581077489718619999e-01,5.531016093929306265e+00
-3.909744186357646534e-01,1.511247435389953542e-01,5.577004280315168039e+00
-3.635632660974530417e-01,1.424749974473165370e-01,5.620973727321909585e+00
-3.392816850910906901e-01,1.342792603048107714e-01,5.662347501536773464e+00
-3.192141767462022273e-01,1.283829593243286660e-01,5.700462022450176747e+00
-3.043920830396880106e-01,1.262416056839422429e-01,5.734486838274172271e+00
-2.956585255551629210e-01,1.286656518732949839e-01,5.763621125500272058e+00
-2.930769177144996185e-01,1.354872581883818650e-01,5.787530257153550295e+00
-2.954645567978868570e-01,1.455466117696831152e-01,5.806605233619255735e+00
-3.007012890400369010e-01,1.571511259991766607e-01,5.821764701467646574e+00
-3.066010239328607057e-01,1.686678292955806624e-01,5.833992063279105800e+00
-3.115036079974138339e-01,1.788473649504199459e-01,5.844015859281392444e+00
-3.141619225570067009e-01,1.868560757309358777e-01,5.852306998560615980e+00
-3.133242968356069191e-01,1.922427653417078108e-01,5.859242704053853501e+00
-3.075963233487579718e-01,1.949529589831565102e-01,5.865219697151534461e+00
-2.956632584589420354e-01,1.953338713373635738e-01,5.870642955429383747e+00
-2.765363360469397236e-01,1.940784070718001297e-01,5.875847579056305392e+00
-2.495985520307200112e-01,1.921139514982267427e-01,5.881032098354019411e+00
-2.145617354460171988e-01,1.904409820983502533e-01,5.886235562491348716e+00
-1.715175348795470178e-01,1.899448501315963433e-01,5.891348597754246796e+00
-1.210199914512681829e-01,1.912579553845178415e-01,5.896146954634248871e+00
-6.396392885196933165e-02,1.947337619061169089e-01,5.900352840599379256e+00
-1.223489066938476810e-03,2.005122905276522927e-01,5.903712319859363511e+00
6.663160070512175182e-02,2.086215170299053900e-01,5.906035505363841587e+00
1.392271482548628203e-01,2.190711397461141408e-01,5.907157304517276053e+00
2.160024282564940723e-01,2.318850899635906959e-01,5.906852312946840655e+00
2.959804504839951278e-01,2.470403039677653290e-01,5.904779564931570413e+00
3.778718751853251678e-01,2.643876965880527230e-01,5.900484911958118417e+00
4.602687673238703425e-01,2.836848785380792215e-01,5.893429545168088701e+00
5.416751408100171084e-01,3.047369329563692775e-01,5.883021814508505365e+00
6.204372535236029051e-01,3.274820381284363480e-01,5.868666675618772643e+00
6.947567264353138317e-01,3.519064430967059343e-01,5.849847905443428253e+00
7.628400852855723446e-01,3.778622367458184250e-01,5.826235075179057255e+00
8.231744153640789818e-01,4.049485337164591137e-01,5.797786060917085038e+00
8.748767297840864821e-01,4.325427430188963918e-01,5.764785492064869565e+00
9.178686123876103053e-01,4.599551281372014078e-01,5.727751466770563127e+00
9.526218952235663284e-01,4.866082170107963734e-01,5.687228075139573846e+00
9.797041809290152337e-01,5.121307737157099194e-01,5.643613135657901125e+00
9.997056137423021571e-01,5.363182573660705277e-01,5.597174790189597182e+00
1.013657816719275129e+00,5.590064790773148218e-01,5.548231393737388828e+00
1.023353378719632500e+00,5.799503802299572630e-01,5.497295883177717002e+00
1.031119265415112674e+00,5.987865170923043490e-01,5.445021124598699913e+00
1.039342738573545644e+00,6.151201205486469537e-01,5.391979243085577522e+00
1.050227297320597275e+00,6.286991042268132990e-01,5.338440630144772214e+00
1.065738879819287277e+00,6.395457359168850164e-01,5.284264928659855975e+00
1.087449336394862964e+00,6.479431214479134393e-01,5.228880131902974959e+00
1.116289420490527373e+00,6.543273026310083562e-01,5.171279631495588447e+00
1.152390442672587945e+00,6.592060691321952604e-01,5.110028533849380494e+00
1.194965124101980525e+00,6.631133516721863241e-01,5.043300975038684797e+00
1.242111772755802646e+00,6.665122382920640742e-01,4.968905148989777310e+00
1.290706338248129192e+00,6.696325961238531743e-01,4.884223069150124275e+00
1.336630678534501904e+00,6.723339849640612709e-01,4.786106247524624990e+00
1.375266400862622307e+00,6.740773340381365220e-01,4.670885482658434285e+00
1.401988422415533897e+00,6.740251022067449416e-01,4.534569802796347915e+00
1.412599487552331556e+00,6.712235809484343729e-01,4.373113639774004469e+00
1.403786475186666438e+00,6.647531403339781431e-01,4.182606608739604326e+00
1.373428722381208278e+00,6.537753337580061164e-01,3.959416132846135916e+00
1.320437949577629277e+00,6.375838317145847700e-01,3.700402658256146893e+00
1.244238829635446741e+00,6.157724961066897151e-01,3.403199362103469294e+00
1.144498268739189584e+00,5.883332700297911888e-01,3.066442395242607866e+00
1.021431012179675246e+00,5.553926695902782207e-01,2.689937330498015200e+00
8.762215432562920903e-01,5.167610475757141719e-01,2.274860757034967040e+00
7.110123000941092064e-01,4.718757540829114916e-01,1.824008626744744177e+00
5.287483137087101159e-01,4.203054199527280210e-01,1.341953082288510402e+00
3.335881324573694018e-01,3.622440305252666581e-01,8.349874475267716756e-01
1.317388781736051340e-01,2.984839085760755406e-01,3.108729353943546769e-01
-6.831994272067931639e-02,2.301374434054671014e-01,-2.215346234049826446e-01
-2.567358785246848796e-01,1.586659141326593192e-01,-7.527277657531530330e-01
-4.236347662211321641e-01,8.616051649551736968e-02,-1.273049344564249230e+00
-5.601349865928155758e-01,1.531968667671335105e-02,-1.773243198696801137e+00
-6.590152231739169197e-01,-5.103372170301734290e-02,-2.244972147914757521e+00
-7.152279620309716091e-01,-1.103982752411890589e-01,-2.681139150146377936e+00
-7.261103848954919560e-01,-1.606062248310715646e-01,-3.075936132391201561e+00
-6.914382213556364842e-01,-1.996588719484402308e-01,-3.424787902458650279e+00
-6.139962064089046212e-01,-2.258006507663734563e-01,-3.724390190757814079e+00
-5.007195999791067553e-01,-2.376998121556572752e-01,-3.972719916542300389e+00
-3.633550122529615178e-01,-2.343050337895746793e-01,-4.168718925145635801e+00
-2.178929820463841871e-01,-2.144567338452625371e-01,-4.311737753232010917e+00
-8.324097979528111146e-02,-1.768714581679076137e-01,-4.401299094599337991e+00
2.046446021421632899e-02,-1.208096194612611196e-01,-4.437550625038523933e+00
7.453499194105939196e-02,-4.697583206122768473e-02,-4.422098122609991577e+00
6.552107916636917828e-02,4.202899083732614116e-02,-4.358612378897719353e+00
-1.167548660895023627e-02,1.419449911557437716e-01,-4.252926073263413542e+00
-1.534641476874669674e-01,2.475377041570594461e-01,-4.112667878479785877e+00
-3.499467613088517171e-01,3.533315704029651450e-01,-3.946484018289291740e+00
-5.881011869529265690e-01,4.540943722056529630e-01,-3.762931139105948120e+00
-8.541639450335173356e-01,5.450240415859719523e-01,-3.569370780235957774e+00
-1.134784504023953033e+00,6.218537249070832384e-01,-3.371274664162047685e+00
-1.417098667397686640e+00,6.811160952403974012e-01,-3.172078877087469273e+00
-1.688250628800053832e+00,7.205555807973851312e-01,-2.973464714702212408e+00
-1.935383308644380573e+00,7.394709178617167034e-01,-2.775931480679028951e+00
-2.146831167526049633e+00,7.388423937553443288e-01,-2.579551882606654800e+00
-2.314069839527609140e+00,7.212665751827804783e-01,-2.384721083222924864e+00
-2.433241162630910281e+00,6.907226748220518520e-01,-2.192679036556669292e+00
-2.505489038162260318e+00,6.520862944537613171e-01,-2.005668808314984286e+00
-2.536084614748855159e+00,6.103323337076869137e-01,-1.826678525633325112e+00
-2.532678908704982135e+00,5.695810581820386354e-01,-1.658814995620133903e+00
-2.503240344076337109e+00,5.323304910095999487e-01,-1.504550948788684117e+00
-2.454410397968350921e+00,4.991772547760094381e-01,-1.365208657137901405e+00
-2.390757434217721134e+00,4.690813887599419862e-01,-1.240875085446322856e+00
-2.314856568606102005e+00,4.399913858374533970e-01,-1.130646947851839945e+00
-2.227887733396260117e+00,4.095773250762447804e-01,-1.033007844407914266e+00
-2.130521148176591772e+00,3.758866111783517594e-01,-9.462236305436211303e-01
-2.023757763159012235e+00,3.378071220834019117e-01,-8.686566313494241687e-01
-1.909262748220734496e+00,2.952606404190670775e-01,-7.988739694177935391e-01
-1.789109123345065999e+00,2.491157879201786329e-01,-7.355693808012816470e-01
-1.665421219820737875e+00,2.009081275623363361e-01,-6.775138451388676986e-01
-1.540328590453874602e+00,1.525012058805478299e-01,-6.236745745871099533e-01
-1.416022873326648890e+00,1.057757825404744834e-01,-5.733615162421841216e-01
-1.294533171917398917e+00,6.236741413615519425e-02,-5.261908184376605790e-01
-1.177328205473303635e+00,2.346475839156163951e-02,-4.818934934225523881e-01
-1.065170941969014295e+00,-1.028958415398131820e-02,-4.401790422910518696e-01
-9.583316944862542153e-01,-3.876111068339329474e-02,-4.007528786648683061e-01
-8.568790507743453411e-01,-6.216956697253127329e-02,-3.633953007449625128e-01
-7.608433380886764352e-01,-8.089039216091173379e-02,-3.279972783348889531e-01
-6.703057309000405306e-01,-9.528904848863556376e-02,-2.945544093381762263e-01
-5.854735921247451458e-01,-1.056416316585302023e-01,-2.631587302241112925e-01
-5.066668720625194799e-01,-1.121616877847002869e-01,-2.339853353399791169e-01
-4.341715477552061664e-01,-1.151089698057815858e-01,-2.072517708423541327e-01
-3.680719777869796983e-01,-1.149063893810282760e-01,-1.831593619454709165e-01
-3.082043280855205625e-01,-1.121770100922806629e-01,-1.618489558802654327e-01
-2.542420867859986333e-01,-1.076667050859884539e-01,-1.433877691770092666e-01
-2.058157697701545052e-01,-1.021041619306673753e-01,-1.277755922481820239e-01
-1.625920785491123122e-01,-9.608878154943144290e-02,-1.149504415466693352e-01
-1.243131930573068422e-01,-9.006027937654945137e-02,-1.047863981275880957e-01
-9.081287589805062122e-02,-8.433853617972078553e-02,-9.708956642018856664e-02
-6.199576869765552334e-02,-7.918167320444040314e-02,-9.160120999142896958e-02
-3.777442524615622077e-02,-7.481131483431457951e-02,-8.801453339793846586e-02
-1.800691983772789717e-02,-7.139292062012000950e-02,-8.600477363100636485e-02
-2.481025251569502627e-03,-6.900679015697963603e-02,-8.525977517321312038e-02
9.069306844871076814e-03,-6.764450757645391887e-02,-8.549314937669419412e-02
1.696160400396385520e-02,-6.721256836405427315e-02,-8.643808129275920571e-02
2.157754234454186196e-02,-6.751272861400438308e-02,-8.783924820083152674e-02
2.334650862481511824e-02,-6.823940003262665699e-02,-8.945569805619435488e-02
2.269004582482105417e-02,-6.906510277326249891e-02,-9.107015319657447983e-02
1.998180404897980517e-02,-6.977926016087879213e-02,-9.250078279690318594e-02
1.557262513601434181e-02,-7.034520654127660033e-02,-9.362225967411730299e-02
9.854606396189086875e-03,-7.082320061169168623e-02,-9.439282650517576145e-02
3.290080983630386258e-03,-7.126703750201221488e-02,-9.486273493530827938e-02
-3.627721111453239416e-03,-7.170298351161649708e-02,-9.514737815046202252e-02
-1.044118596666267565e-02,-7.217092790249653167e-02,-9.538464837848134592e-02
-1.676375834439945353e-02,-7.276302158087530336e-02,-9.571118754647081617e-02
-2.227438562927834195e-02,-7.364248578554319358e-02,-9.626428991124122425e-02
-2.670407221862956815e-02,-7.501373258218459183e-02,-9.718420620924639319e-02
-2.984042167166878201e-02,-7.699401310757733596e-02,-9.859585108529450581e-02
-3.154845467779890389e-02,-7.945931208001666413e-02,-1.005768793673263994e-01
-3.179986644376045501e-02,-8.206635916208862569e-02,-1.031331942737553908e-01
-3.070693426085906869e-02,-8.451542390262310744e-02,-1.061941894909369799e-01
-2.854015532248129969e-02,-8.682652913103941494e-02,-1.096280195416857728e-01
-2.569125527392075031e-02,-8.935861934194566647e-02,-1.132737352850589907e-01
-2.257827945539102668e-02,-9.257321128500187180e-02,-1.169843498244290680e-01
-1.955800898759823755e-02,-9.676414596688338865e-02,-1.206653284019266886e-01
-1.691298119454000271e-02,-1.019208158783717760e-01,-1.242854596100384790e-01
-1.488779387298891366e-02,-1.077421520965874679e-01,-1.278493853426744820e-01
-1.368641835776281818e-02,-1.137634199171292104e-01,-1.313545461652416702e-01
-1.340601023335560166e-02,-1.195413717405220400e-01,-1.347755519701229476e-01
-1.397144594143481452e-02,-1.247979696846951564e-01,-1.380882295492612266e-01
-1.511518428140821643e-02,-1.294378035078366240e-01,-1.412918108196673239e-01
-1.638980519196390692e-02,-1.334715376995310732e-01,-1.443922017958534365e-01
-1.723040415755261803e-02,-1.369596436372244319e-01,-1.473800291642076155e-01
-1.711124404580637720e-02,-1.400258729346584574e-01,-1.502639569376607032e-01
-1.573216273345773644e-02,-1.428732620499278960e-01,-1.531393231621116513e-01
-1.306850471823621518e-02,-1.457273441853091100e-01,-1.561983666792271797e-01
-9.237314048599235689e-03,-1.487330451548873611e-01,-1.596478319705119386e-01
-4.333103541569335859e-03,-1.519011241443403715e-01,-1.636136464447758010e-01
1.630538392044064699e-03,-1.551503211992138476e-01,-1.681137298431368832e-01
8.708469377202834871e-03,-1.583935382014490523e-01,-1.730878450196600971e-01
1.699718479117544312e-02,-1.615907661219605496e-01,-1.784450476242943340e-01
2.654239383064233015e-02,-1.647522029265531818e-01,-1.841383566697798735e-01
3.717802696961765990e-02,-1.679304363825641355e-01,-1.902670061125424916e-01
4.846690840528844468e-02,-1.712292345743104960e-01,-1.971266105098121169e-01
5.987240155658263979e-02,-1.748161781110938451e-01,-2.051293303528280709e-01
7.101418825992629469e-02,-1.789154585099122508e-01,-2.146434859871161338e-01
8.174762481056357943e-02,-1.837754421689768713e-01,-2.258898041900769538e-01
9.203447538825151875e-02,-1.896233580397959917e-01,-2.389574407415322177e-01
1.018173052944589957e-01,-1.966264817173631885e-01,-2.538710985059147163e-01
1.110525205558785256e-01,-2.048758161391530108e-01,-2.706170444505494044e-01
1.198288263458549274e-01,-2.143944625942330040e-01,-2.891199681852266168e-01
1.284142658608544985e-01,-2.251612854168308642e-01,-3.092235667340181848e-01
1.371906191367295580e-01,-2.371413736437378295e-01,-3.307031390785126757e-01
1.465555798180045721e-01,-2.503125286969491436e-01,-3.532946436081292330e-01
1.568672439968670784e-01,-2.646646407362098219e-01,-3.767299752677986668e-01
1.684266058634409924e-01,-2.801594624121875876e-01,-4.007933750848942100e-01
1.814589243679330111e-01,-2.966812559082809830e-01,-4.253963228266222085e-01
1.960933728460118042e-01,-3.140205750654356809e-01,-4.506221694778402287e-01
2.123778596289289666e-01,-3.318781997662653138e-01,-4.766890236045241425e-01
2.303328161447298628e-01,-3.498377544023221208e-01,-5.038383654440433679e-01
2.499845720314270714e-01,-3.673135818039432454e-01,-5.322161682648748338e-01
2.713292053182668750e-01,-3.835529605137795173e-01,-5.618193794959699394e-01
2.942678582379527619e-01,-3.977267829587089465e-01,-5.925417795062516424e-01
3.185992363212662992e-01,-4.090272251209364218e-01,-6.242986395327814186e-01
3.440791037406137898e-01,-4.166791361017995188e-01,-6.571554514807119718e-01
3.704681498911953641e-01,-4.198928279008891096e-01,-6.913622386506210749e-01
3.975260967020053382e-01,-4.178705623344868281e-01,-7.272460724946621102e-01
4.250154569261044291e-01,-4.099115544388302057e-01,-7.650297187679405697e-01
4.527823958871914911e-01,-3.955371906568951879e-01,-8.047228254595244490e-01
4.808705003422018009e-01,-3.745357681447256670e-01,-8.461766467747392495e-01
5.095607067505820709e-01,-3.469137712381833438e-01,-8.892425612967493898e-01
5.393017207331691765e-01,-3.128203939171755321e-01,-9.338872757424484528e-01
5.705914571185752848e-01,-2.725068746201395053e-01,-9.801901999912867591e-01
6.038785160062098978e-01,-2.263299983443474717e-01,-1.028286774249926427e+00
6.395034301504640695e-01,-1.747780012597390797e-01,-1.078354453354867681e+00
6.776682159930675908e-01,-1.184952483597156436e-01,-1.130640654617986351e+00
7.184186602312259140e-01,-5.828313128194617665e-02,-1.185451155963269443e+00
7.616270948617642755e-01,4.935755668121627471e-03,-1.243064242034879197e+00
8.069780918544939841e-01,7.017078102762364100e-02,-1.303639025906386362e+00
8.539810806758008077e-01,1.363955130952758110e-01,-1.367202927257861855e+00
9.020275145160175922e-01,2.025549886964767288e-01,-1.433716074254277384e+00
9.504638485913008417e-01,2.675871886058492910e-01,-1.503137573504929714e+00
9.986225626680822476e-01,3.304759781709897259e-01,-1.575442984076636188e+00
1.045804610397567336e+00,3.902930711222833970e-01,-1.650612877989017235e+00
1.091285321069833003e+00,4.461886439390818637e-01,-1.728638267688831442e+00
1.134389942255917383e+00,4.973621649293523683e-01,-1.809559915175938949e+00
1.174568856164602604e+00,5.430806069232499977e-01,-1.893523026044944935e+00
1.211394326154591639e+00,5.827516716146676767e-01,-1.980811220062244526e+00
1.244542053923070046e+00,6.159807825185157348e-01,-2.071830899755876754e+00
1.273843138923087981e+00,6.425436403030176935e-01,-2.167061711496616638e+00
1.299282965017652280e+00,6.622862745642453808e-01,-2.267034788034343329e+00
1.320754146880181779e+00,6.750270384480987484e-01,-2.372366218125015358e+00
1.337703168404948073e+00,6.805167669447286238e-01,-2.483773593624801990e+00
1.349092122954028028e+00,6.784545955717775634e-01,-2.601987071416133723e+00
1.353789815548085862e+00,6.685366267574616161e-01,-2.727595032306079137e+00
1.350964820971768621e+00,6.505353779943464643e-01,-2.860971695434804118e+00
1.340075316005920447e+00,6.244047850032119484e-01,-3.002358080560901143e+00
1.320600827031291447e+00,5.903687016783890629e-01,-3.152011055246360272e+00
1.291921814269434199e+00,5.489442279336798070e-01,-3.310304331990421733e+00
1.253429472224021568e+00,5.008916703810164517e-01,-3.477756458798373806e+00
1.204625803994025635e+00,4.471190049389912047e-01,-3.655015993912173577e+00
1.145079721146393226e+00,3.885908174056564302e-01,-3.842816483085814472e+00
1.074346100916923064e+00,3.263169509480797759e-01,-4.041906874088867951e+00
9.919763139433378507e-01,2.614575462040563680e-01,-4.252972403405924418e+00
8.976326030903258868e-01,1.954403141778691122e-01,-4.476540009899959038e+00
7.912382995602983415e-01,1.299164487601576212e-01,-4.712857683426692645e+00
6.730653348340965847e-01,6.654439527724176351e-02,-4.961793763254257250e+00
5.437304227076100727e-01,6.781988990756993019e-03,-5.222814641630230348e+00
4.042444050158813251e-01,-4.820715765078276149e-02,-5.494990248857039461e+00
2.562565838364865289e-01,-9.760597666730297384e-02,-5.776912001871184366e+00
1.023143375275714639e-01,-1.409545400113496605e-01,-6.066549770334503933e+00
-5.422571066796644246e-02,-1.779593343179970422e-01,-6.361231355754708439e+00
-2.096317533596856464e-01,-2.081334226419331301e-01,-6.657807901484575019e+00
-3.601210163035248879e-01,-2.306395773154314988e-01,-6.952804184615531291e+00
-5.017815598625099405e-01,-2.445820053072096378e-01,-7.242351918805644218e+00
-6.303264902521648061e-01,-2.495123932572864689e-01,-7.521987021115828398e+00
-7.410537089760089735e-01,-2.457983883277328196e-01,-7.786546247357936323e+00
-8.291360154833098406e-01,-2.347803530016221440e-01,-8.030253602279838532e+00
-8.902218926452545311e-01,-2.187049669872318525e-01,-8.246931334093137167e+00
-9.212334162475253052e-01,-2.003198680780986507e-01,-8.430301620582012490e+00
-9.210122225071799562e-01,-1.822831872722708857e-01,-8.574403519482364899e+00
-8.905138373042453814e-01,-1.668440054153662588e-01,-8.674117630344357011e+00
-8.327493138959138896e-01,-1.558540758656848935e-01,-8.725753905483427886e+00
-7.528080058548698439e-01,-1.506464365452472309e-01,-8.727593346023596155e+00
-6.577318152231712567e-01,-1.517071269611539042e-01,-8.680108452802377528e+00
-5.558114364211732550e-01,-1.587090606954130734e-01,-8.585556963476868475e+00
-4.555791252871235208e-01,-1.710294495480320087e-01,-8.446993611337154206e+00
-3.651582570838045605e-01,-1.880339050953238056e-01,-8.267151775031729599e+00
-2.919144288812054455e-01,-2.088241193759771130e-01,-8.047617255786761348e+00
-2.418062792291193475e-01,-2.321597773404804610e-01,-7.788402733838145409e+00
-2.185154235226711705e-01,-2.569472722247015395e-01,-7.487936514147572886e+00
-2.231811605066478243e-01,-2.825067813459642974e-01,-7.143571499683181614e+00
-2.550346342785636544e-01,-3.079445553630132393e-01,-6.752593525324051882e+00
-3.122362554248572231e-01,-3.312740192659566207e-01,-6.313395474449800204e+00
-3.922373530998481961e-01,-3.492775139204649104e-01,-5.826397601401815507e+00
-4.917345241072217377e-01,-3.580901168740732166e-01,-5.294519173874220996e+00
-6.065766419704550216e-01,-3.539007594377551746e-01,-4.723240389577145315e+00
-7.317657396743253440e-01,-3.336181191299437132e-01,-4.120370375844394140e+00
-8.616462627525411921e-01,-2.956015896431191115e-01,-3.495639056177943793e+00
-9.904319644235781706e-01,-2.401754988339313557e-01,-2.860198599590575874e+00
-1.112921120908486383e+00,-1.695982095180958993e-01,-2.226033171301278646e+00
-1.224926154407291801e+00,-8.767715195020590879e-02,-1.605227787988162458e+00
-1.323198244186382766e+00,6.013670933998141455e-04,-1.009131064144925372e+00
-1.405156764724289076e+00,8.942269028585646262e-02,-4.475502678322468841e-01
-1.468784569907597426e+00,1.726169116164794626e-01,7.189871892883670235e-02
-1.512689798549397890e+00,2.441829024434197803e-01,5.442179991154141305e-01
-1.536197957553758098e+00,2.987784248935617670e-01,9.671536611860143129e-01
-1.539441106637388090e+00,3.322220603162591712e-01,1.341001958862416021e+00
-1.523307750285727957e+00,3.418387450092179591e-01,1.668267688377967239e+00
-1.488992598218461083e+00,3.262887920297408706e-01,1.953371295222797954e+00
-1.437296102623409233e+00,2.850684197715611101e-01,2.202260679331765836e+00
-1.368413943438296476e+00,2.185926447056951438e-01,2.421540856606843484e+00
-1.282701028274850108e+00,1.293246045180559411e-01,2.617163196797522851e+00
-1.181816600788525573e+00,2.295578246330964856e-02,2.793448479932252315e+00
-1.069116120266080161e+00,-9.191453664516768818e-02,2.953183936896835338e+00
-9.489520654036378566e-01,-2.057616464012183566e-01,3.098495478295232974e+00
-8.256815165233032383e-01,-3.102113100276634450e-01,3.231391365137013416e+00
-7.031955196902242022e-01,-3.988659530621266325e-01,3.353492606218926753e+00
-5.847914797018521904e-01,-4.673943359579753043e-01,3.465790810811278266e+00
-4.727129911281084951e-01,-5.141622673644521413e-01,3.569370058934989043e+00
-3.674239523248561401e-01,-5.411900479537934405e-01,3.666551169172035607e+00
-2.675246424575430382e-01,-5.538176873868164707e-01,3.760962039033183046e+00
-1.707812954176353148e-01,-5.585109321843833019e-01,3.856179047836547635e+00
-7.551711747166800492e-02,-5.603739852665101662e-01,3.954312018590210087e+00
1.872641840315325545e-02,-5.621326720158101864e-01,4.055796482695457783e+00
1.114392463687121637e-01,-5.645978914185083575e-01,4.160077941415766922e+00
2.016432346526733088e-01,-5.674770613663759899e-01,4.266166491663886617e+00
2.880706208360164222e-01,-5.697987357080037674e-01,4.372735368932571198e+00
3.689304071386749762e-01,-5.698503761660438371e-01,4.477999444382158245e+00
4.415191344037172616e-01,-5.648595182495503852e-01,4.579530839835420863e+00
5.022303623735318023e-01,-5.511441279715887376e-01,4.674327795975813160e+00
5.474657296966782827e-01,-5.254470977109010343e-01,4.759652437597620356e+00
5.750916697005588052e-01,-4.868471935021547181e-01,4.834389095311777851e+00
5.852650288602185835e-01,-4.375479204807696254e-01,4.899710117860444747e+00
5.799947438097343699e-01,-3.818780760005781039e-01,4.958372584599169741e+00
5.620962985451762872e-01,-3.246366286031509008e-01,5.013416372283439060e+00
5.343646355307929419e-01,-2.698844594826795285e-01,5.067253435157407893e+00
4.989076364409397168e-01,-2.200638223165957141e-01,5.121160595123183334e+00
4.564723583052332501e-01,-1.753668158334524274e-01,5.174945317735091699e+00
4.063905572100330321e-01,-1.341616143412535100e-01,5.227187072384333888e+00
3.476340468361263092e-01,-9.468147413367127008e-02,5.276264303864930838e+00
2.801574937955071398e-01,-5.654658381908828774e-02,5.321325716735993083e+00
2.052712249538264366e-01,-2.075181521803118323e-02,5.362306643988066668e+00
1.250148591614363980e-01,1.135744211962788630e-02,5.399313631422261395e+00
4.153514169552918744e-02,3.867966694569341390e-02,5.432330877271454028e+00
-4.302779718249949426e-02,6.021220377856251194e-02,5.461436419428744138e+00
-1.265209324337508434e-01,7.498036265114149668e-02,5.486960344377741272e+00
-2.069221004701637945e-01,8.242093561004992797e-02,5.509310531076346606e+00
-2.824533935848907440e-01,8.270241884463980231e-02,5.528747738096008391e+00
-3.515665006789099323e-01,7.654368003330941361e-02,5.545329858783172305e+00
-4.130470167207622723e-01,6.479513439385237161e-02,5.558947984178212565e+00
-4.662978746986223832e-01,4.827338687622978464e-02,5.569428047654575664e+00
-5.114226442113187776e-01,2.793578768140558832e-02,5.576797871143067020e+00
-5.488400053582287441e-01,5.073524843243970572e-03,5.581611582632085344e+00
-5.787527495031925540e-01,-1.875971760226513574e-02,5.584989954854435723e+00
-6.010107970386311393e-01,-4.196805264308534067e-02,5.588255064210606804e+00
-6.153983853290547756e-01,-6.291027674694416039e-02,5.592492177853250368e+00
-6.218355422368668783e-01,-7.962529497291659375e-02,5.598427753109592508e+00
-6.201824594173555028e-01,-8.980182136479586408e-02,5.606580256798208595e+00
-6.099922905557448871e-01,-9.138948174689742743e-02,5.617329579171951082e+00
-5.906965291521761863e-01,-8.337949132074429226e-02,5.630779624883786916e+00
-5.620735047954217301e-01,-6.591430285936539235e-02,5.646678936480079791e+00
-5.243438362365502314e-01,-3.973444661353253693e-02,5.664631698390520498e+00
-4.776430068898245285e-01,-5.818612729107774939e-03,5.684447418716510825e+00
-4.214634741529634798e-01,3.444202312986477388e-02,5.706291298607256479e+00
-3.548301839961838233e-01,7.924426572550413717e-02,5.730503257977160203e+00
-2.772170015101753648e-01,1.270654446015151429e-01,5.757236919813461640e+00
-1.894128819506397665e-01,1.773785170372486064e-01,5.786170297173558019e+00
-9.360072400712371454e-02,2.304638552385318562e-01,5.816473865503928309e+00
7.290962628295094561e-03,2.865245083838030560e-01,5.847030042476108136e+00
1.102606195993520721e-01,3.451370257167878375e-01,5.876657524327936422e+00
2.124013005419340683e-01,4.054739535467610789e-01,5.904084147161945850e+00
3.107609407055278439e-01,4.667360509931333112e-01,5.927769219383261401e+00
4.024879265246152915e-01,5.281847520533280438e-01,5.945975720935680719e+00
4.854223706731786159e-01,5.888595611143956354e-01,5.957232856514586672e+00
5.585763424413900946e-01,6.474262309510288027e-01,5.960778912630334325e+00
6.219283480442421297e-01,7.023255076908838657e-01,5.956510786969793969e+00
6.757548920188960473e-01,7.520608402973751883e-01,5.944519061477676836e+00
7.202985698129658054e-01,7.954710255242185557e-01,5.924703923312923948e+00
7.561039005943257507e-01,8.319356781041744586e-01,5.896731766368098704e+00
7.844476766059051975e-01,8.614007106438854589e-01,5.860135548690267093e+00
8.072008053829342611e-01,8.841145350240471323e-01,5.814315983516508801e+00
8.262839215259385472e-01,9.002524188327503119e-01,5.758487133897758348e+00
8.434174171027355449e-01,9.098103375290338413e-01,5.691723607315834599e+00
8.603797215494994877e-01,9.128537310311337638e-01,5.613090705180965756e+00
8.792390040260698036e-01,9.097786540569261504e-01,5.521695739983686124e+00
9.020707775049110477e-01,9.013312398568447126e-01,5.416581718563156400e+00
9.303471882860432363e-01,8.885297017759505867e-01,5.296550498120058847e+00
9.644937687246061264e-01,8.726255994368514735e-01,5.160053504975750549e+00
1.003745080561948999e+00,8.549174126215624003e-01,5.005190656709351593e+00
1.046055145497772898e+00,8.363091394848360949e-01,4.829729933302585820e+00
1.087972817853491536e+00,8.169404351439053524e-01,4.631067637765623246e+00
1.124772438227220839e+00,7.962191714157220712e-01,4.406216655607733124e+00
1.151127193771297019e+00,7.730978515828856867e-01,4.152007201903693101e+00
1.162174789406000608e+00,7.462520451331062787e-01,3.865513970318955828e+00
1.154476470223425366e+00,7.141747202309587372e-01,3.544479204992997179e+00
1.126471463670148276e+00,6.753975135715145628e-01,3.187529501515631303e+00
1.078356106810052895e+00,6.287545624979703485e-01,2.794237075398856796e+00
1.011542425079585472e+00,5.734030555668711004e-01,2.365192847665775311e+00
9.280404823143737492e-01,5.086309405534052974e-01,1.902149272203219832e+00
8.302948522585087421e-01,4.338381638991329892e-01,1.408195401124495039e+00
7.217532126063637143e-01,3.488855621802241513e-01,8.879243175861174509e-01
6.076319729805053083e-01,2.544949732184358937e-01,3.475062894804011870e-01
4.948939783016771954e-01,1.522595946581022375e-01,-2.054573440086363556e-01
3.911796041023590242e-01,4.426324592560182403e-02,-7.622787013020797531e-01
3.035169855383423321e-01,-6.726534360474711871e-02,-1.313528713259608738e+00
2.376144053601474682e-01,-1.799531430596384984e-01,-1.849288379150313855e+00
1.975458200664694242e-01,-2.910705191371583123e-01,-2.359455412901524163e+00
1.851876023224311441e-01,-3.973952283047192946e-01,-2.834210480198463777e+00
1.993505933235894534e-01,-4.951902092482196593e-01,-3.264445489822331403e+00
2.350993931468551845e-01,-5.801564378741488337e-01,-3.641899977145803824e+00
2.835662343302446375e-01,-6.474326303502242475e-01,-3.959098158256705524e+00
3.323238962587290457e-01,-6.919739713720054475e-01,-4.209486530773271618e+00
3.666451002290647132e-01,-7.094749956921193590e-01,-4.388064872409099593e+00
3.720352115731322407e-01,-6.974912480930754999e-01,-4.492419485436438542e+00
3.375019071307847618e-01,-6.561193705457402103e-01,-4.523741383615220712e+00
2.578934956983621740e-01,-5.878524060544509933e-01,-4.487322585030705469e+00
1.339143773783502134e-01,-4.967842715158565792e-01,-4.392207542345667015e+00
-2.977309046642084844e-02,-3.876988442603803708e-01,-4.250045230955388220e+00
-2.265741457780244827e-01,-2.655145907320124454e-01,-4.073493934926011306e+00
-4.489179207968251317e-01,-1.352058902408732610e-01,-3.874593102163503389e+00
-6.884860816705768993e-01,-1.979493096009754538e-03,-3.663435409469307125e+00
-9.364736004549915060e-01,1.286311874477006345e-01,-3.447399942126087247e+00
-1.183840803990399593e+00,2.509600130225269066e-01,-3.231070440616253592e+00
-1.421214394696453498e+00,3.596870015152667799e-01,-3.016712076687085631e+00
-1.638875637185035705e+00,4.504768760134696959e-01,-2.805058148747689106e+00
-1.827703792875246425e+00,5.206096049690285277e-01,-2.596290756375889242e+00
-1.981036588012140331e+00,5.693918156953190479e-01,-2.391134105077082239e+00
-2.096263527443391617e+00,5.981399032622369827e-01,-2.191679387372668764e+00
-2.175052324407016791e+00,6.096826064995277683e-01,-2.001396676693132815e+00
-2.222166333094466317e+00,6.075792206674921481e-01,-1.824241842003307967e+00
-2.243579251866500979e+00,5.953713689452597713e-01,-1.663422837880594862e+00
-2.244610673168829784e+00,5.760821867184898748e-01,-1.520490362420422459e+00
-2.228623527933051740e+00,5.519819746948082528e-01,-1.395007171040425931e+00
-2.196767105396383091e+00,5.245481756434240417e-01,-1.284803052027577941e+00
-2.149005804921440888e+00,4.945825813926643111e-01,-1.186843868302414062e+00
-2.085906932146731840e+00,4.624564594324282463e-01,-1.098476248275040312e+00
-2.009874938165629565e+00,4.283731595958776284e-01,-1.018301598570098498e+00
-1.924893225461450808e+00,3.925300298335676619e-01,-9.460860772443204780e-01
-1.835427648855687544e+00,3.552060801820511871e-01,-8.820947828835246085e-01
-1.746002017250002813e+00,3.168745021532937134e-01,-8.267814189542616043e-01
-1.661719572829440050e+00,2.782999221854228766e-01,-7.810435345164130627e-01
-1.588516857214543609e+00,2.404919267472045985e-01,-7.463865571831036494e-01
-1.532584106485642694e+00,2.045389351539701195e-01,-7.246613551038680878e-01
-1.499857595517942288e+00,1.714534189452451840e-01,-7.178169863927821304e-01
-1.495730669542630231e+00,1.420164450250152033e-01,-7.277365721206131566e-01
-1.522917054783392121e+00,1.165537416103110541e-01,-7.550945702152953576e-01
-1.522953481389778707e+00,1.165165105356141401e-01,-7.550268450177533008e-01
-1.522916804059745610e+00,1.165538374002305089e-01,-7.550950611027971160e-01
