-4.217371703300073493e-01,-2.018401100013951510e-01,-2.252390760028391004e+00
-4.298876375484765866e-01,-2.007484359049174771e-01,-2.296575842642073706e+00
-4.368326713880907874e-01,-1.978495983986326978e-01,-2.335600952851424772e+00
-4.432905509066583649e-01,-1.942324330238634489e-01,-2.371014412173952035e+00
-4.498427575881194240e-01,-1.915496651671868000e-01,-2.404063797461324370e+00
-4.580416116054509823e-01,-1.917320763600207090e-01,-2.436001336224680625e+00
-4.694014063204695608e-01,-1.963729239091313028e-01,-2.467838578542383754e+00
-4.843854062192203269e-01,-2.065448191699123526e-01,-2.500336995248699790e+00
-5.029109208315758472e-01,-2.230684890863099956e-01,-2.534132537306289734e+00
-5.251255309551571271e-01,-2.467302597093639083e-01,-2.569658168377880081e+00
-5.513986384038551680e-01,-2.783100574307192931e-01,-2.607127756615429615e+00
-5.820612304998664666e-01,-3.185361115110207919e-01,-2.646718499262585400e+00
-6.173492039511283558e-01,-3.678676217738091614e-01,-2.688631768820398005e+00
-6.572551026045702072e-01,-4.260630607072978804e-01,-2.732937892673620972e+00
-7.012856564771385859e-01,-4.919191127613501968e-01,-2.779487005400222088e+00
-7.485490814124171610e-01,-5.635674104182164523e-01,-2.828001081124358329e+00
-7.981460177071018069e-01,-6.391257750924006498e-01,-2.878186763199499065e+00
-8.494000518652170539e-01,-7.171130331724689944e-01,-2.929763427113033281e+00
-9.017816859664751217e-01,-7.963279443720193695e-01,-2.982430878393543150e+00
-9.547597167221553160e-01,-8.754251816019610333e-01,-3.035811840145292706e+00
-1.007694609549382614e+00,-9.526133360753880064e-01,-3.089413211503232226e+00
-1.059721637839093900e+00,-1.025707027272018124e+00,-3.142655536774582092e+00
-1.109709598455977719e+00,-1.092492617840791214e+00,-3.194955499181198810e+00
-1.156469906573528661e+00,-1.151212299177973630e+00,-3.245794505059706125e+00
-1.199151062153324343e+00,-1.200927227890223659e+00,-3.294733195308395590e+00
-1.237497839800029142e+00,-1.241571775902413188e+00,-3.341387311483072331e+00
-1.271767308203346714e+00,-1.273682357296648693e+00,-3.385403234230548897e+00
-1.302436783017008937e+00,-1.297984540501781803e+00,-3.426446376170618979e+00
-1.329974404741984806e+00,-1.315063924254396666e+00,-3.464183896847581323e+00
-1.354755484602809368e+00,-1.325193639820880787e+00,-3.498254737678395898e+00
-1.376996321369703402e+00,-1.328236760433316066e+00,-3.528256043970699807e+00
-1.396588835446252785e+00,-1.323552037484923449e+00,-3.553770201061610123e+00
-1.412861992074814665e+00,-1.309934873587599746e+00,-3.574401271824534376e+00
-1.424358691903387486e+00,-1.285651411140993128e+00,-3.589761002067599627e+00
-1.428689232712311741e+00,-1.248565670574579789e+00,-3.599405970199709870e+00
-1.422579894779321563e+00,-1.196378877106341942e+00,-3.602820635618626532e+00
-1.402391301117267952e+00,-1.127122917150537917e+00,-3.599530556371697720e+00
-1.365257251203852773e+00,-1.039979260260300853e+00,-3.589278810956023857e+00
-1.310304352811001882e+00,-9.360256917044038616e-01,-3.572063316737496663e+00
-1.238802606393685002e+00,-8.181516401608970313e-01,-3.547912461050819921e+00
-1.152741618571916593e+00,-6.899248358965688332e-01,-3.516545817988651734e+00
-1.053039678851771965e+00,-5.543502328787068834e-01,-3.477238590569578847e+00
-9.392984277058666898e-01,-4.137536006772499775e-01,-3.429052546068199092e+00
-8.114170474057318394e-01,-2.707961703643183560e-01,-3.371253702535884411e+00
-6.712869894714996732e-01,-1.293408170376950661e-01,-3.303584122561014524e+00
-5.229054535739023901e-01,5.794327839173218919e-03,-3.226241504585873887e+00
-3.712389690145294630e-01,1.297984803973952772e-01,-3.139694472166570272e+00
-2.212387942475293467e-01,2.386026826698302017e-01,-3.044521773702300482e+00
-7.752656691199721894e-02,3.291096536007733775e-01,-2.941327425325243272e+00
5.573450836371751649e-02,3.992475587901855860e-01,-2.830682284663531334e+00
1.750233521107787960e-01,4.479960426130229489e-01,-2.713070478212737058e+00
2.774105288263140623e-01,4.752417745238802782e-01,-2.588864206658123557e+00
3.602689091272752719e-01,4.815053703726261958e-01,-2.458323677385935380e+00
4.212210318656085528e-01,4.678177884622566340e-01,-2.321586306141750544e+00
4.585437503105131429e-01,4.358236842594692684e-01,-2.178653292878994563e+00
4.716599604276395241e-01,3.878549810428173483e-01,-2.029439894597535154e+00
4.613015031964800006e-01,3.267626078287496627e-01,-1.873904644545716147e+00
4.293583348004962330e-01,2.556220971871134839e-01,-1.712150287264575077e+00
3.786553003165179510e-01,1.775592932788888634e-01,-1.544390221218711723e+00
3.127379639453977123e-01,9.573588916154252004e-02,-1.370848831697447201e+00
2.355848974884858782e-01,1.331483789573928433e-02,-1.191776000587761786e+00
1.512358928485455223e-01,-6.672612158811386252e-02,-1.007613910719491468e+00
6.347306019777998465e-02,-1.418604727136995869e-01,-8.191415641157792082e-01
-2.431719872656634696e-02,-2.102077451289848242e-01,-6.274448023310839062e-01
-1.091338285054284651e-01,-2.706024842434573419e-01,-4.337704112414367263e-01
-1.883400981925488216e-01,-3.225620991113596348e-01,-2.394101719402297601e-01
-2.596925655194858851e-01,-3.661508088937122096e-01,-4.564660673978356009e-02
-3.213561880516955793e-01,-4.017317635732625125e-01,1.462963074152523191e-01
-3.718691644688281173e-01,-4.296948421977872523e-01,3.353054765009769733e-01
-4.101475771027147665e-01,-4.503086288896141487e-01,5.204012369864674525e-01
-4.356120274149860583e-01,-4.637488138232025436e-01,7.007452417127890687e-01
-4.483444816626310780e-01,-4.702041259771828630e-01,8.756704258479577341e-01
-4.491001252926783982e-01,-4.699377831771230918e-01,1.044713163599421568e+00
-4.391571235234180692e-01,-4.632978397908261714e-01,1.207606626466535271e+00
-4.201604655144562939e-01,-4.507614068669170693e-01,1.364254338543505973e+00
-3.940294464443448996e-01,-4.330378178886069573e-01,1.514732501249319130e+00
-3.627822193748864721e-01,-4.111065249710479375e-01,1.659314597658662738e+00
-3.281641586188856485e-01,-3.860369302231461131e-01,1.798466629442450060e+00
-2.912878834419367347e-01,-3.586488292257375976e-01,1.932789594650904608e+00
-2.526608386649968341e-01,-3.293225574310258974e-01,2.062929281385917690e+00
-2.126619367440714115e-01,-2.981923703262655545e-01,2.189482758701084109e+00
-1.720389698013453650e-01,-2.655439905128210709e-01,2.312929647519819554e+00
-1.319452048692802970e-01,-2.319826993144905591e-01,2.433611153844863484e+00
-9.351849935518841139e-02,-1.982074713923096532e-01,2.551749160602603261e+00
-5.744951024629596503e-02,-1.646783043597126461e-01,2.667472797000473683e+00
-2.389462970688382981e-02,-1.315126841018328108e-01,2.780845071525735790e+00
7.314294907553420266e-03,-9.862072369232888214e-02,2.891910513427956353e+00
3.640369740221527373e-02,-6.589709252841080556e-02,3.000751872694914724e+00
6.347603539783830406e-02,-3.337543488763028421e-02,3.107505078005694976e+00
8.845785085745450083e-02,-1.310673780932081200e-03,3.212321508798552827e+00
1.112195864347080843e-01,2.988524068400355560e-02,3.315327742307750292e+00
1.318178322431646787e-01,5.983608127677286781e-02,3.416613984187658382e+00
1.506534594784543213e-01,8.834239885812733561e-02,3.516235879298732492e+00
1.683668650698533220e-01,1.153644999154868067e-01,3.614236222043455626e+00
1.855436888042392152e-01,1.409538050357528327e-01,3.710709972404973023e+00
2.024824191336274115e-01,1.652151581966927463e-01,3.805856270670999741e+00
2.191610201055438356e-01,1.882050606013601080e-01,3.899918269926874625e+00
2.353141168898280622e-01,2.097487398992594620e-01,3.993045407534117075e+00
2.505162105110143589e-01,2.294022080889503989e-01,4.085241202239714653e+00
2.643286464172711625e-01,2.466990053765292235e-01,4.176445149768714060e+00
2.765497135060257516e-01,2.614300103206630421e-01,4.266605023500427585e+00
2.873445290127583096e-01,2.736058076192255939e-01,4.355647425022021402e+00
2.969981327066306687e-01,2.831467009932171486e-01,4.443450069162869553e+00
3.054829748761105357e-01,2.896982536121610607e-01,4.529906756138009527e+00
3.123670389926902491e-01,2.928020898312866382e-01,4.614992921932669745e+00
3.171898160887876017e-01,2.921943897975598503e-01,4.698736538918371508e+00
3.197885438365002386e-01,2.878450772954621595e-01,4.781180296668741114e+00
3.201490669314841497e-01,2.796808632699230301e-01,4.862440738610569468e+00
3.180694078342540809e-01,2.673370808748132266e-01,4.942784403171898155e+00
3.131710417224740084e-01,2.502536278497482503e-01,5.022589447653318828e+00
3.052433670241512242e-01,2.280202183087849388e-01,5.102240053404702991e+00
2.944523281719266805e-01,2.006200174286825177e-01,5.182096518258264339e+00
2.812157096818701518e-01,1.684094349470595109e-01,5.262541118246934602e+00
2.660276382946960005e-01,1.319954274517325388e-01,5.343972267127780285e+00
2.494989307879413865e-01,9.222163167034036491e-02,5.426704616518795099e+00
2.324923558574063520e-01,5.026833570040256660e-02,5.510866433121661245e+00
2.160529172419791699e-01,7.686918104538920105e-03,5.596370188082757657e+00
2.010626220544957654e-01,-3.379969080824651861e-02,5.682938109525243142e+00
1.878883649708860126e-01,-7.267948022801706820e-02,5.770138441190352907e+00
1.763639742830451773e-01,-1.078991930976385127e-01,5.857420378058591837e+00
1.661568293634401172e-01,-1.386869717305578842e-01,5.944152221445564876e+00
1.571883627109191828e-01,-1.641024085140445621e-01,6.029657745796862756e+00
1.497085874736181488e-01,-1.828517124575009811e-01,6.113222702526437402e+00
1.439733888971508335e-01,-1.936609633516672702e-01,6.194035152440356740e+00
1.398899570711069629e-01,-1.958353618203504398e-01,6.271090990507669716e+00
1.370213860885480806e-01,-1.893852926474408616e-01,6.343193304104766561e+00
1.349208321674648658e-01,-1.746068574594908940e-01,6.409114143097347061e+00
1.333732035851236120e-01,-1.516145722455859435e-01,6.467771265838409889e+00
1.322567414527937579e-01,-1.202838087131337108e-01,6.518225857901999376e+00
1.312465104559894513e-01,-8.051990626338068058e-02,6.559563526997413518e+00
1.297720752707820502e-01,-3.250701821545493031e-02,6.590881944661663994e+00
1.272483472617174094e-01,2.314354194051387870e-02,6.611374706833970549e+00
1.232305957230321880e-01,8.522237231492912901e-02,6.620268851941762733e+00
1.173495128959354261e-01,1.518548441724256182e-01,6.616595152699529692e+00
1.092725176934528086e-01,2.208177758189830975e-01,6.599100111706777128e+00
9.886847351539795881e-02,2.900694604380934516e-01,6.566452150756942885e+00
8.639181803189055486e-02,3.578988278700708237e-01,6.517474615683217287e+00
7.245825688240703499e-02,4.225279278811675532e-01,6.451137900769225553e+00
5.786540310224985717e-02,4.817350389793556009e-01,6.366427815035665461e+00
4.344353238547959961e-02,5.329379615479068466e-01,6.262326882766777736e+00
3.000453306548322985e-02,5.734244183557630770e-01,6.137872998773534761e+00
1.836745138282003253e-02,6.003294776146346212e-01,5.992122868270586267e+00
9.431421511322035656e-03,6.106345317886093804e-01,5.824048684969014289e+00
4.211677731824181592e-03,6.016646868440627127e-01,5.632539827895783446e+00
3.729978329998218101e-03,5.719280886250094342e-01,5.416538443521915269e+00
8.779917132354153608e-03,5.217209957480026805e-01,5.175181751435825817e+00
1.971795915657326148e-02,4.532595129818360880e-01,4.907880635586206353e+00
3.637596495608796943e-02,3.704723642799801486e-01,4.614381791807300459e+00
5.805746974758774215e-02,2.785226186810868532e-01,4.294858981581191948e+00
8.356280623922440753e-02,1.830904550149514143e-01,3.950016454275372624e+00
1.112580203400268530e-01,8.968775046156007846e-02,3.581171044032990913e+00
1.392140659182177220e-01,3.316086108078042383e-03,3.190300071815874716e+00
1.653776031469125218e-01,-7.154417868390722246e-02,2.780068244016847601e+00
1.876978741050392419e-01,-1.308402217251217747e-01,2.353866619742460919e+00
2.042000808112732768e-01,-1.708823902226019320e-01,1.915866091311904107e+00
2.130997460193283510e-01,-1.883730232398134752e-01,1.471009334742169994e+00
2.130321777982970288e-01,-1.806274395099955465e-01,1.024860616929565094e+00
2.032967747404392789e-01,-1.459532477309499476e-01,5.833543193472330302e-01
1.839201048132117766e-01,-8.391928145967059161e-02,1.525634876702077758e-01
1.555164590752803611e-01,4.696220414623204775e-03,-2.614821528288406860e-01
1.191674456843287155e-01,1.181511193416197869e-01,-6.530008737823478349e-01
7.649190667520100462e-02,2.539012555715267627e-01,-1.016680697285574864e+00
2.976501500999018113e-02,4.086083104979921221e-01,-1.347805365661509880e+00
-1.820762858954960706e-02,5.781366426972502914e-01,-1.642278321279083242e+00
-6.453006111650749776e-02,7.576349430294267995e-01,-1.896721006123950115e+00
-1.067261514784346721e-01,9.416728567119321269e-01,-2.108748351596211990e+00
-1.430590785072469728e-01,1.124436164634415203e+00,-2.277260253818190971e+00
-1.726437011907580032e-01,1.300056075135244571e+00,-2.402539932438228831e+00
-1.954870875586327550e-01,1.463034492552792720e+00,-2.486200847031741823e+00
-2.124990473745778097e-01,1.608587842924374289e+00,-2.531176581775929968e+00
-2.253867853976201374e-01,1.732922433510480476e+00,-2.541761189156851231e+00
-2.363700933821355488e-01,1.833795950427546284e+00,-2.523482963949968738e+00
-2.477245942146324431e-01,1.911516533332020096e+00,-2.482703242112835440e+00
-2.611752965340983224e-01,1.969699419074800284e+00,-2.426134884076421638e+00
-2.772513670944722897e-01,2.014709619653234363e+00,-2.360527790482937593e+00
-2.949254611143716787e-01,2.053626895819843146e+00,-2.292484380622548112e+00
-3.118875333881763190e-01,2.091935635251856773e+00,-2.228155466628158443e+00
-3.254038894080202304e-01,2.132338231858387001e+00,-2.172736307367948427e+00
-3.332335264706501876e-01,2.174943219684329687e+00,-2.129992070095055201e+00
-3.340807993308699819e-01,2.218062384866181347e+00,-2.102066184174901764e+00
-3.275428348579174642e-01,2.258965037134358145e+00,-2.089573657816580887e+00
-3.138836175823073171e-01,2.294551914838416806e+00,-2.091816220289779871e+00
-2.938914647931171187e-01,2.322045760082775967e+00,-2.107011496240479786e+00
-2.688098635418578741e-01,2.339519899255631419e+00,-2.132508445935461516e+00
-2.402372427941915634e-01,2.346052553136964036e+00,-2.164967635060467632e+00
-2.099730629205918131e-01,2.341597156849148487e+00,-2.200528737160942327e+00
-1.798497251198996061e-01,2.326833782520959737e+00,-2.235064422922392158e+00
-1.515633191179419637e-01,2.303092294764020664e+00,-2.264573827992271582e+00
-1.264728493802347309e-01,2.272187364921113062e+00,-2.285624658389669328e+00
-1.053593918605754132e-01,2.235994162400518181e+00,-2.295715926296378662e+00
-8.824349166913592057e-02,2.195822754902909235e+00,-2.293521746226307112e+00
-7.444050344264618868e-02,2.151891043025717210e+00,-2.278999605177898236e+00
-6.291189649239570247e-02,2.103227306578711264e+00,-2.253278820436171781e+00
-5.269657382769277199e-02,2.048095079765658966e+00,-2.218283787177865118e+00
-4.312766786656307971e-02,1.984695841453902876e+00,-2.176235810905335910e+00
-3.381167876255142257e-02,1.911758768197620695e+00,-2.129282499648120996e+00
-2.459467680035565262e-02,1.828797747485359171e+00,-2.079365419858786534e+00
-1.560131121464625181e-02,1.736119047970484219e+00,-2.028215629636373585e+00
-7.176494814688627599e-03,1.634801620891644713e+00,-1.977315161412138034e+00
3.455917864193525091e-04,1.526736815742696596e+00,-1.927796171348972631e+00
6.831477962488619049e-03,1.414570168423741725e+00,-1.880366914731923078e+00
1.231462093233925970e-02,1.301333255967338953e+00,-1.835320841721977514e+00
1.686505046956132681e-02,1.189837976622808435e+00,-1.792588038142034046e+00
2.056456046008592331e-02,1.082257804696235670e+00,-1.751780272577471376e+00
2.355272251292261920e-02,9.802282972888549661e-01,-1.712257062201030466e+00
2.600441018595078813e-02,8.852372249639569590e-01,-1.673259730435179948e+00
2.806831894750450029e-02,7.987599708356825090e-01,-1.634075728250250492e+00
2.988596424309508670e-02,7.220111476211812374e-01,-1.594133958492874870e+00
3.167122931492288851e-02,6.557221862462542239e-01,-1.552999491434022383e+00
3.374262243503833858e-02,6.002018605979809740e-01,-1.510346130588189340e+00
3.650582058483359260e-02,5.554132606010486750e-01,-1.465983644817949738e+00
4.045075573494349985e-02,5.208088155399198671e-01,-1.419913064500377464e+00
4.612155960780695008e-02,4.951259503906722537e-01,-1.372332989375231405e+00
5.395226534446162514e-02,4.764195110610715544e-01,-1.323586181421395169e+00
6.400678403715387432e-02,4.622408872419640491e-01,-1.274105271994111721e+00
7.583716821880243097e-02,4.497987282654880015e-01,-1.224386010405193792e+00
8.861445799751682673e-02,4.362278395028733047e-01,-1.174950475964302132e+00
1.014351611138867848e-01,4.190829633830965850e-01,-1.126274908441799338e+00
1.135631717219274250e-01,3.967969769716752082e-01,-1.078723069954119040e+00
1.244894242929593109e-01,3.687902622310051393e-01,-1.032533342043220781e+00
1.338981153419818715e-01,3.353377846178045019e-01,-9.878446966024745368e-01
1.416606270776563370e-01,2.974991169834114713e-01,-9.447157211001364630e-01
1.478518966566651494e-01,2.570848346767176662e-01,-9.031337800335246246e-01
1.527229522575617171e-01,2.163779950161493215e-01,-8.630456066537571802e-01
1.566388240204057425e-01,1.776214378518645720e-01,-8.244053357224225831e-01
1.600376236307408107e-01,1.426342574383071271e-01,-7.871970931922498416e-01
1.633890193818353653e-01,1.126861148272143009e-01,-7.514263923190201977e-01
1.670770064726476989e-01,8.828270980518333755e-02,-7.171342684211146068e-01
1.712410925531091255e-01,6.870479433631694610e-02,-6.844563153901979113e-01
1.757409720131696551e-01,5.187626608955474283e-02,-6.536515168526239039e-01
1.803222173382678373e-01,3.514198635074670951e-02,-6.250242549507413203e-01
1.848131695822291809e-01,1.642551915572242754e-02,-5.987997953743739998e-01
1.891195068776492516e-01,-5.449415930735820868e-03,-5.751008202750161891e-01
1.930357564374199919e-01,-3.150767535213722798e-02,-5.540563734986749811e-01
1.961304569331105696e-01,-6.330597964216047591e-02,-5.359001354173948961e-01
1.978430973147612681e-01,-1.026754577821876874e-01,-5.209380421192432165e-01
1.976343859747209109e-01,-1.510587197990832797e-01,-5.094583796252784014e-01
1.949991382740418611e-01,-2.093406357160148001e-01,-5.017330549659274608e-01
1.894060903427635112e-01,-2.780574908287570812e-01,-4.981024374160838986e-01
1.803504527741302543e-01,-3.573315926874984783e-01,-4.989848162449437852e-01
1.675100783998924037e-01,-4.465764686645250503e-01,-5.047361075213135928e-01
1.508178188174839063e-01,-5.445332852108284438e-01,-5.154857543796814712e-01
1.303921298163160380e-01,-6.496235696176125840e-01,-5.311028385491467496e-01
1.064956336994049568e-01,-7.600051588028441385e-01,-5.512693702716482402e-01
7.965914545098994048e-02,-8.731151835886508117e-01,-5.755149397553686041e-01
5.085716377156854207e-02,-9.852202216920686872e-01,-6.031676774595837731e-01
2.150021802542623206e-02,-1.091537238889480621e+00,-6.333439692781833719e-01
-6.823139011280204835e-03,-1.186936715178387169e+00,-6.650858736914913028e-01
-3.267804360337137060e-02,-1.266793866071244778e+00,-6.975746480187937637e-01
-5.497815495419844378e-02,-1.327560630640331807e+00,-7.302528373650138960e-01
-7.303459195723460695e-02,-1.367037090463957716e+00,-7.628097360815009331e-01
-8.661593070471063083e-02,-1.384697151321707898e+00,-7.951464215647435774e-01
-9.605317667601537268e-02,-1.382114152883506586e+00,-8.273933447835620791e-01
-1.021647809685190533e-01,-1.362754709456386992e+00,-8.598710675684926308e-01
-1.058341281650480581e-01,-1.330556395716599116e+00,-8.928765999284420385e-01
-1.075088891310420625e-01,-1.288178486437102865e+00,-9.264191851054316418e-01
-1.071104740039239833e-01,-1.236630292356357907e+00,-9.601733003636448993e-01
-1.044204627725578982e-01,-1.176550829773922224e+00,-9.937008780784052364e-01
-9.947703721379752562e-02,-1.109523835859896446e+00,-1.026696989256429271e+00
-9.262182748246450270e-02,-1.038154530743271797e+00,-1.059049942027627589e+00
-8.435737032873846797e-02,-9.654490927335158679e-01,-1.090772080346294137e+00
-7.528370391432498421e-02,-8.944627405410398024e-01,-1.121930718123006709e+00
-6.605223138683252726e-02,-8.280854889574157385e-01,-1.152575290396212981e+00
-5.721947969038920778e-02,-7.685831934549427480e-01,-1.182652982130333097e+00
-4.918264844851860662e-02,-7.174019927378504358e-01,-1.212026399883375127e+00
-4.235665842393732117e-02,-6.756788241089721758e-01,-1.240625584979788254e+00
-3.732945553011601802e-02,-6.446623166002446448e-01,-1.268532147292876111e+00
-3.466397954025712824e-02,-6.251002806855008309e-01,-1.295826721975283924e+00
-3.451506809151494437e-02,-6.161453618973377067e-01,-1.322352870344296383e+00
-3.653393601973015103e-02,-6.151896977921840204e-01,-1.347685924113600109e+00
-4.019391257422155750e-02,-6.190040849383448007e-01,-1.371358785971946714e+00
-4.522211445697532639e-02,-6.251983906747000663e-01,-1.393147076766883874e+00
-5.179506226260333079e-02,-6.329063068508816725e-01,-1.413219040911595226e+00
-6.038538670031412536e-02,-6.423379995068662085e-01,-1.432073278779094849e+00
-7.134593146345180603e-02,-6.535730785604636495e-01,-1.450286965749159496e+00
-8.449413678957551355e-02,-6.654723517236896813e-01,-1.468223493896094078e+00
-9.901647383226463983e-02,-6.755477417178685773e-01,-1.485919081879591985e+00
-1.137418678838804098e-01,-6.807524625541486740e-01,-1.503212232204279797e+00
-1.274779292070783443e-01,-6.782974266614735237e-01,-1.519938900020042283e+00
-1.391638132601774602e-01,-6.659168091233077513e-01,-1.536020080067970639e+00
-1.479609335258504910e-01,-6.419670588297122782e-01,-1.551482502257276685e+00
-1.534627716112161311e-01,-6.058283655475735774e-01,-1.566517516632951912e+00
-1.558770444007826494e-01,-5.582805019475454156e-01,-1.581526979318982562e+00
-1.559176631969158011e-01,-5.012980929746259084e-01,-1.597042241871388546e+00
-1.544840945722651959e-01,-4.374489305263922767e-01,-1.613562624846179183e+00
-1.524754787141970880e-01,-3.695501440009250627e-01,-1.631477632213028439e+00
-1.508656178650777946e-01,-3.007252790159902212e-01,-1.651121334661606710e+00
-1.507761268574785429e-01,-2.343436936100452006e-01,-1.672831948704403437e+00
-1.532519356009289790e-01,-1.734130503211709362e-01,-1.696885332915340161e+00
-1.587911515925426453e-01,-1.196418379868335602e-01,-1.723321163543260592e+00
-1.670295558594100394e-01,-7.291206295095875589e-02,-1.751822598719244173e+00
-1.769769419135438504e-01,-3.184220565259657243e-02,-1.781815877144027560e+00
-1.877654984550504169e-01,4.686549250263682964e-03,-1.812782754287189046e+00
-1.993292273578336493e-01,3.621347030685112545e-02,-1.844545625613316364e+00
-2.123950308085903460e-01,6.082737528024248497e-02,-1.877259932950658738e+00
-2.278177189636785283e-01,7.661217767291791936e-02,-1.911129013027201617e+00
-2.459420796323871228e-01,8.294407587566221540e-02,-1.946141910856057589e+00
-2.665339923752203521e-01,8.053921146051781776e-02,-1.982072379082347569e+00
-2.891200064004597614e-01,7.064932508607568717e-02,-2.018664235821370667e+00
-3.132480270507403963e-01,5.444704965603255897e-02,-2.055772028564812004e+00
-3.385132620986536223e-01,3.292931579275992782e-02,-2.093364622619259929e+00
-3.645391493463757682e-01,6.970332211359397956e-03,-2.131473218002288839e+00
-3.910159111631061890e-01,-2.267816705530228960e-02,-2.170159249636876009e+00
-4.177091500055378770e-01,-5.531372400644921083e-02,-2.209488488204403467e+00
-4.444182111313876860e-01,-9.017348108391809447e-02,-2.249494186498448567e+00
-4.709983118315654860e-01,-1.265386943193747560e-01,-2.290168687795176350e+00
-4.974919932204783235e-01,-1.640810036945365979e-01,-2.331515388153819757e+00
-5.242633458203925789e-01,-2.031480155130934717e-01,-2.373618456169986235e+00
-5.519997281743812545e-01,-2.447128303641418756e-01,-2.416657725670183776e+00
-5.815209311497554490e-01,-2.899886326052197316e-01,-2.460856956636334747e+00
-6.134523829204847623e-01,-3.399224371858413085e-01,-2.506420074564220002e+00
-6.479652717341116697e-01,-3.948517456672411274e-01,-2.553498561844792292e+00
-6.848139767912927445e-01,-4.545229318561219145e-01,-2.602182557313155620e+00
-7.236583345414895341e-01,-5.184058700563523026e-01,-2.652501117577182654e+00
-7.643622465006576494e-01,-5.859900007965983537e-01,-2.704440379308206577e+00
-8.070030509659911200e-01,-6.568073142445138846e-01,-2.757974562738346069e+00
-8.516666915676581739e-01,-7.302420232984350168e-01,-2.813073015689043999e+00
-8.982881652298041475e-01,-8.053729743509872030e-01,-2.869669402623975962e+00
-9.466358173570542656e-01,-8.809732190314919498e-01,-2.927631180329623994e+00
-9.963389464820580077e-01,-9.555903102141279915e-01,-2.986759229478974653e+00
-1.046890143198718093e+00,-1.027610269754000605e+00,-3.046797244404100713e+00
-1.097667559508787694e+00,-1.095314392933089742e+00,-3.107433306897848801e+00
-1.147979963323963792e+00,-1.156961117180203669e+00,-3.168317347778809356e+00
-1.197033734444991726e+00,-1.210851926295744896e+00,-3.229102806066227238e+00
-1.243803510454551287e+00,-1.255347963137663836e+00,-3.289468745790571802e+00
-1.286991241509612527e+00,-1.288918684754632782e+00,-3.349094010587646775e+00
-1.325240965707749075e+00,-1.310313259023198507e+00,-3.407619557338585459e+00
-1.357474073343257537e+00,-1.318769033003132307e+00,-3.464637155225392284e+00
-1.383026957169962712e+00,-1.314064419125489991e+00,-3.519689484857455142e+00
-1.401501437703654096e+00,-1.296379327946422855e+00,-3.572261356661011522e+00
-1.412559183140152053e+00,-1.266116705436988621e+00,-3.621774696049866016e+00
-1.415840607564526898e+00,-1.223779366206151353e+00,-3.667580257661770649e+00
-1.410905292024855484e+00,-1.169841723178954407e+00,-3.708902478389780821e+00
-1.397077641461842656e+00,-1.104613257533418658e+00,-3.744748206571706373e+00
-1.373347161514931081e+00,-1.028247267515748353e+00,-3.773878785958336923e+00
-1.338533517884222146e+00,-9.409776865231815890e-01,-3.794908920839099142e+00
-1.291649045280412356e+00,-8.434341557774807097e-01,-3.806459720694916893e+00
-1.232198442400379124e+00,-7.368363761180123372e-01,-3.807250626862022536e+00
-1.160297750586932741e+00,-6.230308655297399634e-01,-3.796117425269348367e+00
-1.076685580253661012e+00,-5.044188373243616574e-01,-3.772030449361831295e+00
-9.826587109311180068e-01,-3.837598279326135398e-01,-3.734151833126131415e+00
-8.798709217270381799e-01,-2.638497655845434275e-01,-3.681902452818140770e+00
-7.700523651508728307e-01,-1.472292038666140890e-01,-3.615013000543802590e+00
-6.548712604043167573e-01,-3.611741266280121820e-02,-3.533570743303947381e+00
-5.360298740408341311e-01,6.745214617466843698e-02,-3.438062591664712286e+00
-4.153878707205892473e-01,1.615256010299981337e-01,-3.329378656728098296e+00
-2.949172123465024775e-01,2.442776663317656194e-01,-3.208752283261978366e+00
-1.766153099449010444e-01,3.141048792826874880e-01,-3.077659227748326565e+00
-6.254883162213098480e-02,3.696745280473159312e-01,-2.937702269028536151e+00
4.515880871343391778e-02,4.100405828973722189e-01,-2.790474534248418514e+00
1.446028756112573976e-01,4.348464229143910176e-01,-2.637418378547238262e+00
2.342236320001786498e-01,4.442797314056605718e-01,-2.479771107334134861e+00
3.121618638781858968e-01,4.385119846688737555e-01,-2.318664316382885282e+00
3.752365595837720558e-01,4.170590470137838235e-01,-2.155272486107484120e+00
4.189738253461502970e-01,3.789313968638398089e-01,-1.990796530913966134e+00
4.393595582080772610e-01,3.237544618912354677e-01,-1.826214042561599804e+00
4.349619175539590210e-01,2.528763042158209684e-01,-1.661988588110820286e+00
4.073648668678651052e-01,1.693235772561876296e-01,-1.497989481341632789e+00
3.595744146319789225e-01,7.662600550745857220e-02,-1.333675017698242149e+00
2.941595907556230349e-01,-2.234383827356656305e-02,-1.168388769014622852e+00
2.128856984725538692e-01,-1.255397327362814952e-01,-1.001599615551901801e+00
1.177334280853025994e-01,-2.310680181918909060e-01,-8.330132213625449644e-01
1.183862886612530030e-02,-3.365560271297125539e-01,-6.625623925100347922e-01
-1.006082918731342479e-01,-4.391420618505069706e-01,-4.903245659033899084e-01
-2.151244765307073481e-01,-5.359093748773746668e-01,-3.164360725119543805e-01
-3.275109586519719396e-01,-6.242792232696429133e-01,-1.410583038450684557e-01
-4.340363933004822705e-01,-7.021792687503832786e-01,3.559508164106303663e-02
-5.316005760647868339e-01,-7.681450303866494966e-01,2.131971623501588142e-01
-6.179885887996019456e-01,-8.214397597268286999e-01,3.912590791777380006e-01
-6.918246424443563747e-01,-8.620133973084258550e-01,5.691509292682646048e-01
-7.520322579675199348e-01,-8.901690184340665946e-01,7.462144204262051161e-01
-7.973100713294288822e-01,-9.061706776388456230e-01,9.218941705132284170e-01
-8.262733959180444954e-01,-9.101704227887510434e-01,1.095765767030567162e+00
-8.381672889519600211e-01,-9.024788657533932001e-01,1.267435351919116826e+00
-8.333887705572429194e-01,-8.838041689887469188e-01,1.436430192680379525e+00
-8.133325260541455215e-01,-8.551760282405688196e-01,1.602206212448906264e+00
-7.798476711145561069e-01,-8.176859363270325698e-01,1.764264708067680987e+00
-7.348419179292343673e-01,-7.723280232500552289e-01,1.922273500534321666e+00
-6.801695515840825434e-01,-7.200001804058487886e-01,2.076116097175741970e+00
-6.176234605254569132e-01,-6.615466387290416250e-01,2.225857892997584297e+00
-5.489630155909585030e-01,-5.978063969190670068e-01,2.371644418318428649e+00
-4.760379598865426831e-01,-5.297166288210420904e-01,2.513571813169291680e+00
-4.009286753113350810e-01,-4.584217165341782918e-01,2.651614559000849969e+00
-3.259211672472510646e-01,-3.852617809651144309e-01,2.785677345062421040e+00
-2.533201689020838643e-01,-3.116327321433074449e-01,2.915717566287596263e+00
-1.852883487460863510e-01,-2.388441796660403238e-01,3.041793341960536079e+00
-1.237764580779269208e-01,-1.680519613800433021e-01,3.163976290432517935e+00
-7.038821628301084043e-02,-1.002154745415257953e-01,3.282250645063415906e+00
-2.608101835895015874e-02,-3.602225008970516562e-02,3.396557946229781244e+00
9.116228822899863360e-03,2.418668756627107008e-02,3.506967010434965282e+00
3.608127287819495876e-02,8.041464721654345560e-02,3.613781642797067484e+00
5.622511066741830987e-02,1.329065974535681427e-01,3.717466974837902782e+00
7.102971600845098266e-02,1.820009935404447443e-01,3.818479756421013338e+00
8.179572299654314094e-02,2.280287627593549082e-01,3.917162010240319070e+00
8.966049294283218174e-02,2.713260883486308117e-01,4.013749097746492467e+00
9.571999528142027813e-02,3.123428918768154094e-01,4.108432999158518228e+00
1.010676578814544424e-01,3.517265896552419502e-01,4.201415280251208806e+00
1.066913220498135750e-01,3.902386032762890089e-01,4.292917148673485173e+00
1.133038391788856458e-01,4.285019636524007858e-01,4.383140854606573100e+00
1.212390992044152238e-01,4.667801434249921888e-01,4.472221892493394080e+00
1.304822805765570859e-01,5.049831333274612533e-01,4.560234560924678604e+00
1.407690939747139325e-01,5.428325502625614973e-01,4.647250538783367801e+00
1.516451607989568462e-01,5.799473151102084723e-01,4.733378007033671508e+00
1.624834627209439386e-01,6.157982244121097404e-01,4.818747467020989106e+00
1.725365545405213030e-01,6.497100426955400021e-01,4.903495389559533457e+00
1.810219444851499659e-01,6.809631451911321021e-01,4.987778014011617245e+00
1.871679465049922442e-01,7.088095620132478514e-01,5.071764997752132409e+00
1.902322396610860444e-01,7.323465359564840238e-01,5.155576257190578104e+00
1.895749519352896151e-01,7.504773759265636057e-01,5.239218410799815651e+00
1.847646000314928649e-01,7.620886010188903104e-01,5.322588360422086495e+00
1.756190408873496978e-01,7.662531599740320942e-01,5.405527559898222201e+00
1.622127617465864979e-01,7.623347479078070865e-01,5.487872407748042747e+00
1.449728866255641790e-01,7.501731561025031247e-01,5.569487460265656331e+00
1.248049947918876690e-01,7.304034712880121960e-01,5.650285780584169082e+00
1.030090689491034439e-01,7.045309525687114549e-01,5.730211743896045817e+00
8.091817741704643296e-02,6.744691428403075673e-01,5.809172123250520237e+00
5.951939724972010737e-02,6.418803482152818374e-01,5.886962413279007933e+00
3.934074762727535202e-02,6.079066814780597072e-01,5.963253234055730267e+00
2.059618694649145709e-02,5.733703464571149322e-01,6.037640219104363659e+00
3.370250810444730405e-03,5.390116999385818897e-01,6.109696939811486871e+00
-1.229591029028087590e-02,5.054842843895723803e-01,6.178976148702020055e+00
-2.637347445085236330e-02,4.732839839945125471e-01,6.244964500950810127e+00
-3.879366659242178272e-02,4.428667062404562094e-01,6.307044317831386415e+00
-4.940611270728156867e-02,4.148687731769544751e-01,6.364507207896303420e+00
-5.801486321191440254e-02,3.901346993090964999e-01,6.416614046957278106e+00
-6.443563644718386385e-02,3.695096163875205564e-01,6.462663593684621510e+00
-6.845118954685869284e-02,3.537111825396469511e-01,6.502043391444533249e+00
-6.971648519036222069e-02,3.434752460549761466e-01,6.534249257483006446e+00
-6.784018528516311264e-02,3.396697530132841703e-01,6.558847741328282410e+00
-6.268921336744259776e-02,3.429803740142585156e-01,6.575369258809759643e+00
-5.461310007241637621e-02,3.533645427907443071e-01,6.583186201634630308e+00
-4.430818453670593016e-02,3.699007845052058596e-01,6.581468560741278395e+00
-3.246671580670135171e-02,3.911899293428359181e-01,6.569242582083774096e+00
-1.958708408616960384e-02,4.157182968326048611e-01,6.545478225657388016e+00
-6.052334506367884615e-03,4.416709813559611120e-01,6.509127921299989517e+00
7.758108032487776029e-03,4.664719112149181557e-01,6.459120311394460856e+00
2.151669083167684349e-02,4.867088916791565412e-01,6.394352145451362546e+00
3.508145019072017590e-02,4.986306291323009399e-01,6.313683472893385051e+00
4.855943802342954640e-02,4.987991872558019679e-01,6.215917532600637507e+00
6.228368800834394037e-02,4.844610807809716091e-01,6.099781145374076452e+00
7.677185120967155996e-02,4.536079255947988997e-01,5.963939937008942316e+00
9.266484813343112137e-02,4.049706836143609490e-01,5.807040951246953853e+00
1.105963902064139859e-01,3.381307025305587133e-01,5.627746530779578649e+00
1.310261130035903498e-01,2.537472223762126666e-01,5.424766834285119188e+00
1.541387297472396334e-01,1.537928470820836280e-01,5.196943940727109634e+00
1.798304980726701530e-01,4.165616800170524048e-02,4.943401341222370959e+00
2.076857072604667565e-01,-7.801237574011038456e-02,4.663695850143739108e+00
2.368827964923527762e-01,-1.997256181505070727e-01,4.357906498020148511e+00
2.661179314504529270e-01,-3.177058809492722125e-01,4.026669984116415080e+00
2.936715778868965732e-01,-4.263420174164348486e-01,3.671221707813328017e+00
3.176089377165562944e-01,-5.204398404795919086e-01,3.293470913020647650e+00
3.359794228650987424e-01,-5.952798543767949813e-01,2.896079488646678524e+00
3.469235163957573587e-01,-6.466119410205088958e-01,2.482491419041930492e+00
3.487430841840420959e-01,-6.708069741331272873e-01,2.056881964345438796e+00
3.400549666305414664e-01,-6.652834967497541774e-01,1.624035913216694826e+00
3.200468571824712782e-01,-6.289763461983349790e-01,1.189189392031841708e+00
2.887080350387791761e-01,-5.624296029677908759e-01,7.578521125516566315e-01
2.468892744402823580e-01,-4.674428657514760332e-01,3.355883169088126339e-01
1.961722132902550264e-01,-3.466550134877703915e-01,-7.225199156138392698e-02
1.386534149460870724e-01,-2.033657204435775911e-01,-4.607821983115750197e-01
7.676270122327977230e-02,-4.148563244468458922e-02,-8.257059753443423133e-01
1.316248568611189107e-02,1.345372414638077996e-01,-1.163310124078968499e+00
-4.931363795510890213e-02,3.197137649655803493e-01,-1.470424877776802308e+00
-1.077726039932028756e-01,5.084128794459836787e-01,-1.744437573977119182e+00
-1.594765903074920610e-01,6.944754940075882343e-01,-1.983336274062924343e+00
-2.021107238791254312e-01,8.717226812004098546e-01,-2.185724974347904137e+00
-2.339965771609389122e-01,1.034479857948950698e+00,-2.350826189176395076e+00
-2.542099537274786769e-01,1.177650176895678857e+00,-2.478531720250613191e+00
-2.626657608017892720e-01,1.296512512130142625e+00,-2.569505203162620877e+00
-2.602283521332837690e-01,1.386883661078467389e+00,-2.625278692746448428e+00
-2.487877761714598623e-01,1.445871905766922483e+00,-2.648307323853003936e+00
-2.311634646515616787e-01,1.472741416984668206e+00,-2.641985890687749361e+00
-2.107656271588622676e-01,1.469366846761199330e+00,-2.610601755123108436e+00
-1.910801810755065056e-01,1.440303964154890259e+00,-2.559158535390493761e+00
-1.750936579140716098e-01,1.392710333623840668e+00,-2.493070032120960455e+00
-1.647446754031547389e-01,1.335913796730245906e+00,-2.417846474393909872e+00
-1.605181550491259213e-01,1.280151268752495186e+00,-2.338889567318974905e+00
-1.613875185549524804e-01,1.234557932938355140e+00,-2.261344818773293852e+00
-1.652471095675162038e-01,1.205307755531570546e+00,-2.189857731191598766e+00
-1.696757342412322789e-01,1.194832064521736070e+00,-2.128219393898441503e+00
-1.726104225430805661e-01,1.202234717912024520e+00,-2.079087498162011549e+00
-1.726110438049678342e-01,1.224356771573728686e+00,-2.043932444911703783e+00
-1.687720909371193123e-01,1.256994039693303478e+00,-2.023125804484260382e+00
-1.605811298420638522e-01,1.296081179845594011e+00,-2.015989547835394635e+00
-1.479259652247243428e-01,1.338670662426716840e+00,-2.020779125098870033e+00
-1.312078317388696291e-01,1.383416717375874905e+00,-2.034735933804496355e+00
-1.114033973757042606e-01,1.430429172067234189e+00,-2.054304071999023762e+00
-8.997595702588467859e-02,1.480698916866404646e+00,-2.075469087987567907e+00
-6.863234532545914313e-02,1.535419058273569615e+00,-2.094138994192872083e+00
-4.897655246402965457e-02,1.595360127298192099e+00,-2.106546208561418165e+00
-3.215005025409045647e-02,1.660294948231127776e+00,-2.109670624726053934e+00
-1.858676059251973545e-02,1.728516300266495609e+00,-2.101622359803489104e+00
-7.992435594388336284e-03,1.796639497043789113e+00,-2.081852088930039368e+00
4.455494771538059950e-04,1.859870123948704990e+00,-2.051073974302980218e+00
7.723537748958841931e-03,1.912650179088803082e+00,-2.010919965454521119e+00
1.469312615154927393e-02,1.949347002161127440e+00,-1.963497449388007521e+00
2.183184046664177203e-02,1.964789108320952993e+00,-1.911033858031713883e+00
2.917993032909838025e-02,1.954843601213516857e+00,-1.855646733219256106e+00
3.647221932598021521e-02,1.917238224382528555e+00,-1.799170407369425906e+00
4.338360203635160950e-02,1.852291153584910699e+00,-1.743030998097084616e+00
4.971298549101565989e-02,1.762905545281468367e+00,-1.688242477578357326e+00
5.540249560592236389e-02,1.653737607736776249e+00,-1.635520147742844266e+00
6.046347480306168976e-02,1.530204974207000745e+00,-1.585383596745463697e+00
6.493355002772571716e-02,1.397921528428197391e+00,-1.538164519483637527e+00
6.888209619417651197e-02,1.262422202457383236e+00,-1.493985092669792847e+00
7.241040412472876664e-02,1.128784684130157645e+00,-1.452793099681574995e+00
7.564462345984346303e-02,1.001207800303916207e+00,-1.414424274165018369e+00
7.875392466637809452e-02,8.828883643030637218e-01,-1.378625147641068471e+00
8.196555784624132146e-02,7.761951302026302013e-01,-1.345060179126580602e+00
8.551715698596773496e-02,6.827901310227979526e-01,-1.313365360942979843e+00
8.956549969500143815e-02,6.035361228720027560e-01,-1.283227583196416832e+00
9.414175944093966519e-02,5.383957410925606091e-01,-1.254415995414766671e+00
9.919326900767561073e-02,4.865272862307910562e-01,-1.226757486231762284e+00
1.046549036423986001e-01,4.465095165625294071e-01,-1.200117992097512243e+00
1.104780262799300861e-01,4.165277745920021868e-01,-1.174419890760772356e+00
1.166089307198736602e-01,3.945111132167409829e-01,-1.149659648437177939e+00
1.229570072324949748e-01,3.783190799595547160e-01,-1.125890600121323581e+00
1.293827907628317675e-01,3.659753309342548833e-01,-1.103183828485090556e+00
1.357078590495874870e-01,3.558445014145193985e-01,-1.081596916765854566e+00
1.417433802158450384e-01,3.467380614357347679e-01,-1.061155758597897680e+00
1.473380849779479806e-01,3.380328470265379637e-01,-1.041840093347348173e+00
1.524296145029430116e-01,3.297712235305406692e-01,-1.023578195263905588e+00
1.570613521644840249e-01,3.225707970521422552e-01,-1.006263293204963549e+00
1.613394323379809259e-01,3.172790383666505010e-01,-9.897838313178753955e-01
1.653430027579406436e-01,3.144928205092809015e-01,-9.740491118783576319e-01
1.690236806247444323e-01,3.140570895828566633e-01,-9.590148148994147581e-01
1.721403258680200832e-01,3.146771402977900922e-01,-9.447202234139261412e-01
1.742906720676493937e-01,3.140171720130839339e-01,-9.313052904611753835e-01
1.750717039308499479e-01,3.095970405565039996e-01,-9.189525694401292633e-01
1.742873030467774753e-01,3.000449400639467190e-01,-9.077699526441785904e-01
1.720384269725428739e-01,2.856499865776627178e-01,-8.977160432140988133e-01
1.686239492333750367e-01,2.677378528432104443e-01,-8.886360941901944033e-01
1.643685866992660727e-01,2.476038509321938919e-01,-8.803564579989454630e-01
1.595417252998215241e-01,2.260253162087947909e-01,-8.727419398907221293e-01
1.543924324661657965e-01,2.035015946944036536e-01,-8.656925868234526256e-01
1.492030217481909171e-01,1.806317900448982938e-01,-8.591222480794826755e-01
1.442863987034942175e-01,1.582013713994330772e-01,-8.529503246573413300e-01
1.399315816604251028e-01,1.370123968645652612e-01,-8.471088545429930061e-01
1.363319423382226558e-01,1.176228302475157694e-01,-8.415635925355864355e-01
1.335291672500283355e-01,1.001116706584870841e-01,-8.363405634627528729e-01
1.314027126991565431e-01,8.399989148493655633e-02,-8.315332059108450080e-01
1.297076571057219074e-01,6.839090612269928260e-02,-8.272779209197885786e-01
1.281293242089304452e-01,5.221918661439874099e-02,-8.237180178907939077e-01
1.263389340094103475e-01,3.448940772446806857e-02,-8.209735158320570214e-01
1.240790276037961604e-01,1.458077994355757093e-02,-8.191036888770942825e-01
1.212821361399347153e-01,-7.322701729844702939e-03,-8.180594282104560744e-01
1.181294885331209132e-01,-2.998700577802696984e-02,-8.176776712411559789e-01
1.149455142707332955e-01,-5.151712025043721221e-02,-8.177705115577204031e-01
1.119965650281214142e-01,-7.018746401351073916e-02,-8.182533200700439213e-01
1.094252136218836213e-01,-8.479558928431055187e-02,-8.191680085904825548e-01
1.074061298757070237e-01,-9.415167934592934273e-02,-8.205619794406963097e-01
1.062567180648280596e-01,-9.676925825650417590e-02,-8.223968170772748554e-01
1.062029222159093234e-01,-9.193204247752098657e-02,-8.246664718805961636e-01
1.069740857885886354e-01,-8.130161742445769779e-02,-8.276177079832663930e-01
1.077562923531289740e-01,-6.884288635704961801e-02,-8.317663363397644893e-01
1.076685121478632157e-01,-5.856179090601254522e-02,-8.376233961505421544e-01
1.062793591158857909e-01,-5.228757018335390694e-02,-8.454122712937988116e-01
1.036695554304129241e-01,-4.959436794558808037e-02,-8.550536601802862791e-01
1.001443719376828301e-01,-4.925766702770292826e-02,-8.663492604301699096e-01
9.601641549500569695e-02,-5.029425442920061606e-02,-8.791146925187629524e-01
9.158132619221742710e-02,-5.199359855642472078e-02,-8.931823142852841624e-01
8.711220300606287159e-02,-5.375529867735683032e-02,-9.083767939866139729e-01
8.280689519126327447e-02,-5.519342803967502986e-02,-9.245263605188006606e-01
7.877648611724813454e-02,-5.622243148232134585e-02,-9.414821267439505981e-01
7.507287881172908239e-02,-5.701066630122980650e-02,-9.591348349700157261e-01
7.167970406768056635e-02,-5.798631449737008670e-02,-9.774390050948663644e-01
6.850569145055179776e-02,-5.980336978204726928e-02,-9.964109289173362916e-01
6.545919231616170730e-02,-6.306311640520637085e-02,-1.016073342097659093e+00
6.252981701668153258e-02,-6.802099881116902003e-02,-1.036400164012340586e+00
5.975159185117351335e-02,-7.464829628501679082e-02,-1.057322470924353608e+00
5.709893361961965175e-02,-8.291581170434525472e-02,-1.078760936963077510e+00
5.446967475468084130e-02,-9.288740582952148550e-02,-1.100613314947218369e+00
5.175665440919929861e-02,-1.046122290741332284e-01,-1.122713497512776160e+00
4.886382783772569294e-02,-1.181468927980070110e-01,-1.144841838722236993e+00
4.562791206468458372e-02,-1.337528075460092669e-01,-1.166798469969919649e+00
4.178526832664258839e-02,-1.519239427099285666e-01,-1.188459242143489636e+00
3.708638694788213286e-02,-1.730592449924973353e-01,-1.209756032607268272e+00
3.145585670153333568e-02,-1.970685525779908298e-01,-1.230622159798463677e+00
2.501628664227750765e-02,-2.233241693381386450e-01,-1.250980177391842085e+00
1.794661473187253442e-02,-2.510032964627598728e-01,-1.270784995179571109e+00
1.031818508076859375e-02,-2.794901920162339848e-01,-1.290068889319079259e+00
2.030507871764564154e-03,-3.085344723142011136e-01,-1.308949999121590935e+00
-7.176011545130145386e-03,-3.381629246478978779e-01,-1.327620578062833845e+00
-1.769870132673628804e-02,-3.685092944445160223e-01,-1.346338939557410130e+00
-3.002391452375735570e-02,-3.996317820989659930e-01,-1.365412572992281026e+00
-4.459281827025257661e-02,-4.312794535657625827e-01,-1.385153099163837220e+00
-6.162037128569480826e-02,-4.626493270714390760e-01,-1.405823111238998058e+00
-8.099573935155379711e-02,-4.923050809881927004e-01,-1.427614999660695938e+00
-1.023293874668729786e-01,-5.183595537884817528e-01,-1.450666312191695617e+00
-1.250711240908645716e-01,-5.387988550503644003e-01,-1.475077152547028314e+00
-1.485859147047422502e-01,-5.517405526626807388e-01,-1.500909305003957694e+00
-1.721797717527320248e-01,-5.555958767132994636e-01,-1.528188679955437612e+00
-1.951730150665809127e-01,-5.492946342165357931e-01,-1.556935930434086179e+00
-2.170802203756958537e-01,-5.326369390003478088e-01,-1.587207098500322600e+00
-2.378070423107058184e-01,-5.065535976523677375e-01,-1.619099180156610807e+00
-2.576920698464905124e-01,-4.729772626975713989e-01,-1.652706929197571117e+00
-2.773224663970788040e-01,-4.343007755755654564e-01,-1.688067767031474986e+00
-2.972378668374618949e-01,-3.927282436963166479e-01,-1.725135782681940011e+00
-3.177122514336884196e-01,-3.498680138736846579e-01,-1.763785626512266891e+00
-3.387106452164494463e-01,-3.066954304106521700e-01,-1.803824360299635110e+00
-3.599794728448074688e-01,-2.637790339527508743e-01,-1.845008025234535776e+00
-3.811801229197806506e-01,-2.215773902552685970e-01,-1.887075128584383199e+00
-4.020224468414044239e-01,-1.806720207779826393e-01,-1.929789712275211899e+00
-4.223980793158139679e-01,-1.419026800164804591e-01,-1.972966219331743432e+00
-4.424709705172215068e-01,-1.063875295907212026e-01,-2.016464884341099939e+00
-4.626253197987679755e-01,-7.536685887772393011e-02,-2.060176476641126797e+00
-4.832600535010016518e-01,-4.989943138151214930e-02,-2.104014467740458638e+00
-5.046128337366738714e-01,-3.065297012403830901e-02,-2.147907985255973706e+00
-5.267968391858032229e-01,-1.800264865346093424e-02,-2.191785071397282181e+00
-5.499497354651373682e-01,-1.227434376864222632e-02,-2.235561962968880323e+00
-5.742260444092694982e-01,-1.376966506749321972e-02,-2.279166470905633624e+00
-5.996255950917839250e-01,-2.257219541992244727e-02,-2.322591446755950972e+00
-6.259621172124059107e-01,-3.853027200157094212e-02,-2.365932620658792285e+00
-6.530988308109888507e-01,-6.156188233982495817e-02,-2.409371348369863330e+00
-6.811530192352418522e-01,-9.188790958288300947e-02,-2.453115572796218835e+00
-7.103954492533225418e-01,-1.298529076981594366e-01,-2.497348741945766726e+00
-7.410296025186385860e-01,-1.755788649531866974e-01,-2.542216591157246075e+00
-7.731945202955317065e-01,-2.288970673634376229e-01,-2.587838592467030630e+00
-8.071503815003122639e-01,-2.895397431671404842e-01,-2.634317527285714000e+00
-8.433108398853280674e-01,-3.572067917343351162e-01,-2.681739269171781181e+00
-8.820315512163126037e-01,-4.313788535080541053e-01,-2.730168395525311986e+00
-9.234300823004463199e-01,-5.111598043910303701e-01,-2.779638764074137569e+00
-9.674414495619825249e-01,-5.953803277340015132e-01,-2.830133288631836663e+00
-1.013954390290593865e+00,-6.828152222498187207e-01,-2.881558657277708324e+00
-1.062760079076578323e+00,-7.722171623186308009e-01,-2.933731520679468296e+00
-1.113301752730625926e+00,-8.621159412566344882e-01,-2.986384032772547048e+00
-1.164480434787111829e+00,-9.506424010824393589e-01,-3.039181506319913684e+00
-1.214748865670602029e+00,-1.035665953742756162e+00,-3.091747219100907884e+00
-1.262486609564482887e+00,-1.115271347686055403e+00,-3.143700779954030189e+00
-1.306451817800177384e+00,-1.188302750745635628e+00,-3.194706771147644897e+00
-1.346087724864280410e+00,-1.254632544345270606e+00,-3.244502601707069722e+00
-1.381572267253764252e+00,-1.315002396074826940e+00,-3.292871222758784633e+00
-1.413630230216960992e+00,-1.370545098230258940e+00,-3.339564039666524931e+00
-1.443225822762468802e+00,-1.422233507495528126e+00,-3.384221275591044797e+00
-1.471281401132086275e+00,-1.470474330211420266e+00,-3.426333703249507145e+00
-1.498478518781328539e+00,-1.514925560177599939e+00,-3.465249103795308816e+00
-1.525055321203246939e+00,-1.554461603432966132e+00,-3.500198084082533967e+00
-1.550519162650274785e+00,-1.587175371433248383e+00,-3.530324183554068185e+00
-1.573404242903909012e+00,-1.610445470192770401e+00,-3.554728424077593818e+00
-1.591345567197277822e+00,-1.621222018762883410e+00,-3.572535972745290778e+00
-1.601535468561750220e+00,-1.616558375240443546e+00,-3.582959485550357037e+00
-1.601262792554614789e+00,-1.594144388774431764e+00,-3.585320132795714265e+00
-1.588177390622873553e+00,-1.552562838493240172e+00,-3.579028975585763828e+00
-1.560268249102376714e+00,-1.491290948164291530e+00,-3.563581888283201771e+00
-1.515852675551656148e+00,-1.410715375341846878e+00,-3.538603358372139240e+00
-1.453777732426010161e+00,-1.312294160238618890e+00,-3.503901185411137931e+00
-1.373714057581513659e+00,-1.198690581148690759e+00,-3.459467860462912991e+00
-1.276304508261639103e+00,-1.073651307539657207e+00,-3.405428486580077241e+00
-1.163115573272673675e+00,-9.416514293086669651e-01,-3.341999974873765211e+00
-1.036537807164551239e+00,-8.075278191932486749e-01,-3.269498151611458070e+00
-8.997447618463603192e-01,-6.762331263069258913e-01,-3.188350128781102466e+00
-7.566420860324075681e-01,-5.526304710830307609e-01,-3.099054042919797691e+00
-6.116804325272209297e-01,-4.412028862912789062e-01,-3.002098390702395481e+00
-4.695378278525964566e-01,-3.457036007377725095e-01,-2.897909976849973646e+00
-3.348069791021126562e-01,-2.689034219504751189e-01,-2.786865112532152189e+00
-2.117760039110335724e-01,-2.125355248982725431e-01,-2.669318722700079860e+00
-1.042513183957693990e-01,-1.773760641188328879e-01,-2.545584177024045935e+00
-1.534714949352478097e-02,-1.633284150847820193e-01,-2.415861068556028890e+00
5.272022268387677180e-02,-1.694654695283900336e-01,-2.280179196950975484e+00
9.873193908158106602e-02,-1.940936790564872227e-01,-2.138419336238394308e+00
1.224472944081072545e-01,-2.348868950302337444e-01,-1.990399333365734158e+00
1.245473328494978160e-01,-2.890464333690452303e-01,-1.835967655541001387e+00
1.065613395446538547e-01,-3.534440713475980878e-01,-1.675071268786327394e+00
7.069248546897666241e-02,-4.247942382232948733e-01,-1.507809286682578520e+00
1.954787979100619522e-02,-4.998832983017926779e-01,-1.334483368631449451e+00
-4.400702580216997450e-02,-5.757285748985999652e-01,-1.155624712733625881e+00
-1.166736593016585166e-01,-6.495237148691421769e-01,-9.719768724106400137e-01
-1.943973916559412762e-01,-7.184814123092526650e-01,-7.844522908281544860e-01
-2.723523610333870026e-01,-7.798712007730246309e-01,-5.941009175680038723e-01
-3.454690793893547274e-01,-8.313367561150832863e-01,-4.020954047138635690e-01
-4.092262050517179173e-01,-8.712175158686615850e-01,-2.096916392849348665e-01
-4.602108744624706094e-01,-8.985945941739772458e-01,-1.813247987921537407e-02
-4.962242551023081649e-01,-9.131114137351238336e-01,1.714746062144228145e-01
-5.160933313811788548e-01,-9.148059918314900285e-01,3.582339606739270987e-01
-5.194652921987896743e-01,-9.040509043277474843e-01,5.414556672676518190e-01
-5.067247558378189520e-01,-8.815304911610482019e-01,7.206036836687974567e-01
-4.790070768566127013e-01,-8.482093174148347403e-01,8.952598099136530596e-01
-4.382001956227186135e-01,-8.053116593085398733e-01,1.065120325085455066e+00
-3.868340110104159235e-01,-7.542956521729340391e-01,1.229994162586481199e+00
-3.278317321398057094e-01,-6.967730523927890829e-01,1.389779838206330886e+00
-2.641963731769727541e-01,-6.343893965598101925e-01,1.544438667392902031e+00
-1.987501558390437073e-01,-5.687356800324496753e-01,1.693991677388648753e+00
-1.340036512430408111e-01,-5.013191488965191844e-01,1.838537093010381707e+00
-7.214957865656623781e-02,-4.335552349012347095e-01,1.978261624819665165e+00
-1.511033644463766201e-02,-3.667457391973659719e-01,2.113431733594638651e+00
3.545241938710697038e-02,-3.020445816800814143e-01,2.244374438023040597e+00
7.822063031904680219e-02,-2.404190851706107246e-01,2.371456076466934348e+00
1.123683768986496467e-01,-1.826051501784147213e-01,2.495051324009489591e+00
1.376816023971660918e-01,-1.290619196405258240e-01,2.615498501652803842e+00
1.545564768895745233e-01,-7.994740073664996505e-02,2.733062860028298680e+00
1.638527767220564479e-01,-3.514177991601585838e-02,2.847938731057443995e+00
1.666649491831366792e-01,5.669078555323725510e-03,2.960291046963278827e+00
1.641275694158201848e-01,4.288036793680882752e-02,3.070297890767427873e+00
1.573599750936014452e-01,7.690422543897756924e-02,3.178157103866154465e+00
1.475621101523085787e-01,1.082138493678608260e-01,3.284061548186826940e+00
1.361339928153881829e-01,1.374397933444513331e-01,3.388178012523712201e+00
1.246207889100161559e-01,1.653687121301476992e-01,3.490649021831866872e+00
1.144144811396567984e-01,1.927706371173762978e-01,3.591602282201437735e+00
1.064198541731107284e-01,2.201796668288540371e-01,3.691148205902354373e+00
1.010130224405803023e-01,2.478391971853011189e-01,3.789372685756703607e+00
9.835137324501186384e-02,2.758645829099937163e-01,3.886344900259328661e+00
9.868098031090366540e-02,3.044404059859617817e-01,3.982138204297752004e+00
1.022722187108218161e-01,3.338358709211317610e-01,4.076841234012032800e+00
1.090922904885265332e-01,3.642402914992768359e-01,4.170549688395156274e+00
1.186856740499302454e-01,3.956353753514542104e-01,4.263355551163757085e+00
1.304490868430288053e-01,4.278574638767211891e-01,4.355349809905327163e+00
1.439133558186389550e-01,4.607143042983531389e-01,4.446631104731856965e+00
1.586027483967860086e-01,4.938887352046388290e-01,4.537300788288217035e+00
1.736474003871832927e-01,5.266401593071119436e-01,4.627434859967261893e+00
1.877468956842915926e-01,5.576968949686554877e-01,4.717042198964866984e+00
1.996815838046515079e-01,5.856354599815978279e-01,4.806041098804901601e+00
2.088366461606661062e-01,6.094562134329889469e-01,4.894297748627932876e+00
2.151442200998103793e-01,6.287490763390062298e-01,4.981734994076043144e+00
2.185754920534099810e-01,6.433162172012570901e-01,5.068444106657305603e+00
2.188547935433038383e-01,6.527928168557646238e-01,5.154701989523739591e+00
2.157031548585810476e-01,6.567419827321593351e-01,5.240870441938153768e+00
2.091886123403114972e-01,6.550034577748473641e-01,5.327258012264451281e+00
1.996727324478109189e-01,6.477658302245232758e-01,5.414036718770113055e+00
1.874484701604592907e-01,6.353004103794512858e-01,5.501226962169408097e+00
1.725695612914552868e-01,6.177762075376437290e-01,5.588707986374657821e+00
1.550684681229972384e-01,5.953950638911141846e-01,5.676234351073813578e+00
1.352575685467534150e-01,5.686269389339426716e-01,5.763475773231648169e+00
1.137771879945348452e-01,5.382834242244014522e-01,5.850079241456075607e+00
9.141936786076465538e-02,5.054815810797987918e-01,5.935707964141556658e+00
6.897427913666609456e-02,4.716613466301554647e-01,6.020016339164376618e+00
4.720820088238886214e-02,4.386018964748755744e-01,6.102580080634426807e+00
2.686774824688153984e-02,4.082370476615291288e-01,6.182842358198235466e+00
8.599938749941138383e-03,3.822531149370624881e-01,6.260109470627601702e+00
-7.163169794118573463e-03,3.617419729366656567e-01,6.333574596046569916e+00
-2.022392852121868145e-02,3.472049843771322086e-01,6.402334371819757841e+00
-3.051996930985545475e-02,3.388831311259928869e-01,6.465390028621902374e+00
-3.803107964646912365e-02,3.370574384022672065e-01,6.521644806782401105e+00
-4.278526974864504950e-02,3.420324924813307188e-01,6.569912018634732398e+00
-4.489218845751308251e-02,3.539298710833995720e-01,6.608951541861017631e+00
-4.449983431001980350e-02,3.726120382720429225e-01,6.637541090053495019e+00
-4.172947119400527427e-02,3.977362237472570894e-01,6.654545495311438685e+00
-3.671522973076157825e-02,4.286246336790400790e-01,6.658922430398058978e+00
-2.970881795733504305e-02,4.639033549080637808e-01,6.649652680444857467e+00
-2.107230011324912056e-02,5.013210727805579303e-01,6.625662202515774091e+00
-1.111659247822460728e-02,5.380277427968338522e-01,6.585813642583647542e+00
5.207853024380426632e-05,5.710291844261183858e-01,6.528974237917511303e+00
1.254642551378593041e-02,5.973961208111243648e-01,6.454097661485628024e+00
2.662442519027985455e-02,6.142113540340596867e-01,6.360256295903256252e+00
4.263523278480718659e-02,6.184877061640997598e-01,6.246617088096539483e+00
6.099911118966216961e-02,6.071822511302169545e-01,6.112404910619446241e+00
8.216681795955249612e-02,5.774067345211245650e-01,5.956885806699633079e+00
1.065236086711354169e-01,5.269556780206674507e-01,5.779349085480680159e+00
1.342637190914448553e-01,4.549531796075887979e-01,5.579062464311122405e+00
1.653119412074199879e-01,3.621339025851447735e-01,5.355245835962646694e+00
1.993368091560858701e-01,2.506806425356098433e-01,5.107150692462794517e+00
2.357754759995414062e-01,1.241260382356391134e-01,4.834255781743848956e+00
2.737466232732452820e-01,-1.243959306729425229e-02,4.536476360333712599e+00
3.118882241406983891e-01,-1.523549437793491335e-01,4.214275111902340498e+00
3.483172642765346438e-01,-2.880148561468255375e-01,3.868662951713373932e+00
3.808136121247669426e-01,-4.118028583867940906e-01,3.501172755770342704e+00
4.071090647090083170e-01,-5.167682953282246583e-01,3.113892392002469478e+00
4.251249059073987091e-01,-5.970270966424229275e-01,2.709562498431000499e+00
4.331401346519269113e-01,-6.481001622946003238e-01,2.291659222183380695e+00
4.299406094377669074e-01,-6.670696620403206989e-01,1.864385607310405923e+00
4.149475613072104441e-01,-6.524222008261475469e-01,1.432582686447715137e+00
3.883012729810036978e-01,-6.039053321612025682e-01,1.001615306358042634e+00
3.509065179763295461e-01,-5.227208587729131883e-01,5.772202987401787722e-01
3.044332253525091625e-01,-4.117681217417228923e-01,1.652517693564427570e-01
2.512233807426834109e-01,-2.754581488546441470e-01,-2.286505482308376913e-01
1.940802943251104529e-01,-1.191902849048806223e-01,-5.993191502059637132e-01
1.359951396673899637e-01,5.103253931511447794e-02,-9.421425401117727860e-01
7.989411067449836423e-02,2.287366107063870113e-01,-1.253068062119627735e+00
2.843743897218353744e-02,4.071560908719439320e-01,-1.528696826896751793e+00
-1.615922602958430598e-02,5.795695561396314588e-01,-1.766503282373784067e+00
-5.231124469175418845e-02,7.395453099392974572e-01,-1.965054523196317238e+00
-7.924006164205366076e-02,8.809475716604506790e-01,-2.124141097379138809e+00
-9.708400247035431363e-02,9.979636556377671219e-01,-2.244866071403980090e+00
-1.069081463438450452e-01,1.085545402878904442e+00,-2.329724397411517600e+00
-1.105993548376418278e-01,1.140362841411834749e+00,-2.382547313320561688e+00
-1.106130983427238146e-01,1.161965064711941942e+00,-2.408171232176768761e+00
-1.095245661038342089e-01,1.153600203749388431e+00,-2.411926996309943672e+00
-1.094266707052062859e-01,1.122112177388072229e+00,-2.399233912038954752e+00
-1.113933826007678096e-01,1.076609987494117293e+00,-2.375433640596986251e+00
-1.152993084854816441e-01,1.026299858174138269e+00,-2.345694503094867045e+00
-1.201029196951681755e-01,9.785740378190616040e-01,-2.314764407760512732e+00
-1.243860226872890440e-01,9.383390529546943304e-01,-2.286587282577277058e+00
-1.268071666070831327e-01,9.085207572137303789e-01,-2.263977630627532101e+00
-1.262963250415359839e-01,8.908076946889647019e-01,-2.248478649568350196e+00
-1.220729187875406740e-01,8.859720172514040648e-01,-2.240378538219214288e+00
-1.136392608615465205e-01,8.939796300253080030e-01,-2.238809529885492644e+00
-1.007913060197852539e-01,9.143138886265151921e-01,-2.241879236138838216e+00
-8.359438246423600560e-02,9.464121701306340562e-01,-2.246818275964372003e+00
-6.228825463840681476e-02,9.898397233296928333e-01,-2.250171908737522486e+00
-3.714205424966920965e-02,1.044144808427459381e+00,-2.248077219386283687e+00
-8.299406323112212824e-03,1.108625636975238971e+00,-2.236611587199335283e+00
2.436858242538153529e-02,1.182161307977793063e+00,-2.212144055627812467e+00
6.142816798050443339e-02,1.263147657897375264e+00,-2.171637175500673145e+00
1.040777002136407114e-01,1.349568133033050676e+00,-2.112917514483725334e+00
1.542677279647590716e-01,1.439118936481193822e+00,-2.034963929086813117e+00
2.146184097241842226e-01,1.529237143651591913e+00,-1.938102055195548346e+00
2.882217126692077080e-01,1.617134876476839844e+00,-1.823811054276407218e+00
3.785187062442917916e-01,1.700158270932804916e+00,-1.694137915205756073e+00
4.891690210267737871e-01,1.776426988528739592e+00,-1.551254835021125045e+00
6.237463762586991090e-01,1.845239899378822379e+00,-1.397489797126551414e+00
7.855754463955124667e-01,1.907032065515531505e+00,-1.235349287931494677e+00
9.780984804613301886e-01,1.963250478177684721e+00,-1.067179892231227223e+00
1.205201178863303468e+00,2.016191724642176997e+00,-8.951932724599327429e-01
1.470533570894839492e+00,2.068214959326210689e+00,-7.224430670515464836e-01
1.776182373604205056e+00,2.120380310320758799e+00,-5.538096127285474513e-01
2.121551733574695398e+00,2.171541561426523437e+00,-3.961896201643273496e-01
2.500714759534266918e+00,2.218004755869261047e+00,-2.594303886820481519e-01
2.894986331763210963e+00,2.252461212426927872e+00,-1.592719735210494925e-01
3.263066255325405507e+00,2.262483689798675535e+00,-1.183025265559398687e-01
3.263093522178516004e+00,2.262375049943085248e+00,-1.196207337778023572e-01
3.263082088709489792e+00,2.262460537516962855e+00,-1.183085777096526403e-01
