-6.772364072936296608e-01,9.477002718995740371e-02,-1.674866113432452175e-01
-6.769574725473974652e-01,9.574782798358048852e-02,-1.672372636249625233e-01
-6.765612972161889616e-01,9.672837441011877813e-02,-1.669587899627292815e-01
-6.760577207905374975e-01,9.771594925481191796e-02,-1.666543198163807915e-01
-6.754752905495825521e-01,9.872173886658025532e-02,-1.663304706671868138e-01
-6.748225973601178485e-01,9.975118908640512316e-02,-1.659896540663305664e-01
-6.740981662561469356e-01,1.008070441303434706e-01,-1.656318563578549896e-01
-6.733106480560852036e-01,1.018957127384209072e-01,-1.652587418267904007e-01
-6.724714240092302120e-01,1.030247246263348293e-01,-1.648726106884033649e-01
-6.715822489788213501e-01,1.041985890088311661e-01,-1.644743311189968415e-01
-6.706402523078365263e-01,1.054202866280143092e-01,-1.640644703584538677e-01
-6.696459381918975495e-01,1.066937909101714904e-01,-1.636448641016605698e-01
-6.686001376147630015e-01,1.080230802486242814e-01,-1.632179500835823083e-01
-6.674990848981977587e-01,1.094105523291694221e-01,-1.627857248473392748e-01
-6.663365268972316624e-01,1.108576743193799563e-01,-1.623500999976408565e-01
-6.651071577321544526e-01,1.123660462754077355e-01,-1.619134935547248966e-01
-6.638058186483166700e-01,1.139371291239212880e-01,-1.614785238512672916e-01
-6.624257422947243956e-01,1.155717031209308604e-01,-1.610475368872711921e-01
-6.609590951092836342e-01,1.172700777193439736e-01,-1.606227321700974819e-01
-6.593981200011926891e-01,1.190324851502780473e-01,-1.602064924589081674e-01
-6.577351544992462440e-01,1.208591041256126958e-01,-1.598013446176505259e-01
-6.559622250772436658e-01,1.227499463025425730e-01,-1.594095828487085142e-01
-6.540709722045336960e-01,1.247048484705209070e-01,-1.590328940974248262e-01
-6.520527854666653411e-01,1.267235254614108575e-01,-1.586722354196335172e-01
-6.498989642781745069e-01,1.288056118556600571e-01,-1.583279694629598500e-01
-6.476008518676699133e-01,1.309506551267074770e-01,-1.580000536424249757e-01
-6.451499403322747961e-01,1.331580370026386184e-01,-1.576881076067397913e-01
-6.425380056216380975e-01,1.354268399896120245e-01,-1.573913676320221888e-01
-6.397573131329055141e-01,1.377557179646139995e-01,-1.571086222624559769e-01
-6.368008533966329487e-01,1.401428419416083093e-01,-1.568381739392082086e-01
-6.336625340089148128e-01,1.425859556690816932e-01,-1.565778235099089810e-01
-6.303373182280473941e-01,1.450825162578336658e-01,-1.563248892365695086e-01
-6.268213746881652337e-01,1.476298734870042373e-01,-1.560762866599270382e-01
-6.231122830265432011e-01,1.502254704183492162e-01,-1.558286761927873409e-01
-6.192092511327158544e-01,1.528670595286824863e-01,-1.555786815284717628e-01
-6.151132544099199295e-01,1.555528949003796013e-01,-1.553232110041571912e-01
-6.108270491889713494e-01,1.582818641776398416e-01,-1.550598958975454578e-01
-6.063550586475703330e-01,1.610535855251025716e-01,-1.547875431489516007e-01
-6.017031029830549604e-01,1.638684720363646763e-01,-1.545063964246847776e-01
-5.968779147544045482e-01,1.667276218890719197e-01,-1.542180814782701803e-01
-5.918864751464096852e-01,1.696323855780419998e-01,-1.539253641032912734e-01
-5.867353845313476590e-01,1.725837471237740006e-01,-1.536320179564560073e-01
-5.814305134567292477e-01,1.755818908880933393e-01,-1.533429689803528784e-01
-5.759769700512085144e-01,1.786261146196701233e-01,-1.530645576996325641e-01
-5.703791926070087559e-01,1.817148361198097362e-01,-1.528045799960811857e-01
-5.646409990230356613e-01,1.848454077731136458e-01,-1.525719215357493608e-01
-5.587656279132182657e-01,1.880138138025653216e-01,-1.523759142827133262e-01
-5.527558928728535381e-01,1.912145202505746155e-01,-1.522256919385530649e-01
-5.466144501258511923e-01,1.944405475321188126e-01,-1.521297077534434217e-01
-5.403440520108326872e-01,1.976836219542924544e-01,-1.520953952426764011e-01
-5.339476827181692808e-01,2.009343212002475398e-01,-1.521288981390326311e-01
-5.274285697547524965e-01,2.041822486718423701e-01,-1.522348530804343847e-01
-5.207901045641256665e-01,2.074162257211251692e-01,-1.524162434274887179e-01
-5.140356908573824324e-01,2.106244109031243927e-01,-1.526743144592576651e-01
-5.071685353025862097e-01,2.137943163499975152e-01,-1.530085217840801981e-01
-5.001914188659095650e-01,2.169128070243584450e-01,-1.534165237911699620e-01
-4.931065161588109591e-01,2.199661903651007611e-01,-1.538942765096697196e-01
-4.859153307279400202e-01,2.229404385852554460e-01,-1.544362724409326648e-01
-4.786187507975215860e-01,2.258214974350655491e-01,-1.550358829458330923e-01
-4.712171383203809238e-01,2.285955629696883595e-01,-1.556856932930334447e-01
-4.637103678272310181e-01,2.312492306153426103e-01,-1.563777344862024854e-01
-4.560978641806927580e-01,2.337695726842559663e-01,-1.571036074591693754e-01
-4.483787763835496154e-01,2.361443194079934638e-01,-1.578545786644862114e-01
-4.405523138379028314e-01,2.383622213917898081e-01,-1.586217388038636544e-01
-4.326180929171491440e-01,2.404134631353870011e-01,-1.593962801801991624e-01
-4.245763415010166408e-01,2.422899489948056040e-01,-1.601699013949747230e-01
-4.164279729456089041e-01,2.439854263305193949e-01,-1.609352770696262924e-01
-4.081746288637132514e-01,2.454955214303424782e-01,-1.616864481658801256e-01
-3.998187151944453399e-01,2.468177312133314760e-01,-1.624189971016983813e-01
-3.913633759663346368e-01,2.479513544412686177e-01,-1.631300060874598945e-01
-3.828123749912316631e-01,2.488973479204583950e-01,-1.638179030400560010e-01
-3.741699145144253280e-01,2.496581050591583084e-01,-1.644822509522912701e-01
-3.654404380169277156e-01,2.502371549735371570e-01,-1.651234639902642853e-01
-3.566284664641566904e-01,2.506388174759235921e-01,-1.657424969940731185e-01
-3.477385054173089962e-01,2.508678881536219318e-01,-1.663406261152996501e-01
-3.387749965023968413e-01,2.509293848953853545e-01,-1.669193300750864695e-01
-3.297422239834844060e-01,2.508283191009345603e-01,-1.674801479829164108e-01
-3.206441293196589104e-01,2.505694917470708272e-01,-1.680244866143543181e-01
-3.114840969887758826e-01,2.501574086623597482e-01,-1.685535282611287378e-01
-3.022648077395881372e-01,2.495963791844477697e-01,-1.690683094513572848e-01
-2.929881869160783081e-01,2.488907020806696013e-01,-1.695697984679458148e-01
-2.836554245628824522e-01,2.480447607296081269e-01,-1.700588092331860590e-01
-2.742670574282615736e-01,2.470629573286610703e-01,-1.705358606527637988e-01
-2.648231034624537461e-01,2.459495769203532134e-01,-1.710011936533082366e-01
-2.553232014296206165e-01,2.447087157353854403e-01,-1.714549452239803040e-01
-2.457667051838229033e-01,2.433443288186763476e-01,-1.718972977459996554e-01
-2.361527334698889924e-01,2.418603465021500476e-01,-1.723285070043524270e-01
-2.264802087336481584e-01,2.402607567779354025e-01,-1.727488621630247634e-01
-2.167479032360450364e-01,2.385495870372726368e-01,-1.731586357118328201e-01
-2.069544951237854979e-01,2.367308172315308046e-01,-1.735580307564832392e-01
-1.970986340818199900e-01,2.348083144629880825e-01,-1.739471469749909183e-01
-1.871789992870501740e-01,2.327858312574128397e-01,-1.743260094243932468e-01
-1.771943282549311716e-01,2.306670379066162735e-01,-1.746946845587623309e-01
-1.671434338124621888e-01,2.284555643543603187e-01,-1.750534726536567831e-01
-1.570252380079223409e-01,2.261550555690797215e-01,-1.754030928970698178e-01
-1.468387858069738483e-01,2.237692086488570764e-01,-1.757446892318672294e-01
-1.365831764589467145e-01,2.213017385489351729e-01,-1.760795726285319385e-01
-1.262574641803052566e-01,2.187563070552147049e-01,-1.764089033455330247e-01
-1.158606701114513887e-01,2.161365196350713558e-01,-1.767336150312475984e-01
-1.053919289457420777e-01,2.134460010136471353e-01,-1.770545595674033468e-01
-9.485062230157999263e-02,2.106884508844692749e-01,-1.773725667655992322e-01
-8.423639883051871335e-02,2.078676586478783173e-01,-1.776883412891065994e-01
-7.354915366439052082e-02,2.049875700492190811e-01,-1.780024701556227051e-01
-6.278903790435119703e-02,2.020524009041880786e-01,-1.783156378802274178e-01
-5.195643696896864311e-02,1.990666435379259969e-01,-1.786287142542714590e-01
-4.105188291031117848e-02,1.960349237538175360e-01,-1.789424764663496425e-01
-3.007600482397797606e-02,1.929618905599794210e-01,-1.792572583606574510e-01
-1.902956612234189132e-02,1.898522593886655119e-01,-1.795729260617037193e-01
-7.913440706051173140e-03,1.867108648286520400e-01,-1.798891038297988354e-01
3.271585210103683181e-03,1.835425630093754090e-01,-1.802052968906185937e-01
1.452503356341550145e-02,1.803520826850991410e-01,-1.805208484949895609e-01
2.584675836536798679e-02,1.771440161822744330e-01,-1.808349561866542665e-01
3.723680957797276259e-02,1.739229323515647796e-01,-1.811468139414642853e-01
4.869535354888211709e-02,1.706934522249552999e-01,-1.814557005107911292e-01
6.022271953041904990e-02,1.674602592581825866e-01,-1.817609245719604139e-01
7.181942697552193278e-02,1.642281574594354476e-01,-1.820617720759925007e-01
8.348605672622208540e-02,1.610022179731700198e-01,-1.823575950759541153e-01
9.522297909517804526e-02,1.577879235870671693e-01,-1.826479658382896276e-01
1.070300437856853693e-01,1.545912345411634414e-01,-1.829327039234444618e-01
1.189063449587608456e-01,1.514185960057439495e-01,-1.832116947342967983e-01
1.308501319050970335e-01,1.482769399520723064e-01,-1.834846149501511425e-01
1.428588332172235353e-01,1.451736977117299432e-01,-1.837507756044193252e-01
1.549290743234031376e-01,1.421168029274735845e-01,-1.840092187490611764e-01
1.670566102027285504e-01,1.391146545870746432e-01,-1.842590177643423366e-01
1.792362093272092949e-01,1.361760319846868350e-01,-1.844995682637018963e-01
1.914615510300256007e-01,1.333099924176702478e-01,-1.847306661443440245e-01
2.037251458593857811e-01,1.305257799251264283e-01,-1.849523926739312096e-01
2.160182826420383728e-01,1.278327206691431683e-01,-1.851650499292510355e-01
2.283310246864621029e-01,1.252400714470503773e-01,-1.853692962288767121e-01
2.406522269652021373e-01,1.227568560230589412e-01,-1.855662780595923600e-01
2.529695128176346897e-01,1.203917427795632988e-01,-1.857574534355356244e-01
2.652692521967794370e-01,1.181529197278728960e-01,-1.859441869815265103e-01
2.775366760650405662e-01,1.160478721530768115e-01,-1.861275332494821688e-01
2.897561335273001193e-01,1.140830951632555434e-01,-1.863083607011848941e-01
3.019112923605852816e-01,1.122639026118015249e-01,-1.864874790273784999e-01
3.139851223793505008e-01,1.105943990909918351e-01,-1.866654839843530922e-01
3.259597579433068937e-01,1.090774835275500065e-01,-1.868425373858300653e-01
3.378164588503310695e-01,1.077147468315524104e-01,-1.870184513215117361e-01
3.495357411863867503e-01,1.065063037403513047e-01,-1.871930365523649942e-01
3.610975752974426300e-01,1.054506788176631515e-01,-1.873663607988700908e-01
3.724815609188207866e-01,1.045447625314245010e-01,-1.875387487113012730e-01
3.836670961610726960e-01,1.037837721019497506e-01,-1.877106610228249095e-01
3.946335721536645136e-01,1.031612081357289462e-01,-1.878826085859147121e-01
4.053605514066411231e-01,1.026688558162291154e-01,-1.880551206482624083e-01
4.158278643745377812e-01,1.022968372801291576e-01,-1.882287459890271131e-01
4.260156308531233282e-01,1.020336761010240956e-01,-1.884040807850311250e-01
4.359042733510815060e-01,1.018663687639874693e-01,-1.885817973759275068e-01
4.454745540714376562e-01,1.017804991852837848e-01,-1.887626565182354832e-01
4.547076118999852090e-01,1.017604125871997001e-01,-1.889475337119476128e-01
4.635850116753480465e-01,1.017894368654102821e-01,-1.891374658356748673e-01
4.720888932890566214e-01,1.018501525702744381e-01,-1.893336389278342247e-01
4.802022801868404134e-01,1.019247270316757242e-01,-1.895372566170008821e-01
4.879094858951300573e-01,1.019953141264115792e-01,-1.897493715138396375e-01
4.951965107122717757e-01,1.020445133451222675e-01,-1.899708239791688125e-01
5.020514125816484263e-01,1.020558901601012897e-01,-1.902023003410192037e-01
5.084647230363237291e-01,1.020145413159958686e-01,-1.904443745965025692e-01
5.144299319936468384e-01,1.019076434263424535e-01,-1.906974557496830813e-01
5.199439639411969072e-01,1.017249137022675359e-01,-1.909617522529344913e-01
5.250075683679000793e-01,1.014589565275528793e-01,-1.912373922588711805e-01
5.296256310738601814e-01,1.011055085186379904e-01,-1.915246215482061531e-01
5.338074217998898252e-01,1.006635848466786165e-01,-1.918238383789762080e-01
5.375667132581360974e-01,1.001355057851687214e-01,-1.921353923810675823e-01
5.409217224201963159e-01,9.952679207661233041e-02,-1.924593940320571406e-01
5.438949894763590587e-01,9.884594848299749215e-02,-1.927958126743286593e-01
5.465133672409130394e-01,9.810416298015767200e-02,-1.931447856077337932e-01
5.488080615968415898e-01,9.731492711496134151e-02,-1.935067337327348314e-01
5.508144104446915934e-01,9.649356442235471065e-02,-1.938819895005546579e-01
5.525711924693855748e-01,9.565666104539152781e-02,-1.942700663113874349e-01
5.541196019356977587e-01,9.482141074253894186e-02,-1.946689429281737160e-01
5.555021419427492724e-01,9.400488984910418400e-02,-1.950745754938657539e-01
5.567614612987529243e-01,9.322326691577029201e-02,-1.954805783445177636e-01
5.579389739203379772e-01,9.249095413757643658e-02,-1.958780061734534117e-01
5.590732180774935500e-01,9.181974873241344204e-02,-1.962553878849130906e-01
5.601981199185843696e-01,9.121808550228960311e-02,-1.965992966331313041e-01
5.613413446632720127e-01,9.069058098452051353e-02,-1.968956481916880330e-01
5.625228511452033953e-01,9.023803619957590505e-02,-1.971316712910975988e-01
5.637538568763309499e-01,8.985795291030454490e-02,-1.972981440337798764e-01
5.650365904790277671e-01,8.954544332661626416e-02,-1.973911530066870812e-01
5.663651169130845542e-01,8.929426518961583459e-02,-1.974126475459183627e-01
5.677270938025043012e-01,8.909769098862579950e-02,-1.973696467302503976e-01
5.691059273627576687e-01,8.894905337870165352e-02,-1.972727052612893162e-01
5.704827988294853824e-01,8.884201171594631463e-02,-1.971344552156069074e-01
5.718383192625953182e-01,8.877070176949851399e-02,-1.969685961878009650e-01
5.731537982576837553e-01,8.872988382977278765e-02,-1.967891976099542251e-01
5.744121913312486560e-01,8.871507662220266821e-02,-1.966100831142386651e-01
5.755988530043940621e-01,8.872260199286172155e-02,-1.964442439565746712e-01
5.767022413739476550e-01,8.874951113248280565e-02,-1.963033286067981664e-01
5.777145621650547902e-01,8.879343376577028546e-02,-1.961972283697552555e-01
5.786321325470292765e-01,8.885240702818106295e-02,-1.961337659381007237e-01
5.794552711714153759e-01,8.892471264972851008e-02,-1.961185382571277169e-01
5.801877552561476303e-01,8.900873467989207921e-02,-1.961550043253764419e-01
5.808360198041866429e-01,8.910286134600327312e-02,-1.962448631009119093e-01
5.814082194166279027e-01,8.920546269411637474e-02,-1.963885929696142785e-01
5.819132490046909911e-01,8.931494798809630487e-02,-1.965858481323857765e-01
5.823599103263688015e-01,8.942985189427921089e-02,-1.968354975186069611e-01
5.827564119699970568e-01,8.954887299116284782e-02,-1.971354499222457424e-01
5.831101900996700227e-01,8.967084015339513159e-02,-1.974825946865538528e-01
5.834278453372502282e-01,8.979466697278239151e-02,-1.978729278870133557e-01
5.837150351581206209e-01,8.991936144092155248e-02,-1.983016387452108398e-01
5.839763553752232994e-01,9.004407052150267821e-02,-1.987630761425178416e-01
5.842153246413370749e-01,9.016808563081382677e-02,-1.992508152858455950e-01
5.844344864047129606e-01,9.029080118385893194e-02,-1.997579347809519401e-01
5.846355600626038651e-01,9.041169466320542192e-02,-2.002772771121212325e-01
5.848196371860128195e-01,9.053034878008299480e-02,-2.008015160207233807e-01
5.849874791494689141e-01,9.064644269236044050e-02,-2.013232089149532833e-01
5.851398641664353750e-01,9.075966991265595196e-02,-2.018350332425765115e-01
5.852777994706080955e-01,9.086965879066669083e-02,-2.023300716654571341e-01
5.854025040493986420e-01,9.097598207412566085e-02,-2.028019376492145587e-01
5.855152905189685564e-01,9.107822055154367324e-02,-2.032448280510514294e-01
5.856175164200901895e-01,9.117598294768551603e-02,-2.036536974936138389e-01
5.857106011167489967e-01,9.126887179132267547e-02,-2.040245115278788712e-01
5.857959989511810628e-01,9.135647951371461684e-02,-2.043544224353879279e-01
5.858751044196386371e-01,9.143846607601520404e-02,-2.046418835088741894e-01
5.859491525768083520e-01,9.151467295079765418e-02,-2.048867714771607507e-01
5.860191476288918455e-01,9.158519408145522622e-02,-2.050903949804717408e-01
5.860858186064581421e-01,9.165036425864225844e-02,-2.052552282951348450e-01
5.861496301842238354e-01,9.171067749240925659e-02,-2.053844699377793126e-01
5.862108685672289266e-01,9.176668033368928779e-02,-2.054816914485975421e-01
5.862697469552866636e-01,9.181889086218161800e-02,-2.055506764576868206e-01
5.863264544618864704e-01,9.186776671125679306e-02,-2.055953386318556952e-01
5.863811477539555561e-01,9.191370607233909085e-02,-2.056196217136069260e-01
5.864339356275424242e-01,9.195705539339026069e-02,-2.056273975518287389e-01
5.864848673229651199e-01,9.199811882916489325e-02,-2.056223885387328809e-01
5.865338974511929981e-01,9.203717735262349764e-02,-2.056080942756542129e-01
5.865808380494039742e-01,9.207451199382521434e-02,-2.055877085424899220e-01
5.866253525104140332e-01,9.211041342185297132e-02,-2.055640403165263641e-01
5.866670118416028590e-01,9.214517218698833889e-02,-2.055394424426104372e-01
5.867053720042647580e-01,9.217906414213514199e-02,-2.055157379809524065e-01
5.867400509359503857e-01,9.221234677635274657e-02,-2.054941559178932731e-01
5.867708543064025228e-01,9.224526678725389339e-02,-2.054753103009271387e-01
5.867979669129219644e-01,9.227807136100357743e-02,-2.054592433560878950e-01
5.868220845111248307e-01,9.231102145394655401e-02,-2.054455225804656116e-01
5.868443324502048419e-01,9.234440506716966313e-02,-2.054333636140023012e-01
5.868660171022331840e-01,9.237853568709099294e-02,-2.054217466373071677e-01
5.868884348671654649e-01,9.241372184412327551e-02,-2.054095000919153591e-01
5.869128553194105091e-01,9.245022205527893278e-02,-2.053953456512299380e-01
5.869405598260744039e-01,9.248822061793179894e-02,-2.053779244666243953e-01
5.869727977760074156e-01,9.252783827885122103e-02,-2.053558322939774139e-01
5.870106897786699918e-01,9.256915450096867004e-02,-2.053276694833593430e-01
5.870551543788600224e-01,9.261221934138386125e-02,-2.052920869160376194e-01
5.871068381186784757e-01,9.265706700122228190e-02,-2.052478174956893220e-01
5.871660428648406427e-01,9.270374897957886495e-02,-2.051937181443974079e-01
5.872327709130442663e-01,9.275236677541184860e-02,-2.051288570758114660e-01
5.873069663736564250e-01,9.280306518363727608e-02,-2.050526413681169058e-01
5.873888004051834866e-01,9.285599177229039713e-02,-2.049649394932120117e-01
5.874787625115787115e-01,9.291128214570629207e-02,-2.048661649410682406e-01
5.875775186585845411e-01,9.296911120685150132e-02,-2.047573240603933475e-01
5.876856999306345752e-01,9.302977020841679545e-02,-2.046400332026382662e-01
5.878037548529977396e-01,9.309368969220288559e-02,-2.045164837872450736e-01
5.879318581855442760e-01,9.316138470806456517e-02,-2.043893381662275077e-01
5.880698309750244102e-01,9.323338171419687237e-02,-2.042615812940443143e-01
5.882170929914330992e-01,9.331019128880407854e-02,-2.041363721754130001e-01
5.883727241521568008e-01,9.339231461851749128e-02,-2.040169047740790775e-01
5.885356855835948142e-01,9.348022002597092261e-02,-2.039062557115696173e-01
5.887051296358016828e-01,9.357427395529732683e-02,-2.038072270746194015e-01
5.888805969704411503e-01,9.367469812724768530e-02,-2.037222525905186266e-01
5.890619434319794845e-01,9.378162696225576800e-02,-2.036534252900911168e-01
5.892490906522230842e-01,9.389523993092688259e-02,-2.036026071549063010e-01
5.894418680076689565e-01,9.401586616504530036e-02,-2.035715119225484648e-01
5.896400694257688535e-01,9.414399837641859725e-02,-2.035617032152403638e-01
5.898435871280189868e-01,9.428024179704271035e-02,-2.035745446508466783e-01
5.900524618444111802e-01,9.442524283640672811e-02,-2.036111506039239294e-01
5.902668644940729514e-01,9.457960560283308615e-02,-2.036723417852169815e-01
5.904870795504698622e-01,9.474381052020364180e-02,-2.037586134834532547e-01
5.907134630812056475e-01,9.491818975842578054e-02,-2.038701474711738237e-01
5.909463498535096893e-01,9.510298782998964640e-02,-2.040068455040972561e-01
5.911860028063289363e-01,9.529844698438051653e-02,-2.041682987873562061e-01
5.914326808902170551e-01,9.550483403730078424e-02,-2.043536744880604938e-01
5.916867199133593047e-01,9.572240864734812837e-02,-2.045616271530355246e-01
5.919484638818129918e-01,9.595140405575609821e-02,-2.047903257266595611e-01
5.922180661607590046e-01,9.619205918958784185e-02,-2.050375408761029861e-01
5.924953513860344856e-01,9.644466509077541383e-02,-2.053006828686488039e-01
5.927798789782285915e-01,9.670956377584592756e-02,-2.055767738642976239e-01
5.930711724247895722e-01,9.698707627518117491e-02,-2.058624122827578118e-01
5.933689587093240458e-01,9.727740027262274380e-02,-2.061537662390190984e-01
5.936732577530065003e-01,9.758056108938922835e-02,-2.064466197406192860e-01
5.939842630095008014e-01,9.789647089953736059e-02,-2.067365149715737760e-01
5.943021129575438710e-01,9.822505324005686989e-02,-2.070189876403897011e-01
5.946267276793140155e-01,9.856633130207567706e-02,-2.072897939066596085e-01
5.949577800480934098e-01,9.892044403578205414e-02,-2.075450220360578468e-01
5.952947259127625568e-01,9.928765433488670467e-02,-2.077810865652952033e-01
5.956368314804483255e-01,9.966839990093034896e-02,-2.079946683293573684e-01
5.959832503207724841e-01,1.000633376333066732e-01,-2.081826333504493975e-01
5.963331989872884265e-01,1.004733093950533340e-01,-2.083419443298624996e-01
5.966861548827175898e-01,1.008992453801400013e-01,-2.084696170208123200e-01
5.970419644573869977e-01,1.013420811768031837e-01,-2.085627726853324648e-01
5.974008667417225471e-01,1.018027161725691410e-01,-2.086187541533317535e-01
5.977635229652742410e-01,1.022819759466135625e-01,-2.086352175962049582e-01
5.981310754253953421e-01,1.027805552870637573e-01,-2.086101716594559452e-01
5.985051486818693256e-01,1.032989754223146289e-01,-2.085420292965403100e-01
5.988877028299484095e-01,1.038376075924626607e-01,-2.084297348412017525e-01
5.992807556471125841e-01,1.043967782367877101e-01,-2.082729273361965117e-01
5.996861156609174515e-01,1.049769098196895456e-01,-2.080720208871359722e-01
6.001053094046318037e-01,1.055786103437439394e-01,-2.078281205786110808e-01
6.005397684566802230e-01,1.062026561383639656e-01,-2.075428202429112079e-01
6.009911200379418617e-01,1.068499102539413048e-01,-2.072180224754791578e-01
6.014613195873791396e-01,1.075212735505653994e-01,-2.068558849454925630e-01
6.019525232411477855e-01,1.082176996697012394e-01,-2.064588649913532969e-01
6.024668553559202611e-01,1.089402142633777576e-01,-2.060297452341245394e-01
6.030062829125134582e-01,1.096898985139315441e-01,-2.055715662566166280e-01
6.035726359226543103e-01,1.104678773260568403e-01,-2.050875054297812139e-01
6.041676623155871617e-01,1.112753461348301443e-01,-2.045807910213714997e-01
6.047930344392584701e-01,1.121135941561298699e-01,-2.040546865853024583e-01
6.054503264375826754e-01,1.129839789712323989e-01,-2.035125009927266360e-01
6.061410137820018029e-01,1.138878790021280452e-01,-2.029575575991785508e-01
6.068665167205045119e-01,1.148266636272268493e-01,-2.023930970481714886e-01
6.076282865348296980e-01,1.158016659520139935e-01,-2.018221468085746872e-01
6.084279241664494187e-01,1.168141403001861367e-01,-2.012474192166501252e-01
6.092673093650269323e-01,1.178652369132804356e-01,-2.006712726350143583e-01
6.101487148928728121e-01,1.189560136928400624e-01,-2.000957174791823945e-01
6.110748844301833183e-01,1.200874425023756298e-01,-1.995224435563848209e-01
6.120490526143512744e-01,1.212603860942685630e-01,-1.989528925463799891e-01
6.130749004403963642e-01,1.224756030795613043e-01,-1.983883971033011395e-01
6.141564866495047292e-01,1.237338281476884072e-01,-1.978303123141503250e-01
6.152982264533626289e-01,1.250358724366479324e-01,-1.972800118947720949e-01
6.165049429885625099e-01,1.263826623203517519e-01,-1.967387337135078629e-01
6.177819345243723559e-01,1.277752218800324302e-01,-1.962074147403510271e-01
6.191349847007275864e-01,1.292146558096135545e-01,-1.956866390704516956e-01
6.205703107166937738e-01,1.307021423034246954e-01,-1.951766616492716100e-01
6.220945013013130520e-01,1.322389109077670710e-01,-1.946773991159753692e-01
6.237144748653409287e-01,1.338262170985569099e-01,-1.941883765958533070e-01
6.254374350968411322e-01,1.354653457844856024e-01,-1.937087054949366283e-01
6.272707960105525782e-01,1.371576336726633150e-01,-1.932371088326825248e-01
6.292220869709213016e-01,1.389044779381195249e-01,-1.927719255498568374e-01
6.312988606820914006e-01,1.407073417888957678e-01,-1.923110743193103822e-01
6.335085940687588124e-01,1.425677934336338493e-01,-1.918520717880087267e-01
6.358585566984159554e-01,1.444875597017318269e-01,-1.913921800785876592e-01
6.383556640595173803e-01,1.464685126709472374e-01,-1.909285949264448168e-01
6.410063732864291763e-01,1.485125390768347320e-01,-1.904585071640422789e-01
6.438166441064294698e-01,1.506213465945668850e-01,-1.899790135958484560e-01
6.467919161375157433e-01,1.527963214441690476e-01,-1.894870425272998649e-01
6.499370469979188769e-01,1.550385015998568816e-01,-1.889794449376831498e-01
6.532562251855267288e-01,1.573486231865178220e-01,-1.884532214421473784e-01
6.567529218948878755e-01,1.597271420357105343e-01,-1.879057617270870062e-01
6.604299176990116038e-01,1.621741756383183186e-01,-1.873350553457662770e-01
6.642893837894654485e-01,1.646893973307253789e-01,-1.867399165468100752e-01
6.683329841831875395e-01,1.672719507463225064e-01,-1.861202182864395427e-01
6.725619946117712411e-01,1.699204087739326630e-01,-1.854770516139114533e-01
6.769774562172099497e-01,1.726327373089266426e-01,-1.848127573021577374e-01
6.815803655781969006e-01,1.754062110464297275e-01,-1.841308741034029528e-01
6.863718574468848921e-01,1.782372698220159035e-01,-1.834360700002992950e-01
6.913533009263712614e-01,1.811213535134753583e-01,-1.827340519983048361e-01
6.965262402550274068e-01,1.840527819655782826e-01,-1.820314067493715160e-01
7.018921737190546573e-01,1.870247462105245062e-01,-1.813353705882331524e-01
7.074522391278653677e-01,1.900294362936364445e-01,-1.806535808895652906e-01
7.132068988806004040e-01,1.930582645273831166e-01,-1.799938467683613319e-01
7.191556689588345375e-01,1.961021144561963803e-01,-1.793639506944156303e-01
7.252968756488356039e-01,1.991515820597960229e-01,-1.787715092653631710e-01
7.316274343259605573e-01,2.021972075284324266e-01,-1.782239091849461277e-01
7.381427075128258464e-01,2.052296694956097789e-01,-1.777282440995919532e-01
7.448365045214315749e-01,2.082398958220088026e-01,-1.772911414760124649e-01
7.517012059658652046e-01,2.112191014214540863e-01,-1.769184973419217211e-01
7.587279563290647566e-01,2.141588111673627393e-01,-1.766152667787511121e-01
7.659069402849062458e-01,2.170508671647314314e-01,-1.763853674103079694e-01
7.732278123878599807e-01,2.198873495517508769e-01,-1.762315582399810454e-01
7.806802414856673922e-01,2.226604140147152577e-01,-1.761551801427598818e-01
7.882543742334687797e-01,2.253621872237362433e-01,-1.761558976546614419e-01
7.959410657571599490e-01,2.279848219945699306e-01,-1.762316989958715996e-01
8.037319721095973479e-01,2.305205869698732091e-01,-1.763791871868501393e-01
8.116197437922665348e-01,2.329617537994413956e-01,-1.765939053246731172e-01
8.195983903697769968e-01,2.353002507873723781e-01,-1.768704603272386044e-01
8.276635932422607977e-01,2.375273613103493497e-01,-1.772024994304743362e-01
8.358126906072231854e-01,2.396337801812642998e-01,-1.775827648668492076e-01
8.440443150494413294e-01,2.416100442423336769e-01,-1.780033096069326137e-01
8.523579244689920564e-01,2.434470553665396275e-01,-1.784557403551726151e-01
8.607534525825946137e-01,2.451364199411049660e-01,-1.789313660396121275e-01
8.692310989831710799e-01,2.466705743760534419e-01,-1.794213124149099947e-01
8.777911613173738914e-01,2.480428481729337609e-01,-1.799167295133929922e-01
8.864338730173169090e-01,2.492475778151115040e-01,-1.804090990148771723e-01
8.951592855342325183e-01,2.502802550025138295e-01,-1.808905515552043375e-01
9.039672000101678373e-01,2.511376542172709114e-01,-1.813541515883348998e-01
9.128570948052358025e-01,2.518179312340695919e-01,-1.817941690987444625e-01
9.218280307887680713e-01,2.523206887625237260e-01,-1.822063086982317892e-01
9.308785995290161930e-01,2.526469511451156502e-01,-1.825877946439249944e-01
9.400069809066950999e-01,2.527989951782963485e-01,-1.829372494866570720e-01
9.492110842237675428e-01,2.527800869627377933e-01,-1.832544193805874522e-01
9.584886790484266061e-01,2.525942405652044087e-01,-1.835398566609539039e-01
9.678374607337145719e-01,2.522460416271667949e-01,-1.837946331219619256e-01
9.772550858632675919e-01,2.517404771246818940e-01,-1.840201032985208096e-01
9.867392453843135680e-01,2.510827362443780464e-01,-1.842177247362848380e-01
9.962877896922177623e-01,2.502780452582250015e-01,-1.843889473236968723e-01
1.005898853821056260e+00,2.493316012414844851e-01,-1.845351658622010338e-01
1.015570927251881139e+00,2.482485698580769173e-01,-1.846577024013791313e-01
1.025302864475148734e+00,2.470340655909748495e-01,-1.847577864846065565e-01
1.035093875427911758e+00,2.456930878252714112e-01,-1.848365276560864912e-01
1.044943528716171244e+00,2.442304339023478599e-01,-1.848948837936772172e-01
1.054851760691376983e+00,2.426506009496214589e-01,-1.849336172622687013e-01
1.064818854727884512e+00,2.409576953104302643e-01,-1.849532411943087817e-01
1.074845370021076496e+00,2.391554080222992873e-01,-1.849539962646937763e-01
1.084932045283575563e+00,2.372471023426406256e-01,-1.849359053756935156e-01
1.095079726293636924e+00,2.352359820497392229e-01,-1.848988980065878751e-01
1.105289335366511416e+00,2.331252632484516751e-01,-1.848429364215402881e-01
1.115561854218073190e+00,2.309182971606270618e-01,-1.847680850772619177e-01
1.125898288760921462e+00,2.286186272019778420e-01,-1.846745282114933551e-01
1.136299620531930676e+00,2.262299837312072848e-01,-1.845625806357185650e-01
1.146766770101854016e+00,2.237562500870589055e-01,-1.844327124317713951e-01
1.157300583923891901e+00,2.212014481453968839e-01,-1.842855589802152305e-01
1.167901838422139349e+00,2.185697465658129612e-01,-1.841218824425245870e-01
1.178571250693430494e+00,2.158654474408663315e-01,-1.839425060565609560e-01
1.189309480975286881e+00,2.130929418950451015e-01,-1.837482897645211222e-01
1.200117110508339913e+00,2.102566886025207527e-01,-1.835401756611268753e-01
1.210994598526154764e+00,2.073612443203823041e-01,-1.833192375193193058e-01
1.221942250685883025e+00,2.044112924722184532e-01,-1.830866500388755869e-01
1.232960229545982500e+00,2.014116089145938648e-01,-1.828435880335658459e-01
1.244048603771524597e+00,1.983669814808592391e-01,-1.825911353342009602e-01
1.255207408256751700e+00,1.952821388456409957e-01,-1.823302218474315839e-01
1.266436694312273570e+00,1.921617077784679439e-01,-1.820615294831759434e-01
1.277736563563275141e+00,1.890101968581988645e-01,-1.817853670303247182e-01
1.289107177794957870e+00,1.858320322772782363e-01,-1.815016261210269655e-01
1.300548731778876421e+00,1.826316664641789989e-01,-1.812098935100364128e-01
1.312061387852713867e+00,1.794137134735232508e-01,-1.809096341176468781e-01
1.323645191846282820e+00,1.761830313298602957e-01,-1.806003043537926234e-01
1.335299993760484139e+00,1.729447360912473308e-01,-1.802813767814096524e-01
1.347025379177046123e+00,1.697042154746917497e-01,-1.799523690392673125e-01
1.358820604826843637e+00,1.664671997395296976e-01,-1.796129348093768452e-01
1.370684541682446245e+00,1.632398625865567610e-01,-1.792629836918297470e-01
1.382615642176365345e+00,1.600288808953058695e-01,-1.789027754820590732e-01
1.394611937808255764e+00,1.568414246561446457e-01,-1.785329632399871858e-01
1.406671048580406591e+00,1.536851028440009426e-01,-1.781545757799932184e-01
1.418790179474167079e+00,1.505678915023209719e-01,-1.777689465977054517e-01
1.430966096514564745e+00,1.474980527360361671e-01,-1.773776316247033247e-01
1.443195081786340594e+00,1.444840663837475558e-01,-1.769823704487402116e-01
1.455472844584691394e+00,1.415346018004302597e-01,-1.765851068963557591e-01
1.467794355682992657e+00,1.386585102385392843e-01,-1.761880335549645404e-01
1.480153623601330182e+00,1.358647767893432223e-01,-1.757936031592988724e-01
1.492543505436071616e+00,1.331624089344869977e-01,-1.754044678453562378e-01
1.504955628204532658e+00,1.305603032760053461e-01,-1.750233678606209764e-01
1.517380380156219122e+00,1.280671205687598235e-01,-1.746530587862054895e-01
1.529806877352290151e+00,1.256911411951228130e-01,-1.742963442178262490e-01
1.542222924534118356e+00,1.234400836486133635e-01,-1.739561452966229271e-01
1.554615107097577109e+00,1.213209425016611304e-01,-1.736354484863311676e-01
1.566969056194563059e+00,1.193399137937153909e-01,-1.733370834460879750e-01
1.579269722094523543e+00,1.175023892447073226e-01,-1.730634798922087714e-01
1.591501476753508282e+00,1.158129333821656393e-01,-1.728165716525772999e-01
1.603648079733612342e+00,1.142751944462850472e-01,-1.725978281945226289e-01
1.615692685621101354e+00,1.128917734466269446e-01,-1.724082596328991301e-01
1.627617975922061699e+00,1.116640879242616485e-01,-1.722483298105980110e-01
1.639406339358278508e+00,1.105922319718895819e-01,-1.721178680730875987e-01
1.651040000955290576e+00,1.096748290647814872e-01,-1.720160717905597214e-01
1.662501073268048968e+00,1.089089089996394255e-01,-1.719415721130395924e-01
1.673771554458757471e+00,1.082898507137282501e-01,-1.718924905854468665e-01
1.684833314489613931e+00,1.078113869632406074e-01,-1.718664880862414424e-01
1.695668109355878084e+00,1.074656173130560666e-01,-1.718608531574077336e-01
1.706257624770536108e+00,1.072429899992926039e-01,-1.718726168269751053e-01
1.716583505561709355e+00,1.071322806047165371e-01,-1.718986355562858170e-01
1.726627350170143904e+00,1.071206363119064087e-01,-1.719356604926499665e-01
1.736370722263267830e+00,1.071937201917481375e-01,-1.719804989739843193e-01
1.745795248637781683e+00,1.073359252519096030e-01,-1.720303006016060121e-01
1.754882811005361365e+00,1.075306111945453225e-01,-1.720828258658581578e-01
1.763615789694832570e+00,1.077603603237149987e-01,-1.721365207109152307e-01
1.771977336608695275e+00,1.080072915642154296e-01,-1.721903935258256579e-01
1.779951696015384499e+00,1.082534611983006351e-01,-1.722438600286217425e-01
1.787524593638756487e+00,1.084813308765595341e-01,-1.722966927819470917e-01
1.794683678812333483e+00,1.086742528582921447e-01,-1.723490496723293353e-01
1.801418974434376263e+00,1.088169389411157151e-01,-1.724014546734677078e-01
1.807723297312699540e+00,1.088959131297454336e-01,-1.724546591985753607e-01
1.813592645538331993e+00,1.088999443135481582e-01,-1.725094634609629640e-01
1.819026555527950562e+00,1.088204120484930482e-01,-1.725666727167928793e-01
1.824028375919304334e+00,1.086515418278902745e-01,-1.726272692372665951e-01
1.828605349189730056e+00,1.083904957046158413e-01,-1.726926543454839758e-01
1.832768442511995888e+00,1.080373610606874812e-01,-1.727647170050398417e-01
1.836532026541654261e+00,1.075950715117015427e-01,-1.728456637852877897e-01
1.839913607360229575e+00,1.070692489018098548e-01,-1.729377837555544639e-01
1.842933738539153765e+00,1.064679547699582673e-01,-1.730433149287574079e-01
1.845616050809838260e+00,1.058013789168316121e-01,-1.731643747123834398e-01
1.847987235125798655e+00,1.050814985708788951e-01,-1.733028257149798468e-01
1.850076879749886771e+00,1.043217069290665600e-01,-1.734600567246288860e-01
1.851917177619489596e+00,1.035363993510725195e-01,-1.736367450301259385e-01
1.853542548328980022e+00,1.027405314716819396e-01,-1.738326031712762176e-01
1.854989156085267155e+00,1.019491661089700629e-01,-1.740460471440208878e-01
1.856294242462693367e+00,1.011769883945604909e-01,-1.742737868099480669e-01
1.857495193419502311e+00,1.004377518544680437e-01,-1.745104466303617485e-01
1.858628318362614662e+00,9.974365880843742704e-02,-1.747483534508403880e-01
1.859727402725355638e+00,9.910473703461215866e-02,-1.749776050215638423e-01
1.860822173341919239e+00,9.852830780583096693e-02,-1.751865321227901728e-01
1.861936854874006730e+00,9.801865129002265697e-02,-1.753626629775321688e-01
1.863088981260671240e+00,9.757696860501167968e-02,-1.754942075239629418e-01
1.864288595758253564e+00,9.720169110569334969e-02,-1.755718683526791279e-01
1.865537978255467300e+00,9.688909088831851313e-02,-1.755905225051114238e-01
1.866832047980102605e+00,9.663405104315120342e-02,-1.755501845724473098e-01
1.868159489698832054e+00,9.643081952515517030e-02,-1.754558609862183760e-01
1.869504415519423812e+00,9.627360666381994114e-02,-1.753164232214499130e-01
1.870848176406976870e+00,9.615695849100358572e-02,-1.751431094024532842e-01
1.872170976745456628e+00,9.607591283491138945e-02,-1.749483091310409244e-01
1.873453180971187848e+00,9.602600720806565848e-02,-1.747448821925064455e-01
1.874676391395555974e+00,9.600323908718892685e-02,-1.745457987472587846e-01
1.875824382426444670e+00,9.600405638956169274e-02,-1.743637353494736086e-01
1.876883896210856939e+00,9.602538402680473040e-02,-1.742104329963995168e-01
1.877845275157940197e+00,9.606462659118553127e-02,-1.740958825184942826e-01
1.878702914516532374e+00,9.611958901396264188e-02,-1.740275550460733123e-01
1.879455479603539869e+00,9.618832360852563879e-02,-1.740099120090254636e-01
1.880105767326820221e+00,9.626897062076435196e-02,-1.740443538746903607e-01
1.880660115799894339e+00,9.635965026482269657e-02,-1.741296279507549283e-01
1.881127423832490209e+00,9.645841295191844023e-02,-1.742625521515671627e-01
1.881518023256654626e+00,9.656323350583927156e-02,-1.744388076381473418e-01
1.881842698999681041e+00,9.667205844969081752e-02,-1.746535741558606081e-01
1.882112042453545353e+00,9.678291990663065447e-02,-1.749018979528186024e-01
1.882336148136884324e+00,9.689408000807200882e-02,-1.751788084495827236e-01
1.882524524757553941e+00,9.700412703646894841e-02,-1.754792896150202397e-01
1.882686038594555189e+00,9.711197958700820698e-02,-1.757982540312323927e-01
1.882828759667246832e+00,9.721683305395223407e-02,-1.761306313508824162e-01
1.882959714789713468e+00,9.731810704910356935e-02,-1.764715639723335450e-01
1.883084660592176718e+00,9.741540544446815331e-02,-1.768165962888691434e-01
1.883207975889050090e+00,9.750846476644921268e-02,-1.771617596484184043e-01
1.883332678134136629e+00,9.759709415234654739e-02,-1.775035642589121720e-01
1.883460518285057228e+00,9.768114739171632199e-02,-1.778389737055501851e-01
1.883592128723556414e+00,9.776054450227508741e-02,-1.781653998178276410e-01
1.883727210491024984e+00,9.783530172549488590e-02,-1.784806960730595526e-01
1.883864727016452356e+00,9.790551995452068113e-02,-1.787831242233222095e-01
1.884003085004757549e+00,9.797134002085117199e-02,-1.790712993479893489e-01
1.884140333927920130e+00,9.803291848285820842e-02,-1.793441295133706981e-01
1.884274419426562375e+00,9.809044716116152585e-02,-1.796007564199015860e-01
1.884403455839182229e+00,9.814418083931000791e-02,-1.798405027289641245e-01
1.884525928771625614e+00,9.819443409556979918e-02,-1.800628425930222432e-01
1.884640775623580122e+00,9.824155579655653725e-02,-1.802674103637858516e-01
1.884747374484990301e+00,9.828591305012011892e-02,-1.804540408661704232e-01
1.884845504271453365e+00,9.832789097836730496e-02,-1.806228144735025909e-01
1.884935302677971602e+00,9.836789165019180214e-02,-1.807740838527425176e-01
1.885017208587146165e+00,9.840632513012292915e-02,-1.809084809454237497e-01
1.885091879327928099e+00,9.844359766886512375e-02,-1.810269169747553697e-01
1.885160093304571349e+00,9.848009577629066036e-02,-1.811305838488563857e-01
1.885222646098293264e+00,9.851616309652051762e-02,-1.812209554077391371e-01
1.885280241211011232e+00,9.855208018472172427e-02,-1.812997843000528353e-01
1.885333395771280562e+00,9.858805908551548924e-02,-1.813690898392528172e-01
1.885382400102727507e+00,9.862424638789826781e-02,-1.814311252451651091e-01
1.885427351373437865e+00,9.866072165628819723e-02,-1.814883046362592567e-01
1.885468255498082168e+00,9.869749745338576852e-02,-1.815430747868832240e-01
1.885505191999738317e+00,9.873453959381345291e-02,-1.815977407116590725e-01
1.885538515544638472e+00,9.877180486192245479e-02,-1.816542881372084361e-01
1.885568994064247050e+00,9.880926461272752925e-02,-1.817142624150652197e-01
1.885597762954828394e+00,9.884688927659603108e-02,-1.817787365043848635e-01
1.885626106210819941e+00,9.888460739930687859e-02,-1.818483445648848285e-01
1.885655235538879593e+00,9.892227775140173540e-02,-1.819233279184730157e-01
1.885686216817365590e+00,9.895969682395255873e-02,-1.820035682388529141e-01
1.885720013922768556e+00,9.899663027839314400e-02,-1.820886287156644467e-01
1.885757517280992612e+00,9.903284560180172780e-02,-1.821778275061008423e-01
1.885799497723301688e+00,9.906813908765366161e-02,-1.822703309254831150e-01
1.885846532584596780e+00,9.910236235575314856e-02,-1.823652301581399904e-01
1.885898960436173333e+00,9.913544274866852024e-02,-1.824615811871162785e-01
1.885956876514134795e+00,9.916737856892612890e-02,-1.825584172591998289e-01
1.886020165362902956e+00,9.919820353789532419e-02,-1.826547562166216387e-01
1.886088571959736004e+00,9.922794717409250120e-02,-1.827496200743812804e-01
1.886161799303575082e+00,9.925662927065787011e-02,-1.828420727130398160e-01
1.886239602243864333e+00,9.928429803975821755e-02,-1.829312692248244998e-01
1.886321850882207274e+00,9.931108207501154750e-02,-1.830165030357253086e-01
1.886408548090767301e+00,9.933721829740332909e-02,-1.830972433317913373e-01
1.886499783990040147e+00,9.936304486292057980e-02,-1.831731719088853794e-01
1.886595622972466968e+00,9.938897401138271914e-02,-1.832442310853831802e-01
1.886695976927020846e+00,9.941545892150602248e-02,-1.833106672938376591e-01
1.886800559375586328e+00,9.944295524709484413e-02,-1.833730305263754079e-01
1.886908937429899069e+00,9.947188033814771679e-02,-1.834321182153793028e-01
1.887020566808517597e+00,9.950258719860879952e-02,-1.834889112231976593e-01
1.887134732162598638e+00,9.953536424793624215e-02,-1.835445454765486373e-01
1.887250535785138350e+00,9.957044165192112384e-02,-1.836002787046796814e-01
1.887367142427658795e+00,9.960797340192079075e-02,-1.836573764750984439e-01
1.887484194263673309e+00,9.964799923114150970e-02,-1.837169413800477380e-01
1.887602020245148449e+00,9.969042950591117114e-02,-1.837798140395830448e-01
1.887721430607618212e+00,9.973508088696023122e-02,-1.838466149888187684e-01
1.887843321820273257e+00,9.978173802107312418e-02,-1.839178441879012471e-01
1.887968438162829221e+00,9.983019873686364842e-02,-1.839939234216802222e-01
1.888097347913180180e+00,9.988029521696034640e-02,-1.840751757338570660e-01
1.888230464490185501e+00,9.993191421769986871e-02,-1.841618045855317187e-01
1.888368028963250067e+00,9.998502820313585893e-02,-1.842538932648043193e-01
1.888510109583261709e+00,1.000397272853140174e-01,-1.843514077781076010e-01
1.888656642244583406e+00,1.000962433755249459e-01,-1.844542132827108605e-01
1.888807470070231087e+00,1.001549684525466222e-01,-1.845621238391745855e-01
1.888962378323274738e+00,1.002164659293899585e-01,-1.846749648511516462e-01
1.889121151903127682e+00,1.002814685313058451e-01,-1.847926143451273928e-01
1.889283621018379655e+00,1.003508622890482149e-01,-1.849150256458407804e-01
1.889449629212299975e+00,1.004256630446473397e-01,-1.850422446342674665e-01
1.889618944935140377e+00,1.005069877549091550e-01,-1.851744032220956071e-01
1.889791222112104485e+00,1.005960171190545677e-01,-1.853116733766048685e-01
1.889966069869013054e+00,1.006939478155776391e-01,-1.854542174356198225e-01
1.890143181860280297e+00,1.008019368471566313e-01,-1.856021847986242812e-01
1.890322439580720104e+00,1.009210443319770723e-01,-1.857557491907559366e-01
1.890503957103172539e+00,1.010521889280386748e-01,-1.859151355288419794e-01
1.890688085699158805e+00,1.011961363873856018e-01,-1.860806120595503155e-01
1.890875392389163467e+00,1.013535329838241017e-01,-1.862524710983702869e-01
1.891066603975226190e+00,1.015249728812688546e-01,-1.864310185881130066e-01
1.891262519467990177e+00,1.017110682606680028e-01,-1.866165543428215390e-01
1.891463926355775094e+00,1.019124845848738969e-01,-1.868093175344934520e-01
1.891671556949976241e+00,1.021299141642651870e-01,-1.870094078957293127e-01
1.891886083659438444e+00,1.023639921152713211e-01,-1.872167160309096690e-01
1.892108128452271609e+00,1.026152006901276670e-01,-1.874308692578850466e-01
1.892338278631256587e+00,1.028838282944720683e-01,-1.876511622836219972e-01
1.892577118276122405e+00,1.031700188507503613e-01,-1.878764533717456053e-01
1.892825264032293564e+00,1.034738814430498782e-01,-1.881050560292329143e-01
1.893083364810413283e+00,1.037955882410573905e-01,-1.883346785600520379e-01
1.893352041755285819e+00,1.041354125817428450e-01,-1.885624337479630541e-01
1.893631802571470901e+00,1.044937217172774713e-01,-1.887849017963484366e-01
1.893922997904640138e+00,1.048709711050780369e-01,-1.889982231343037000e-01
1.894225852581651326e+00,1.052677229665359426e-01,-1.891982141017676256e-01
1.894540534872759086e+00,1.056846760388005374e-01,-1.893805085648264108e-01
1.894867201874093965e+00,1.061226878182528754e-01,-1.895407209974659946e-01
1.895206011732309959e+00,1.065827761674352780e-01,-1.896746063003972860e-01
1.895557159196539665e+00,1.070660811166810888e-01,-1.897781771101704762e-01
1.895920976828429971e+00,1.075737819321393729e-01,-1.898477583515769673e-01
1.896298056105084395e+00,1.081070172891165915e-01,-1.898800073181815540e-01
1.896689293875317039e+00,1.086668800416034086e-01,-1.898719515700931781e-01
1.897095830356762436e+00,1.092544910578835404e-01,-1.898210624752866560e-01
1.897518940230540352e+00,1.098710684502552243e-01,-1.897253367180702921e-01
1.897959953819790435e+00,1.105179215334694265e-01,-1.895833632874766028e-01
1.898420225525820904e+00,1.111964000122911689e-01,-1.893943867129667669e-01
1.898901129655228726e+00,1.119078761222216112e-01,-1.891583702348025309e-01
1.899404083221355233e+00,1.126537676127914445e-01,-1.888760189958939018e-01
1.899930604079800300e+00,1.134355333015729383e-01,-1.885487204067907707e-01
1.900482372424008748e+00,1.142546094379544297e-01,-1.881784236234698704e-01
1.901061239123476465e+00,1.151123492871104215e-01,-1.877675348580834791e-01
1.901669177693656732e+00,1.160100296308708978e-01,-1.873188733238256853e-01
1.902308249649613980e+00,1.169488866983689201e-01,-1.868356547370871867e-01
1.902980638278441550e+00,1.179301030116240712e-01,-1.863214528674024539e-01
1.903688714366224222e+00,1.189547660211281999e-01,-1.857801504008368410e-01
1.904435059157463694e+00,1.200239046513920937e-01,-1.852159241164045289e-01
1.905222443338345339e+00,1.211386231203404190e-01,-1.846332556715869488e-01
1.906053836004610869e+00,1.223002044924448306e-01,-1.840369065937248472e-01
1.906932477950178395e+00,1.235100753863944967e-01,-1.834318401853214653e-01
1.907861957695446975e+00,1.247696870412808301e-01,-1.828231479879351973e-01
1.908846222520937941e+00,1.260804396715222986e-01,-1.822160159048848982e-01
1.909889549593113411e+00,1.274436789059093522e-01,-1.816156746729767901e-01
1.910996555227933769e+00,1.288607015820978363e-01,-1.810272729608266573e-01
1.912172259728009749e+00,1.303327445623573555e-01,-1.804557141563321310e-01
1.913422146343466856e+00,1.318609923206486845e-01,-1.799055580495161344e-01
1.914752168610711180e+00,1.334466134138678761e-01,-1.793810133447369393e-01
1.916168737235723007e+00,1.350907791211140296e-01,-1.788859456895684485e-01
1.917678735894698505e+00,1.367946280763647215e-01,-1.784238410386788376e-01
1.919289546266135904e+00,1.385591974063576370e-01,-1.779977618962715336e-01
1.921009006473947345e+00,1.403853637046986180e-01,-1.776103656758140636e-01
1.922845268632170868e+00,1.422738119170179893e-01,-1.772639769527413756e-01
1.924806612602478761e+00,1.442250187546826601e-01,-1.769606335074406511e-01
1.926901301942081313e+00,1.462392264266259012e-01,-1.767020574068431382e-01
1.929137506833082050e+00,1.483163910742727465e-01,-1.764895817157809410e-01
1.931523250820152970e+00,1.504561083058965354e-01,-1.763240768568667960e-01
1.934066337021000281e+00,1.526575336981894626e-01,-1.762058657241494519e-01
1.936774249127704683e+00,1.549193227912034621e-01,-1.761345911460585889e-01
1.939654036030743267e+00,1.572396152656659885e-01,-1.761090426434018807e-01
1.942712172401451998e+00,1.596160786294331946e-01,-1.761269955981801805e-01
1.945954390088069808e+00,1.620460019449542766e-01,-1.761851139037214908e-01
1.949385502728231412e+00,1.645264071874401879e-01,-1.762789503836537097e-01
1.953009248983762269e+00,1.670541566872657535e-01,-1.764030806200411750e-01
1.956828149918865556e+00,1.696260745080173105e-01,-1.765513898212202337e-01
1.960843375923178922e+00,1.722391134643372623e-01,-1.767174692099923727e-01
1.965054670967832706e+00,1.748905528145218990e-01,-1.768950234012061085e-01
1.969460405504649403e+00,1.775781490321310940e-01,-1.770782175555380422e-01
1.974057759380200672e+00,1.803001655508280898e-01,-1.772619793413534317e-01
1.978842948465553864e+00,1.830552907416843622e-01,-1.774423128387602744e-01
1.983811423214127068e+00,1.858425277056144909e-01,-1.776166311624105543e-01
1.988958062519377901e+00,1.886611128271211413e-01,-1.777840385868085238e-01
1.994277419178958066e+00,1.915104220595906237e-01,-1.779454795988301141e-01
1.999763989384623741e+00,1.943897839721292486e-01,-1.781037232455734420e-01
2.005412397743873143e+00,1.972981982661410894e-01,-1.782632038828549925e-01
2.011217434709791529e+00,2.002340571682862946e-01,-1.784297604282991667e-01
2.017174000265244072e+00,2.031949503506838006e-01,-1.786103174702933505e-01
2.023277040347351452e+00,2.061775220220631311e-01,-1.788125375923174665e-01
2.029521483248608149e+00,2.091772984985723616e-01,-1.790444407645606084e-01
2.035902134710844802e+00,2.121884956123974986e-01,-1.793139652594405442e-01
2.042413565127634278e+00,2.152039287942744961e-01,-1.796284791797612135e-01
2.049050109056715030e+00,2.182151174050792064e-01,-1.799943216342375085e-01
2.055806044637245478e+00,2.212125170962570553e-01,-1.804164759431995391e-01
2.062675876062833424e+00,2.241857235047408081e-01,-1.808984128173060091e-01
2.069654590351406753e+00,2.271235743765823156e-01,-1.814420493377860710e-01
2.076737848371857709e+00,2.300142088739612622e-01,-1.820477418712094786e-01
2.083922149836218374e+00,2.328451587643941556e-01,-1.827142804701611389e-01
2.091204971324724049e+00,2.356034805975299184e-01,-1.834389041885266525e-01
2.098584804139525417e+00,2.382759218521956490e-01,-1.842173553479565518e-01
2.106061052700263225e+00,2.408491365975722054e-01,-1.850439680555340249e-01
2.113633859828602635e+00,2.433099336330375173e-01,-1.859117923473502243e-01
2.121303943540955750e+00,2.456454991122921094e-01,-1.868127736532624594e-01
2.129072424247274942e+00,2.478436001218841944e-01,-1.877380046854388862e-01
2.136940548735014822e+00,2.498928720436203732e-01,-1.886780691818429889e-01
2.144909301644420729e+00,2.517832396320454080e-01,-1.896235152554019421e-01
2.152979034661582247e+00,2.535063535543130575e-01,-1.905654504671437377e-01
2.161149255492219368e+00,2.550558678920193945e-01,-1.914961117178142769e-01
2.169418601582551176e+00,2.564275030655291387e-01,-1.924091901397382287e-01
2.177784933520974686e+00,2.576189540484670748e-01,-1.932998332552146037e-01
2.186245487476212723e+00,2.586297004828371771e-01,-1.941644675875161541e-01
2.194797047524229328e+00,2.594607408592278786e-01,-1.950006206894777105e-01
2.203436094551522118e+00,2.601142883819924645e-01,-1.958067714168473250e-01
2.212158910945713153e+00,2.605934786966030980e-01,-1.965821637902074592e-01
2.220961676178668576e+00,2.609021052407178298e-01,-1.973265782405642654e-01
2.229840598995079581e+00,2.610443738111356549e-01,-1.980401137443685289e-01
2.238792075342310284e+00,2.610246941764345907e-01,-1.987230027151267175e-01
2.247812819765323766e+00,2.608475462468428097e-01,-1.993754529432404388e-01
2.256899942523954206e+00,2.605174192275205303e-01,-1.999975461288459599e-01
2.266050984832774340e+00,2.600387690362180870e-01,-2.005892311395926775e-01
2.275263929946671926e+00,2.594159449801510253e-01,-2.011503817661275673e-01
2.284537198535373737e+00,2.586530935247752794e-01,-2.016808367959834758e-01
2.293869639576665787e+00,2.577540823187996488e-01,-2.021803809856718148e-01
2.303260524521168584e+00,2.567224703336570268e-01,-2.026487005980323608e-01
2.312709529920347507e+00,2.555615263213313337e-01,-2.030853709624309833e-01
2.322216684533522368e+00,2.542743055250547557e-01,-2.034899037152047008e-01
2.331782287247196717e+00,2.528637943137952981e-01,-2.038618375572914532e-01
2.341406837230310067e+00,2.513330806491045899e-01,-2.042008248052802899e-01
2.351091002681948261e+00,2.496854587133298387e-01,-2.045066727307446319e-01
2.360835599526050821e+00,2.479244162555104269e-01,-2.047793503154651806e-01
2.370641531928183721e+00,2.460535554269299707e-01,-2.050190120418026452e-01
2.380509698024087406e+00,2.440765412850834370e-01,-2.052260640745239562e-01
2.390440920409055536e+00,2.419971163735647468e-01,-2.054012409155578089e-01
2.400435944220091322e+00,2.398191464409829554e-01,-2.055456453089192503e-01
2.410495480572929061e+00,2.375466423084122980e-01,-2.056607268135408062e-01
2.420620243821293371e+00,2.351837286466459953e-01,-2.057481958626565799e-01
2.430810956919081889e+00,2.327345756026649726e-01,-2.058099064118723842e-01
2.441068328937903154e+00,2.302033486128307327e-01,-2.058477877470713258e-01
2.451393018300249693e+00,2.275942169738050525e-01,-2.058638698637232367e-01
2.461785605174847014e+00,2.249113872334785880e-01,-2.058603104367107695e-01
2.472246601069184369e+00,2.221590908660026065e-01,-2.058392831892502106e-01
2.482776490449313478e+00,2.193415290834163922e-01,-2.058027563595211940e-01
2.493375750735948859e+00,2.164628598870162735e-01,-2.057523659774742608e-01
2.504044810546753652e+00,2.135272605693686598e-01,-2.056894918357323188e-01
2.514783991541823305e+00,2.105389745639563714e-01,-2.056153899125473250e-01
2.525593522203759989e+00,2.075022573701087725e-01,-2.055311960700831331e-01
2.536473619504531651e+00,2.044212953770672692e-01,-2.054378426403463409e-01
2.547424511485101739e+00,2.013002562475426083e-01,-2.053360682236902990e-01
2.558446323192464789e+00,1.981434864473149426e-01,-2.052265458559837663e-01
2.569538954180731416e+00,1.949556675558549723e-01,-2.051099507489713425e-01
2.580702150249860161e+00,1.917417553645734407e-01,-2.049868435200362382e-01
2.591935757805279739e+00,1.885067596372843046e-01,-2.048574840488572024e-01
2.603239909684831765e+00,1.852555930848865939e-01,-2.047217900362586218e-01
2.614614963759063215e+00,1.819931248144226466e-01,-2.045794847183304843e-01
2.626061297669817218e+00,1.787243527036158075e-01,-2.044302542438137249e-01
2.637579159736576084e+00,1.754545325990995719e-01,-2.042737304427007516e-01
2.649168599321291673e+00,1.721892207722325041e-01,-2.041093343466938159e-01
2.660829363568344874e+00,1.689343066443720898e-01,-2.039361984772189995e-01
2.672560740141980418e+00,1.656960915064056572e-01,-2.037533154123689627e-01
2.684361447828852221e+00,1.624813786199293397e-01,-2.035598194591712040e-01
2.696229615568735305e+00,1.592975186293024425e-01,-2.033551740044911849e-01
2.708162753967210179e+00,1.561524085221822622e-01,-2.031391506235384337e-01
2.720157628558761864e+00,1.530544764984708983e-01,-2.029117052115707032e-01
2.732210075612952593e+00,1.500126557698311935e-01,-2.026729425406547658e-01
2.744314868751651648e+00,1.470363128935880670e-01,-2.024232451365865215e-01
2.756465672936070810e+00,1.441351104672534689e-01,-2.021634727938467213e-01
2.768655025122727764e+00,1.413188335974699394e-01,-2.018950920293355045e-01
2.780874276121160005e+00,1.385972334867774380e-01,-2.016201842280343492e-01
2.793113497284666291e+00,1.359799139529937473e-01,-2.013413740220932890e-01
2.805361403168158851e+00,1.334762390477675087e-01,-2.010617248832937132e-01
2.817605326623367823e+00,1.310952160802661137e-01,-2.007846189497474731e-01
2.829831249330853282e+00,1.288453257495417725e-01,-2.005136436927534294e-01
2.842023884720866977e+00,1.267343167987706187e-01,-2.002525115439907910e-01
2.854166817470400908e+00,1.247690168874899391e-01,-2.000049850966972853e-01
2.866242684881750158e+00,1.229551901050557894e-01,-1.997747362845553321e-01
2.878233346546563265e+00,1.212974088298940656e-01,-1.995651293952672156e-01
2.890119983153892846e+00,1.197988893346107059e-01,-1.993790254193903710e-01
2.901883121734495141e+00,1.184613064196201604e-01,-1.992187049014194633e-01
2.913502655583112499e+00,1.172846569044074111e-01,-1.990858897021694773e-01
2.924957936109966461e+00,1.162671893849266253e-01,-1.989817715287661437e-01
2.936227952611933922e+00,1.154053371773846037e-01,-1.989070113028261477e-01
2.947291553138938980e+00,1.146936244852298781e-01,-1.988617456900445002e-01
2.958127641283135212e+00,1.141246194786339485e-01,-1.988456065609119083e-01
2.968715287227134514e+00,1.136890095053202099e-01,-1.988576912037354205e-01
2.979033705989574621e+00,1.133757623017416505e-01,-1.988964574132045526e-01
2.989062118179518723e+00,1.131722844925389382e-01,-1.989596455682812459e-01
2.998779603564597274e+00,1.130645577631252396e-01,-1.990443792512449350e-01
3.008165083149905605e+00,1.130372922042859052e-01,-1.991474670267547320e-01
3.017197472720705598e+00,1.130741117247018590e-01,-1.992657412789525240e-01
3.025855934717867513e+00,1.131577723804416125e-01,-1.993962398936837133e-01
3.034120133171763101e+00,1.132704576909893124e-01,-1.995362106517238054e-01
3.041970473571439904e+00,1.133941900266423053e-01,-1.996830982073538874e-01
3.049388406983637001e+00,1.135112998269584561e-01,-1.998346451828747206e-01
3.056356911101523188e+00,1.136048435322569439e-01,-1.999890496575533749e-01
3.062861184797067260e+00,1.136589587379403798e-01,-2.001450286869568551e-01
3.068889463273343665e+00,1.136592676049563155e-01,-2.003017585641727605e-01
3.074433827011834097e+00,1.135934091563208237e-01,-2.004588085088901683e-01
3.079490988847584987e+00,1.134516288557683023e-01,-2.006161495746620615e-01
3.084063129422446536e+00,1.132272710425884232e-01,-2.007741917504146378e-01
3.088158760118264290e+00,1.129170887592394340e-01,-2.009337898355212926e-01
3.091793461783796104e+00,1.125213896444672013e-01,-2.010962408798704082e-01
3.094990413980975852e+00,1.120440529134029972e-01,-2.012632879658898255e-01
3.097780831973270033e+00,1.114924157635016344e-01,-2.014370537420867302e-01
3.100204467249812801e+00,1.108770288801572135e-01,-2.016198408156404942e-01
3.102310123481196946e+00,1.102113027185733368e-01,-2.018138661302399384e-01
3.104155972079650994e+00,1.095110448359028488e-01,-2.020210306168234160e-01
3.105809542868346540e+00,1.087938647820045068e-01,-2.022426929137449148e-01
3.107347449091109937e+00,1.080784706455156785e-01,-2.024793240289561869e-01
3.108854878478721773e+00,1.073839367069258782e-01,-2.027300280773875474e-01
3.110424671214085279e+00,1.067289768564140678e-01,-2.029920947926592001e-01
3.112155745116698569e+00,1.061311813941265420e-01,-2.032607990294983957e-01
3.114150843670950408e+00,1.056062215228095458e-01,-2.035295881076576441e-01
3.116513774052327879e+00,1.051671594512944563e-01,-2.037907355061282511e-01
3.119346211355745524e+00,1.048240277063220843e-01,-2.040364874228824399e-01
3.122743976579616554e+00,1.045837161568496931e-01,-2.042605543149614289e-01
3.126792762100489398e+00,1.044500915607429192e-01,-2.044595224592002936e-01
3.131563435827326991e+00,1.044242676664786373e-01,-2.046336501761936155e-01
3.137106930178853670e+00,1.045049541108070135e-01,-2.047867710385377626e-01
3.143448373384135408e+00,1.046887577624661392e-01,-2.049254686057015440e-01
3.150579984437779757e+00,1.049702584622141804e-01,-2.050579185573603302e-01
3.158452458901798821e+00,1.053417302298294833e-01,-2.051926715310366522e-01
3.166964808264905784e+00,1.057925057510604311e-01,-2.053374060776323451e-01
3.175952692992945359e+00,1.063080778689009243e-01,-2.054975800893100168e-01
3.185175368257755046e+00,1.068690403340363526e-01,-2.056749625069309584e-01
3.194301549592431400e+00,1.074499341355452664e-01,-2.058660989303808808e-01
3.202894684005102910e+00,1.080180482422143651e-01,-2.060607882604892083e-01
3.210398232317595912e+00,1.085322282732900379e-01,-2.062406508799318750e-01
3.216122544088593660e+00,1.089418049061986749e-01,-2.063779300740709033e-01
3.219235154664230159e+00,1.091857681715591166e-01,-2.064347031083274553e-01
3.218752257032296615e+00,1.091920609880875914e-01,-2.063624626636033077e-01
3.213529390719132905e+00,1.088769155552074264e-01,-2.061019706356247150e-01
3.202261735420663058e+00,1.081449832753168666e-01,-2.055838073908779484e-01
3.183504917183450189e+00,1.068909566589251459e-01,-2.047300013052368306e-01
3.155703230580769514e+00,1.050016650978440047e-01,-2.034559252406027974e-01
3.117212200848580750e+00,1.023577132549295110e-01,-2.016717381635410866e-01
3.066345896690589434e+00,9.883688586709796220e-02,-1.992849488714008577e-01
3.001479640651584901e+00,9.432151868692603691e-02,-1.962057208436502331e-01
2.921166605990483500e+00,8.870683633921294664e-02,-1.923528896728801674e-01
2.824226516519648289e+00,8.190726570794402972e-02,-1.876587236686177995e-01
2.709879655318446989e+00,7.386600028144146846e-02,-1.820762913001786609e-01
2.577999038997615955e+00,6.457306163781961761e-02,-1.755930066049462834e-01
2.429370574549841066e+00,5.408397386788089956e-02,-1.682443431566235104e-01
2.265849466575899918e+00,4.253102091770265963e-02,-1.601218679985291771e-01
2.090599049765690332e+00,3.014034886440048258e-02,-1.513854589935273443e-01
1.908596787770624470e+00,1.726808545204577827e-02,-1.422894306147492738e-01
1.726963323755132063e+00,4.423688446073305303e-03,-1.331993917746555900e-01
