-6.506050500737823317e-01,4.283260535979168532e-02,-1.573942112698940576e-01
-6.507428522420070083e-01,4.363369300698143050e-02,-1.572783155641213071e-01
-6.507741137431944933e-01,4.445277538898389363e-02,-1.571303590802531069e-01
-6.507083199714416288e-01,4.529068534609786978e-02,-1.569530270726021137e-01
-6.505742994666888768e-01,4.615015291195345704e-02,-1.567537159854276996e-01
-6.503806328870604947e-01,4.703317031963795414e-02,-1.565349310243274450e-01
-6.501257877765677096e-01,4.794163765633858987e-02,-1.562967758290432496e-01
-6.498189494261190635e-01,4.887863474781810325e-02,-1.560421288563983433e-01
-6.494724871004615707e-01,4.984771663970567757e-02,-1.557749914228536703e-01
-6.490891775755217585e-01,5.085183747304852786e-02,-1.554975133285451394e-01
-6.486673287596399495e-01,5.189356299842137754e-02,-1.552112855979145833e-01
-6.482091475083736620e-01,5.297562974458742274e-02,-1.549194065375214535e-01
-6.477177022389519756e-01,5.410076384878860500e-02,-1.546257701780903993e-01
-6.471917568556192490e-01,5.527128816744582285e-02,-1.543337243664182623e-01
-6.466277369010864362e-01,5.648921424227767996e-02,-1.540463048222585896e-01
-6.460231144210158982e-01,5.775655261368387722e-02,-1.537668133290652217e-01
-6.453755323297200031e-01,5.907539142182342135e-02,-1.534985426563478805e-01
-6.446809911633160084e-01,6.044776820459089178e-02,-1.532443963748485738e-01
-6.439343791494814839e-01,6.187551780191345718e-02,-1.530069706816909736e-01
-6.431305843642443065e-01,6.336018903525672541e-02,-1.527886094306999121e-01
-6.422644694562216205e-01,6.490309855898510061e-02,-1.525912024956773416e-01
-6.413304653842224479e-01,6.650547414686515391e-02,-1.524160436670007612e-01
-6.403225084803609857e-01,6.816850145754294044e-02,-1.522638322801870281e-01
-6.392341415528504101e-01,6.989323512633976998e-02,-1.521346949502521972e-01
-6.380586234894163322e-01,7.168056980026314695e-02,-1.520283005057362080e-01
-6.367890542690857192e-01,7.353138301897807483e-02,-1.519441403436503357e-01
-6.354184933972506499e-01,7.544670222936292192e-02,-1.518817743950726107e-01
-6.339400565471119409e-01,7.742773719403733823e-02,-1.518408086865299933e-01
-6.323470130184279947e-01,7.947584249995542915e-02,-1.518206840509928324e-01
-6.306329034638671338e-01,8.159254730020920610e-02,-1.518205527112818087e-01
-6.287916444741681321e-01,8.377962031214444827e-02,-1.518393195286096009e-01
-6.268175661284584033e-01,8.603904708874469953e-02,-1.518756602418699919e-01
-6.247053817827022959e-01,8.837293135433763047e-02,-1.519278880134660448e-01
-6.224501470090395561e-01,9.078344599001905713e-02,-1.519937928887667711e-01
-6.200472504441286725e-01,9.327287460677527453e-02,-1.520706423299763022e-01
-6.174924190751081010e-01,9.584366297341846697e-02,-1.521553440926845802e-01
-6.147816961887524467e-01,9.849840831876444103e-02,-1.522446260919572691e-01
-6.119113802434305027e-01,1.012397699313550004e-01,-1.523351619657981326e-01
-6.088779389723153468e-01,1.040702727907421021e-01,-1.524237051446734048e-01
-6.056779047927454140e-01,1.069919595085405684e-01,-1.525072809862149659e-01
-6.023077605195295003e-01,1.100059087106036448e-01,-1.525833923244900581e-01
-5.987638633768658236e-01,1.131117196858219820e-01,-1.526502002198108221e-01
-5.950424619167400397e-01,1.163070645844064555e-01,-1.527067079971602404e-01
-5.911397805046647580e-01,1.195873438118995324e-01,-1.527529348213110261e-01
-5.870520646193536640e-01,1.229454346274196641e-01,-1.527899692738048654e-01
-5.827755194288175566e-01,1.263715384006036668e-01,-1.528198393981404779e-01
-5.783061965546271166e-01,1.298531742450093063e-01,-1.528452748666273009e-01
-5.736399353804817469e-01,1.333753823118193349e-01,-1.528694450037974828e-01
-5.687724027860935339e-01,1.369211658777381713e-01,-1.528956573829171606e-01
-5.636992082106735413e-01,1.404721279055458349e-01,-1.529270186714681568e-01
-5.584160704247228546e-01,1.440091783538416381e-01,-1.529661687215488619e-01
-5.529190274421945661e-01,1.475131630168433072e-01,-1.530151698597181920e-01
-5.472046673098076575e-01,1.509653428701996924e-01,-1.530754913643470327e-01
-5.412703485267241765e-01,1.543477813714786984e-01,-1.531480193363784492e-01
-5.351143956919740541e-01,1.576437264334439592e-01,-1.532331314450656179e-01
-5.287362665916848226e-01,1.608379522722837296e-01,-1.533308661864971612e-01
-5.221366820047101953e-01,1.639169205394512829e-01,-1.534411050108643038e-01
-5.153177147133427560e-01,1.668687063841045592e-01,-1.535637034989617566e-01
-5.082828391568718907e-01,1.696828255619269865e-01,-1.536986127794103818e-01
-5.010369206084128724e-01,1.723501447018422339e-01,-1.538459818925677625e-01
-4.935861090870563017e-01,1.748629023022491569e-01,-1.540061022319426653e-01
-4.859376492745161591e-01,1.772147189534168110e-01,-1.541791511461753084e-01
-4.780996759446451416e-01,1.794004993923348779e-01,-1.543649491908762328e-01
-4.700810448403923703e-01,1.814162536039253260e-01,-1.545629715201402854e-01
-4.618911736217208852e-01,1.832589271928953822e-01,-1.547725874267421031e-01
-4.535398437115991110e-01,1.849262977362502447e-01,-1.549933133208616365e-01
-4.450369609807500182e-01,1.864169405670806079e-01,-1.552249445489469193e-01
-4.363923065324625816e-01,1.877302392361743233e-01,-1.554675672629732275e-01
-4.276152943517771976e-01,1.888663942953119068e-01,-1.557214738636862328e-01
-4.187147458541493616e-01,1.898263710776442181e-01,-1.559870116998793299e-01
-4.096987128928329946e-01,1.906117650597570767e-01,-1.562644424942073174e-01
-4.005743785246467237e-01,1.912246429410860982e-01,-1.565538689417500517e-01
-3.913480237254440830e-01,1.916674449692465920e-01,-1.568551883041455208e-01
-3.820250254836276560e-01,1.919429597928157816e-01,-1.571680219355170161e-01
-3.726098747120591970e-01,1.920543023490107193e-01,-1.574916743637569394e-01
-3.631062270587445129e-01,1.920048493745064033e-01,-1.578252118013598049e-01
-3.535169925115275724e-01,1.917981667571600490e-01,-1.581676291499864162e-01
-3.438444487094924340e-01,1.914379682494330714e-01,-1.585179606756522697e-01
-3.340903466178861692e-01,1.909280820188372085e-01,-1.588752455404180419e-01
-3.242559712192161769e-01,1.902723897984928692e-01,-1.592384147019033913e-01
-3.143421477352869586e-01,1.894747594802235202e-01,-1.596062380524183866e-01
-3.043492478361941589e-01,1.885390106586857795e-01,-1.599774007660077491e-01
-2.942772785528636748e-01,1.874689069101879157e-01,-1.603506581919212637e-01
-2.841260672759283179e-01,1.862681495064038018e-01,-1.607249615291793110e-01
-2.738954551847524455e-01,1.849403849832972901e-01,-1.610994845574546530e-01
-2.635854000828120047e-01,1.834892532420753786e-01,-1.614735614302681144e-01
-2.531959704183860960e-01,1.819184614385433441e-01,-1.618465906852343539e-01
-2.427272786926494563e-01,1.802318434788795221e-01,-1.622179573751726944e-01
-2.321794059854345171e-01,1.784333938400611830e-01,-1.625870209456385662e-01
-2.215523542881706609e-01,1.765272904374690921e-01,-1.629532103340589622e-01
-2.108460488246623188e-01,1.745179039088023965e-01,-1.633161904746281978e-01
-2.000603737214690925e-01,1.724097729579457394e-01,-1.636759464022825017e-01
-1.891951892351591002e-01,1.702075474041130632e-01,-1.640326555616583859e-01
-1.782503073916356651e-01,1.679159301988382980e-01,-1.643864393025184500e-01
-1.672254644725087447e-01,1.655396420048029504e-01,-1.647372378376540381e-01
-1.561203313478121968e-01,1.630834013550938044e-01,-1.650849058449956053e-01
-1.449345485679491841e-01,1.605519052288740534e-01,-1.654293705512885349e-01
-1.336677502380672622e-01,1.579498146559902005e-01,-1.657706782536350343e-01
-1.223195657418896520e-01,1.552817610750286959e-01,-1.661089405009946451e-01
-1.108896016624246333e-01,1.525523743444214264e-01,-1.664442653856937349e-01
-9.937740532073707778e-02,1.497663185611518566e-01,-1.667766851307548870e-01
-8.778243834832785697e-02,1.469283266559553713e-01,-1.671060949230376569e-01
-7.610410783858889694e-02,1.440432281754800981e-01,-1.674322971579477737e-01
-6.434185039018160135e-02,1.411159507279761416e-01,-1.677551752190100109e-01
-5.249519689862404415e-02,1.381514752256012557e-01,-1.680748432165864448e-01
-4.056377035917699270e-02,1.351547657044160078e-01,-1.683916283004142089e-01
-2.854725072362084004e-02,1.321307340115288054e-01,-1.687059544696764002e-01
-1.644535438942798522e-02,1.290842729125948329e-01,-1.690182892470499521e-01
-4.257827478719222736e-03,1.260203184910237972e-01,-1.693291697027038134e-01
8.015542798024515025e-03,1.229438833888318872e-01,-1.696391979205745248e-01
2.037484727913798505e-02,1.198600723679355412e-01,-1.699489637385261931e-01
3.281989562003644056e-02,1.167741483002975172e-01,-1.702589617642145947e-01
4.535009087816718742e-02,1.136916536146177215e-01,-1.705695534895678989e-01
5.796446490933748752e-02,1.106184782193223304e-01,-1.708809590910556064e-01
7.066184292018809487e-02,1.075607820408751580e-01,-1.711932711070422719e-01
8.344095135331125457e-02,1.045248537017378632e-01,-1.715065120306526469e-01
9.630031779991063412e-02,1.015170980001265238e-01,-1.718207081157788196e-01
1.092380030944308938e-01,9.854421791859116486e-02,-1.721358850872841129e-01
1.222513666845968794e-01,9.561343429250557246e-02,-1.724519511010446093e-01
1.353370281892053439e-01,9.273255602967866995e-02,-1.727685767137659423e-01
1.484909455210748630e-01,8.990990622276945343e-02,-1.730851930077875467e-01
1.617083270974190023e-01,8.715425640832415166e-02,-1.734010600429433668e-01
1.749832463238265023e-01,8.447483749936499087e-02,-1.737152698552228702e-01
1.883082622928295424e-01,8.188132064025192836e-02,-1.740267167849152696e-01
2.016745321691139625e-01,7.938363746436544188e-02,-1.743342416187881605e-01
2.150724856468727020e-01,7.699165872790857124e-02,-1.746370090223391958e-01
2.284925515940262331e-01,7.471488087690562885e-02,-1.749348630108726321e-01
2.419253842751456496e-01,7.256223967529257246e-02,-1.752283735917791740e-01
2.553615486055904049e-01,7.054203701557956729e-02,-1.755186019170253131e-01
2.687910407562514870e-01,6.866188614167539894e-02,-1.758068488578536093e-01
2.822029500128017121e-01,6.692861878256137209e-02,-1.760945423627621742e-01
2.955852858435266128e-01,6.534817930844308287e-02,-1.763831938943935806e-01
3.089248846453338526e-01,6.392554665006304482e-02,-1.766743279704458824e-01
3.222073663302200686e-01,6.266467023991417751e-02,-1.769694099652585895e-01
3.354171426333853456e-01,6.156837703370643400e-02,-1.772698235998066696e-01
3.485374598878790420e-01,6.063824899367496746e-02,-1.775768575352127954e-01
3.615504608421042376e-01,5.987450946798227036e-02,-1.778916388705583940e-01
3.744372627005221332e-01,5.927592661238112459e-02,-1.782150597789985691e-01
3.871780331388372520e-01,5.883970384459019654e-02,-1.785478042516543407e-01
3.997520398114837725e-01,5.856135905573109368e-02,-1.788904672441096189e-01
4.121376904746271719e-01,5.843464118314445344e-02,-1.792436196676577831e-01
4.243126098168832350e-01,5.845150761938840145e-02,-1.796077330639592740e-01
4.362537425851270023e-01,5.860213912331994901e-02,-1.799830805861011018e-01
4.479373987564935211e-01,5.887498776813557266e-02,-1.803697896574456006e-01
4.593392143834569286e-01,5.925687428738787843e-02,-1.807680320213937153e-01
4.704341722040850104e-01,5.973308227336090320e-02,-1.811781421473110665e-01
4.811968721246041580e-01,6.028734695155242573e-02,-1.816005142865563804e-01
4.916020332703464613e-01,6.090175785807014353e-02,-1.820353694174598469e-01
5.016249780261766711e-01,6.155676337457452463e-02,-1.824826124380095616e-01
5.112419073861272922e-01,6.223142306698929704e-02,-1.829418788697430853e-01
5.204300581853443797e-01,6.290384022832785915e-02,-1.834126571531149441e-01
5.291679697379367830e-01,6.355161983009161020e-02,-1.838943051173773657e-01
5.374359396799172073e-01,6.415232268109025138e-02,-1.843859077710975625e-01
5.452165601301518505e-01,6.468399306792228798e-02,-1.848860888471401953e-01
5.524952244474305996e-01,6.512577532997620988e-02,-1.853929234960176031e-01
5.592606075720981673e-01,6.545853878236029821e-02,-1.859039996474844969e-01
5.655051680513680790e-01,6.566544333828089330e-02,-1.864165624947241862e-01
5.712256746013183450e-01,6.573244147574923424e-02,-1.869276501565388937e-01
5.764237116324322230e-01,6.564872373394778360e-02,-1.874341867307454113e-01
5.811061037237869042e-01,6.540709409689202114e-02,-1.879330666146047379e-01
5.852852022154884093e-01,6.500426124138698747e-02,-1.884212736369360597e-01
5.889789932359922320e-01,6.444103291714023407e-02,-1.888960360032651831e-01
5.922110147929041668e-01,6.372237772045395710e-02,-1.893549866938293580e-01
5.950100947264593820e-01,6.285730952176657449e-02,-1.897963050302078902e-01
5.974099326986344050e-01,6.185859471450910058e-02,-1.902188111320038399e-01
5.994485497565633647e-01,6.074234506788050991e-02,-1.906219488500497661e-01
6.011676121456787092e-01,5.952756708540490882e-02,-1.910055960252906859e-01
6.026116093092573900e-01,5.823567951240987695e-02,-1.913697329350298737e-01
6.038268637794979021e-01,5.688994765930298347e-02,-1.917140866190336912e-01
6.048603744118860037e-01,5.551477745446685430e-02,-1.920378323417671618e-01
6.057584891341254441e-01,5.413485671047733871e-02,-1.923393358879073312e-01
6.065653640994924656e-01,5.277418384093066767e-02,-1.926159401989237796e-01
6.073212017882427816e-01,5.145506843260452129e-02,-1.928639500534073403e-01
6.080604395423601094e-01,5.019721475291197971e-02,-1.930790255841796088e-01
6.088102442774296907e-01,4.901697313669034495e-02,-1.932569908890627020e-01
6.095896475961652961e-01,4.792676737613427856e-02,-1.933947517900720114e-01
6.104094266698972815e-01,4.693467408597985779e-02,-1.934909258063555182e-01
6.112726140748850900e-01,4.604421324394968040e-02,-1.935460209746077409e-01
6.121754557581425837e-01,4.525450923774205353e-02,-1.935623020904283231e-01
6.131086783094789050e-01,4.456093164866501560e-02,-1.935435511393541475e-01
6.140589652857775249e-01,4.395612643795854951e-02,-1.934947712779425955e-01
6.150105494051820720e-01,4.343118322420049665e-02,-1.934217674551376442e-01
6.159468184296950088e-01,4.297668297004633015e-02,-1.933306206434786401e-01
6.168518177646417078e-01,4.258348367964848863e-02,-1.932272196642980666e-01
6.177115376236437250e-01,4.224321801993400488e-02,-1.931170064486728288e-01
6.185149089293893176e-01,4.194854922313916157e-02,-1.930049255579393552e-01
6.192544519244360668e-01,4.169325933833192138e-02,-1.928954457810803103e-01
6.199264968769050421e-01,4.147222581492493454e-02,-1.927925656745309579e-01
6.205309127558891191e-01,4.128130204887556221e-02,-1.926998306863642596e-01
6.210704204819699203e-01,4.111711128637315915e-02,-1.926204159518603576e-01
6.215497355729346918e-01,4.097681083995877160e-02,-1.925572514863689855e-01
6.219747943612956576e-01,4.085792140421141971e-02,-1.925131031760442257e-01
6.223521559520502899e-01,4.075827043789400500e-02,-1.924905461988677402e-01
6.226885243537391146e-01,4.067599659897127434e-02,-1.924918317995446548e-01
6.229903311786438858e-01,4.060951807894894877e-02,-1.925186886847303214e-01
6.232633902371479406e-01,4.055743336480312211e-02,-1.925721159227168910e-01
6.235126594003501665e-01,4.051841040158590118e-02,-1.926522360121228350e-01
6.237421112538265033e-01,4.049112161508364172e-02,-1.927582670109646290e-01
6.239546872291361623e-01,4.047421907568069660e-02,-1.928886175629843380e-01
6.241523188193905947e-01,4.046631844967349401e-02,-1.930410417693180503e-01
6.243360187509532366e-01,4.046599320397085281e-02,-1.932127770612170337e-01
6.245060471607885022e-01,4.047179657508796768e-02,-1.934006355601672056e-01
6.246621396883755839e-01,4.048229705048290300e-02,-1.936010658254257444e-01
6.248037618040731545e-01,4.049609684030217038e-02,-1.938102046077148644e-01
6.249303481861088194e-01,4.051184184200008753e-02,-1.940239289678904189e-01
6.250415015461399104e-01,4.052826600590118955e-02,-1.942379346410839092e-01
6.251371402377018383e-01,4.054427852982046832e-02,-1.944478748121463707e-01
6.252175828455365236e-01,4.055904143503479692e-02,-1.946495555414504419e-01
6.252835582186717645e-01,4.057199143556634163e-02,-1.948391433050896959e-01
6.253361506563752670e-01,4.058283109043565873e-02,-1.950133557410067553e-01
6.253767142174995186e-01,4.059154207307845430e-02,-1.951696368727638409e-01
6.254067861169883003e-01,4.059840702190820744e-02,-1.953062881690528219e-01
6.254280040196186219e-01,4.060396398082597585e-02,-1.954224820040810218e-01
6.254420208742932363e-01,4.060886630101982753e-02,-1.955181305058424635e-01
6.254504224370157628e-01,4.061372623528548831e-02,-1.955936921152066355e-01
6.254546614434997043e-01,4.061903796739295414e-02,-1.956500283099979198e-01
6.254560144199798888e-01,4.062518598403376535e-02,-1.956883389454693312e-01
6.254555580523830649e-01,4.063247397262101379e-02,-1.957101264329305368e-01
6.254541640538108238e-01,4.064113473961115941e-02,-1.957171487896352535e-01
6.254525138153661512e-01,4.065133610256618096e-02,-1.957113648699017883e-01
6.254511278609427016e-01,4.066320075662919337e-02,-1.956948830224140568e-01
6.254503995922633397e-01,4.067682901496756653e-02,-1.956699101509434824e-01
6.254506257937463287e-01,4.069230752079432134e-02,-1.956386933302604048e-01
6.254520310120943449e-01,4.070970535432266030e-02,-1.956034448815623383e-01
6.254547836801297445e-01,4.072907020465196815e-02,-1.955662418807047331e-01
6.254590031875491007e-01,4.075043274689492401e-02,-1.955289091083785014e-01
6.254647603436531700e-01,4.077381628740038566e-02,-1.954929177812015084e-01
6.254720746999680170e-01,4.079923998176031297e-02,-1.954593247789746802e-01
6.254809129529409484e-01,4.082670836198856040e-02,-1.954287455908077509e-01
6.254911946882244500e-01,4.085619625337724714e-02,-1.954013460449439687e-01
6.255028055175587687e-01,4.088764072454321996e-02,-1.953768617383435380e-01
6.255156037829505689e-01,4.092093135769079432e-02,-1.953546653132186839e-01
6.255294110066241808e-01,4.095588548558729003e-02,-1.953338761489873676e-01
6.255440049238216726e-01,4.099222954380462441e-02,-1.953134775682965341e-01
6.255591436383125536e-01,4.102962925455432008e-02,-1.952924110077587927e-01
6.255746122035849011e-01,4.106776885735242272e-02,-1.952696457423787613e-01
6.255902499794424587e-01,4.110642350580711452e-02,-1.952442401204095290e-01
6.256059429609311939e-01,4.114548214695985112e-02,-1.952154004740587201e-01
6.256216071187329364e-01,4.118493755186961730e-02,-1.951825253624088485e-01
6.256371768864297245e-01,4.122487563368367608e-02,-1.951452198839713492e-01
6.256525796547207641e-01,4.126546310858893868e-02,-1.951032807211336151e-01
6.256676969893582019e-01,4.130692362481231533e-02,-1.950566721176951179e-01
6.256823540516776028e-01,4.134951610434898367e-02,-1.950055193810195930e-01
6.256963543788357507e-01,4.139352767462879668e-02,-1.949501297859679017e-01
6.257095179393914464e-01,4.143927084592171489e-02,-1.948910161380806583e-01
6.257216900885512745e-01,4.148708491994542585e-02,-1.948288785990167082e-01
6.257327524878637526e-01,4.153736384062550746e-02,-1.947645340640128953e-01
6.257426695497578795e-01,4.159060069372179369e-02,-1.946988506810959085e-01
6.257515385448859657e-01,4.164738827816377026e-02,-1.946327638746239708e-01
6.257595926590077129e-01,4.170834301244066844e-02,-1.945673741602411966e-01
6.257671658106641610e-01,4.177400454231244842e-02,-1.945040347052751639e-01
6.257746653100947354e-01,4.184478419171031027e-02,-1.944443419944781593e-01
6.257825612836533935e-01,4.192097054971903602e-02,-1.943900381728614901e-01
6.257913646309954947e-01,4.200275417851115356e-02,-1.943429010038874305e-01
6.258015870896072030e-01,4.209025336600753092e-02,-1.943046740901139546e-01
6.258137106533611105e-01,4.218354465652051494e-02,-1.942770329946745256e-01
6.258281840243853367e-01,4.228268900544474712e-02,-1.942615617858924615e-01
6.258454342458967812e-01,4.238774161097846188e-02,-1.942597277716888449e-01
6.258658759323149079e-01,4.249875815834921328e-02,-1.942728585371816252e-01
6.258899136270964503e-01,4.261581481798067117e-02,-1.943021311994471700e-01
6.259179392426952315e-01,4.273903057384023652e-02,-1.943485724200449682e-01
6.259503254424443330e-01,4.286857111395898923e-02,-1.944130465275089870e-01
6.259874171010987309e-01,4.300464406640582687e-02,-1.944962152489858043e-01
6.260295221030598434e-01,4.314751122668897265e-02,-1.945984952799299228e-01
6.260768940222394274e-01,4.329750860567106036e-02,-1.947200541279662245e-01
6.261296942569647417e-01,4.345503056131524988e-02,-1.948608281038389511e-01
6.261879348470790196e-01,4.362046316758239756e-02,-1.950204981118738579e-01
6.262514283573428209e-01,4.379411685890699513e-02,-1.951984070982964448e-01
6.263197805776760108e-01,4.397622046102363236e-02,-1.953934834495996697e-01
6.263924386375586684e-01,4.416697416853394842e-02,-1.956042237459344468e-01
6.264687688699703827e-01,4.436659972827715348e-02,-1.958287135266967571e-01
6.265481215105239698e-01,4.457534750380255650e-02,-1.960646550568563851e-01
6.266298582160974018e-01,4.479348422236632127e-02,-1.963094281065564661e-01
6.267133519924202867e-01,4.502129843488873046e-02,-1.965602136347970874e-01
6.267979861567086752e-01,4.525911211746552754e-02,-1.968141427315346914e-01
6.268831709773960981e-01,4.550725838288449676e-02,-1.970684047776630476e-01
6.269683787093536242e-01,4.576602373824180392e-02,-1.973202947923149708e-01
6.270531858040732098e-01,4.603560303294306627e-02,-1.975672111584470259e-01
6.271373083995135378e-01,4.631610615886139204e-02,-1.978065956804879177e-01
6.272206202128974839e-01,4.660760422746507148e-02,-1.980358127559117831e-01
6.273031487909125348e-01,4.691017922356275488e-02,-1.982520221049083597e-01
6.273850550661300707e-01,4.722396355852759992e-02,-1.984521319317254229e-01
6.274666067279651704e-01,4.754917549692616596e-02,-1.986328764458051288e-01
6.275481530231221683e-01,4.788614302027721648e-02,-1.987909926876219313e-01
6.276301009086018290e-01,4.823529764479430465e-02,-1.989234317291600773e-01
6.277128895840052847e-01,4.859714532993461567e-02,-1.990275303216481884e-01
6.277969655171408148e-01,4.897225049630601901e-02,-1.991010913702567497e-01
6.278827657018728470e-01,4.936124998016222509e-02,-1.991423838069743268e-01
6.279707154446260153e-01,4.976486733586071159e-02,-1.991501317822390871e-01
6.280612403331408133e-01,5.018389453236407616e-02,-1.991235503089864578e-01
6.281547874141937271e-01,5.061915757685304246e-02,-1.990624088563277549e-01
6.282518508579537642e-01,5.107151168350759080e-02,-1.989670569504433939e-01
6.283529993481439258e-01,5.154187217018484091e-02,-1.988383778067590035e-01
6.284589024217235309e-01,5.203123282147534279e-02,-1.986776974376024130e-01
6.285703508134220518e-01,5.254063436753786398e-02,-1.984866957947710453e-01
6.286882650995901933e-01,5.307110959911157805e-02,-1.982673377512978730e-01
6.288136911600480383e-01,5.362365707959325378e-02,-1.980218113274019864e-01
6.289477873176168021e-01,5.419924675240084949e-02,-1.977524615422851240e-01
6.290918083409435813e-01,5.479881526878584153e-02,-1.974617318243817587e-01
6.292470854783273060e-01,5.542323926253287653e-02,-1.971521369014385960e-01
6.294150012209883682e-01,5.607333124450607220e-02,-1.968262677234021429e-01
6.295969670983472266e-01,5.674988984657807628e-02,-1.964867886392877849e-01
6.297944164767659281e-01,5.745376816295111322e-02,-1.961363800387257439e-01
6.300088108774243301e-01,5.818590038695162225e-02,-1.957776271258085954e-01
6.302416462875380931e-01,5.894727252936259043e-02,-1.954129120995030389e-01
6.304944552421817283e-01,5.973886707941413604e-02,-1.950443706664992671e-01
6.307688147310652749e-01,6.056161677156127188e-02,-1.946739218719588105e-01
6.310663640503301197e-01,6.141639522836528364e-02,-1.943033291270914176e-01
6.313888243664586009e-01,6.230405429846749832e-02,-1.939342452792370552e-01
6.317380192063657418e-01,6.322547575806300446e-02,-1.935682267841748738e-01
6.321159061769097143e-01,6.418158726923683943e-02,-1.932067341766028623e-01
6.325246165121821695e-01,6.517334573869265624e-02,-1.928511447623575958e-01
6.329664834231539805e-01,6.620174429665298677e-02,-1.925027890299084166e-01
6.334440589219645368e-01,6.726785803147494747e-02,-1.921629952870052838e-01
6.339601420210564386e-01,6.837286967507567870e-02,-1.918331048449976317e-01
6.345178178741547326e-01,6.951804304119924005e-02,-1.915144285313801487e-01
6.351204687636851087e-01,7.070470898061048670e-02,-1.912081631680892235e-01
6.357717359276393587e-01,7.193433389618106300e-02,-1.909153305805839917e-01
6.364754681825097737e-01,7.320862934951705148e-02,-1.906367780538547607e-01
6.372357031619448886e-01,7.452959660572851253e-02,-1.903731985959463135e-01
6.380566810010744883e-01,7.589947947792802241e-02,-1.901250922758158102e-01
6.389428626716899817e-01,7.732070792287891459e-02,-1.898926557490683009e-01
6.398989388984368532e-01,7.879590653838000613e-02,-1.896756733927979777e-01
6.409298239131061559e-01,8.032794445120233773e-02,-1.894734720775375636e-01
6.420406243726139994e-01,8.191995594527237690e-02,-1.892849142035199772e-01
6.432365932437821288e-01,8.357531213402746850e-02,-1.891083716829702055e-01
6.445231000782210007e-01,8.529758248234950435e-02,-1.889416901931444126e-01
6.459056228953188317e-01,8.709050970320186824e-02,-1.887822129062796672e-01
6.473897293941528464e-01,8.895797172134049802e-02,-1.886268951515602532e-01
6.489810400215613173e-01,9.090390609323473203e-02,-1.884724574503464367e-01
6.506852179850531881e-01,9.293222409139495488e-02,-1.883155018894025756e-01
6.525080189834631117e-01,9.504676026763542174e-02,-1.881525730244667793e-01
6.544553773304214728e-01,9.725125216963997898e-02,-1.879802027743517345e-01
6.565335030777825764e-01,9.954928858722966734e-02,-1.877949795053959758e-01
6.587490032450328270e-01,1.019441734061862365e-01,-1.875936463481851224e-01
6.611090164673842917e-01,1.044387076638885886e-01,-1.873732215029280668e-01
6.636212746507447191e-01,1.070349277977225289e-01,-1.871311590158364624e-01
6.662940041264724389e-01,1.097338333253749521e-01,-1.868655821953568996e-01
6.691356811092317169e-01,1.125351285583857108e-01,-1.865755740484929537e-01
6.721547410006153411e-01,1.154370112456697683e-01,-1.862614298730460305e-01
6.753593283451811979e-01,1.184360401582066208e-01,-1.859247564388163965e-01
6.787571220890533663e-01,1.215270826596079878e-01,-1.855683773412032389e-01
6.823552462964370680e-01,1.247033102408090788e-01,-1.851961034457852429e-01
6.861602605794573373e-01,1.279562121472721525e-01,-1.848124576999251589e-01
6.901781906576192060e-01,1.312756228213432519e-01,-1.844224022821285003e-01
6.944145401800480011e-01,1.346497682356505021e-01,-1.840310756290824135e-01
6.988742499231487271e-01,1.380653275434605975e-01,-1.836435495840207932e-01
7.035616139560626481e-01,1.415075136328331207e-01,-1.832646308304631821e-01
7.084801876502855311e-01,1.449602037141845545e-01,-1.828987141267539585e-01
7.136327233416301929e-01,1.484061619403446164e-01,-1.825496646422601899e-01
7.190211518240963162e-01,1.518273714689313547e-01,-1.822207101503370841e-01
7.246466001701618032e-01,1.552054587270975394e-01,-1.819143555390524969e-01
7.305094219781651521e-01,1.585221712516423076e-01,-1.816323348282994632e-01
7.366092268646463603e-01,1.617598537226847821e-01,-1.813755820921821027e-01
7.429449046217604380e-01,1.649018496354861529e-01,-1.811442028570076079e-01
7.495146270536773292e-01,1.679327663509893598e-01,-1.809374829800022288e-01
7.563158127916486118e-01,1.708385999896381013e-01,-1.807539865336874052e-01
7.633450839760079765e-01,1.736067857989270768e-01,-1.805917126628946989e-01
7.705982733088219128e-01,1.762262506446681809e-01,-1.804482228582831860e-01
7.780704935720416104e-01,1.786874853138590291e-01,-1.803207304062098837e-01
7.857562080615019262e-01,1.809825953987022618e-01,-1.802062501327184318e-01
7.936492425674787077e-01,1.831052970071230523e-01,-1.801018532414709605e-01
8.017427566043582310e-01,1.850508749555274945e-01,-1.800049202116432712e-01
8.100292394251220607e-01,1.868161397031428694e-01,-1.799132658511982119e-01
8.185005658685018393e-01,1.883993798256405894e-01,-1.798251532292716171e-01
8.271481003326206505e-01,1.898002657665804060e-01,-1.797393019739162434e-01
8.359628312820421847e-01,1.910196743273678277e-01,-1.796549222697052528e-01
8.449355290762846638e-01,1.920594529785123461e-01,-1.795717103700362194e-01
8.540569100301327321e-01,1.929221684228281108e-01,-1.794897598758262436e-01
8.633177800522635614e-01,1.936108718219285429e-01,-1.794094190907889463e-01
8.727091537641049612e-01,1.941289057139566343e-01,-1.793311520273712656e-01
8.822223774251419792e-01,1.944797867081125564e-01,-1.792554376893359669e-01
8.918492791558646493e-01,1.946671753918057801e-01,-1.791827140983768274e-01
9.015823288666863222e-01,1.946948800372347022e-01,-1.791133479768109993e-01
9.114147645364787387e-01,1.945668176411843309e-01,-1.790475946621670200e-01
9.213406621627131532e-01,1.942869286373303250e-01,-1.789855328262073830e-01
9.313549629888548953e-01,1.938591169742802656e-01,-1.789270020773413572e-01
9.414534781977796918e-01,1.932872511208612032e-01,-1.788715798133367063e-01
9.516328727101487361e-01,1.925751708916790816e-01,-1.788185909577128252e-01
9.618906233541477668e-01,1.917266444994961405e-01,-1.787671109896512844e-01
9.722249575431594071e-01,1.907453051936073840e-01,-1.787159494064227971e-01
9.826347786628455427e-01,1.896346287370758166e-01,-1.786636536202827474e-01
9.931195712356711836e-01,1.883979560238774331e-01,-1.786085792203296885e-01
1.003679281505672760e+00,1.870385263230581741e-01,-1.785490150439170698e-01
1.014314190452819231e+00,1.855595140887179584e-01,-1.784832935021894162e-01
1.025024805311896436e+00,1.839640817489268387e-01,-1.784098291815340298e-01
1.035811781542780752e+00,1.822554360132901952e-01,-1.783271068300823214e-01
1.046675870532882913e+00,1.804368665135481775e-01,-1.782336955587098259e-01
1.057617878890883434e+00,1.785117765634315345e-01,-1.781283240931857415e-01
1.068638619360947395e+00,1.764837254985457682e-01,-1.780099555221622554e-01
1.079738844358728800e+00,1.743564678692245684e-01,-1.778777774655201649e-01
1.090919186887127967e+00,1.721339592156428955e-01,-1.777311163773927782e-01
1.102180149798470676e+00,1.698203345179962465e-01,-1.775693722383075157e-01
1.113522147195577183e+00,1.674198977508864761e-01,-1.773920350614213715e-01
1.124945552903086066e+00,1.649371393412812359e-01,-1.771987459316692881e-01
1.136450717780649322e+00,1.623767576768342102e-01,-1.769893374859901058e-01
1.148037964033944203e+00,1.597436596279673271e-01,-1.767638360760385441e-01
1.159707575580487537e+00,1.570429454156437310e-01,-1.765224355242052956e-01
1.171459770371492404e+00,1.542798913750872414e-01,-1.762654492609708468e-01
1.183294634269515200e+00,1.514599199355016468e-01,-1.759932719853877781e-01
1.195212045353090113e+00,1.485885389189805506e-01,-1.757064031444540986e-01
1.207211655284968765e+00,1.456712670585223468e-01,-1.754055224789468903e-01
1.219292957574797720e+00,1.427135896838682416e-01,-1.750915183557977539e-01
1.231455396820813730e+00,1.397209604391487225e-01,-1.747654000928692275e-01
1.243698443757999650e+00,1.366988214310343730e-01,-1.744281676499576661e-01
1.256021601847099989e+00,1.336526207310507197e-01,-1.740807760762819734e-01
1.268424366148182880e+00,1.305878406118052837e-01,-1.737242195444176629e-01
1.280906170906001895e+00,1.275100419416533015e-01,-1.733596152377478439e-01
1.293466345369339798e+00,1.244248917599390936e-01,-1.729881770981349098e-01
1.306104081687815111e+00,1.213381500899942816e-01,-1.726111076794278332e-01
1.318818411867393126e+00,1.182556500778295661e-01,-1.722295155787659793e-01
1.331608181764701859e+00,1.151833253078230340e-01,-1.718444035740582243e-01
1.344472007136058300e+00,1.121272858627139490e-01,-1.714566892270113774e-01
1.357408217710373011e+00,1.090938907733206148e-01,-1.710672352017890141e-01
1.370414823525436310e+00,1.060897704793223456e-01,-1.706769172918137512e-01
1.383489527449139000e+00,1.031217963233683199e-01,-1.702867293329244358e-01
1.396629752761886278e+00,1.001970272543332152e-01,-1.698978631803640948e-01
1.409832621350912696e+00,9.732267156586960066e-02,-1.695117253524214274e-01
1.423094865882661653e+00,9.450608330216925257e-02,-1.691299185285524975e-01
1.436412739918663917e+00,9.175477594847869511e-02,-1.687542085027404215e-01
1.449781989624238543e+00,8.907641580394867753e-02,-1.683864605802413428e-01
1.463197853849116603e+00,8.647878613760444366e-02,-1.680285765308415225e-01
1.476654995928161407e+00,8.396975813349319417e-02,-1.676825129062103348e-01
1.490147340653456220e+00,8.155729681392842600e-02,-1.673503660569002904e-01
1.503667907138999338e+00,7.924946685515284195e-02,-1.670343795909488005e-01
1.517208734378371116e+00,7.705436804412857388e-02,-1.667367995188658025e-01
1.530760889594884544e+00,7.497998408715247920e-02,-1.664597022721105712e-01
1.544314481362198732e+00,7.303401838608049312e-02,-1.662049508659795838e-01
1.557858647555132814e+00,7.122380592064975202e-02,-1.659742537319028877e-01
1.571381556576581406e+00,6.955630354078956579e-02,-1.657691891781578053e-01
1.584870442577277716e+00,6.803806746927928972e-02,-1.655911535806079971e-01
1.598311633054407821e+00,6.667513126381198474e-02,-1.654413032677793660e-01
1.611690531073018073e+00,6.547278849752954932e-02,-1.653205252590377317e-01
1.624991587069953614e+00,6.443535754627055523e-02,-1.652293961862086602e-01
1.638198326937377658e+00,6.356599389768367858e-02,-1.651681176254480299e-01
1.651293441927424555e+00,6.286655301271751317e-02,-1.651364898626878353e-01
1.664258880782960803e+00,6.233746677789241131e-02,-1.651339668498423008e-01
1.677075908485753386e+00,6.197760512970117847e-02,-1.651597418696340580e-01
1.689725162091396227e+00,6.178412543769980919e-02,-1.652127853459268714e-01
1.702186735467343892e+00,6.175233429101453786e-02,-1.652918328792472580e-01
1.714440266728724183e+00,6.187558775679081330e-02,-1.653953859329656551e-01
1.726464984536146607e+00,6.214523822102161615e-02,-1.655217499437462436e-01
1.738239722006915455e+00,6.255061115516605263e-02,-1.656690710363752372e-01
1.749742950643253137e+00,6.307898988869355128e-02,-1.658353532679590070e-01
1.760952862920324602e+00,6.371561635165436110e-02,-1.660184967919961507e-01
1.771847486267834837e+00,6.444375387905534880e-02,-1.662163739709605903e-01
1.782404813326241566e+00,6.524485510834421298e-02,-1.664268864820714899e-01
1.792602965568857343e+00,6.609882578486213356e-02,-1.666479554154694509e-01
1.802420395860464319e+00,6.698432913310453651e-02,-1.668774794573526510e-01
1.811836096510653027e+00,6.787909144779852300e-02,-1.671133196097265017e-01
1.820829816963908998e+00,6.876023023167143755e-02,-1.673533164969724096e-01
1.829382384681511375e+00,6.960465299144831530e-02,-1.675953177544568518e-01
1.837476177425233503e+00,7.038952851645549624e-02,-1.678371925941242737e-01
1.845095618640042678e+00,7.109277959051367446e-02,-1.680767864668462896e-01
1.852227575199150156e+00,7.169357572168902348e-02,-1.683117953748781981e-01
1.858861812298842286e+00,7.217288031507052004e-02,-1.685396745087979486e-01
1.864991737429534391e+00,7.251409080094717297e-02,-1.687577540294019629e-01
1.870615259538599640e+00,7.270367923647400032e-02,-1.689635475145764565e-01
1.875735262623132948e+00,7.273166717025571215e-02,-1.691550278331674373e-01
1.880359550243778433e+00,7.259187874292036269e-02,-1.693307367953294507e-01
1.884500694085933681e+00,7.228207257301223765e-02,-1.694898544531832085e-01
1.888176119607926751e+00,7.180403831800799552e-02,-1.696323619468636246e-01
1.891408152489324257e+00,7.116359268992743237e-02,-1.697591753204721887e-01
1.894223618273679799e+00,7.037036167643578866e-02,-1.698720308876676688e-01
1.896653109086243294e+00,6.943736918697127058e-02,-1.699731347412830051e-01
1.898730346381246603e+00,6.838057178386897084e-02,-1.700648102629881697e-01
1.900491757928021830e+00,6.721841896152221107e-02,-1.701492958819336432e-01
1.901976035468839532e+00,6.597138411943297143e-02,-1.702286278722293655e-01
1.903223519555822030e+00,6.466140371334351544e-02,-1.703044903544375654e-01
1.904275460905291206e+00,6.331126968703271185e-02,-1.703780222623222096e-01
1.905173179885461199e+00,6.194404914138305907e-02,-1.704496281598671392e-01
1.905957056911051106e+00,6.058249687496145008e-02,-1.705187897872725011e-01
1.906665350173070372e+00,5.924836623173873607e-02,-1.705838643296625490e-01
1.907332926156938724e+00,5.796164377031330639e-02,-1.706419684346544563e-01
1.907989989318358726e+00,5.673987099341601392e-02,-1.706891515073415133e-01
1.908660929124854189e+00,5.559765177854152779e-02,-1.707209721585919160e-01
1.909363494541794548e+00,5.454626510714556675e-02,-1.707333304290372389e-01
1.910108482952380671e+00,5.359328605348435970e-02,-1.707232191424547796e-01
1.910899952177909089e+00,5.274229629698420907e-02,-1.706891327365931410e-01
1.911735827355087514e+00,5.199288447166817984e-02,-1.706311265225963769e-01
1.912608787778998343e+00,5.134104877203569950e-02,-1.705506957802845891e-01
1.913507367383832314e+00,5.077994776337262095e-02,-1.704506073873404415e-01
1.914417191400139773e+00,5.030084900948260385e-02,-1.703346773953931248e-01
1.915322258132692523e+00,4.989409470285715437e-02,-1.702074377279367279e-01
1.916206207026295738e+00,4.954991487762130942e-02,-1.700737229889344726e-01
1.917053536696953220e+00,4.925900219040802580e-02,-1.699383080772355337e-01
1.917850708669885496e+00,4.901287819012895008e-02,-1.698057043564034641e-01
1.918587039278265571e+00,4.880411603822588235e-02,-1.696800949542978942e-01
1.919255286563387619e+00,4.862643004226570309e-02,-1.695653007892544695e-01
1.919851867230230935e+00,4.847461744143122947e-02,-1.694647065086287430e-01
1.920376679788398322e+00,4.834439443761240351e-02,-1.693811723979697093e-01
1.920832581926770199e+00,4.823221562488382019e-02,-1.693169900473661671e-01
1.921224657252664558e+00,4.813513045763429671e-02,-1.692738815444883582e-01
1.921559443149969404e+00,4.805066780257345738e-02,-1.692529828263401870e-01
1.921844243679128983e+00,4.797673243486036410e-02,-1.692547684919138151e-01
1.922086568133222428e+00,4.791153094569658433e-02,-1.692789448211641512e-01
1.922293689521923143e+00,4.785354715032132111e-02,-1.693243833049730140e-01
1.922472320585036476e+00,4.780154614293326276e-02,-1.693891538456896717e-01
1.922628413258304247e+00,4.775456237815155908e-02,-1.694706734674339410e-01
1.922767068818489244e+00,4.771185785505944327e-02,-1.695659505809996581e-01
1.922892519901526986e+00,4.767287762420616831e-02,-1.696718815395310553e-01
1.923008147000097035e+00,4.763722424614996037e-02,-1.697855362827976056e-01
1.923116517203913300e+00,4.760463788565764964e-02,-1.699043627733864970e-01
1.923219448057746916e+00,4.757496335641622082e-02,-1.700262638606431509e-01
1.923318091907112892e+00,4.754811250372330267e-02,-1.701495501197294591e-01
1.923413027530097796e+00,4.752403943967581368e-02,-1.702728174130755112e-01
1.923504352629604952e+00,4.750272456379764363e-02,-1.703948128839840870e-01
1.923591781153374258e+00,4.748415299858167737e-02,-1.705143384966453513e-01
1.923674748521856159e+00,4.746829137387056918e-02,-1.706302131053487880e-01
1.923752521129721282e+00,4.745507834056032770e-02,-1.707412860406728183e-01
1.923824305377053179e+00,4.744442862385906540e-02,-1.708464769175439546e-01
1.923889353560201521e+00,4.743623663557145625e-02,-1.709448148737429674e-01
1.923947061108005396e+00,4.743037591744358322e-02,-1.710354632132528307e-01
1.923997044089431174e+00,4.742670419419236366e-02,-1.711177301392359240e-01
1.924039186434634896e+00,4.742507822121697081e-02,-1.711910733457924494e-01
1.924073654205054718e+00,4.742536999573808421e-02,-1.712551055630419095e-01
1.924100882462136175e+00,4.742747601871929314e-02,-1.713096037606027799e-01
1.924121542673501883e+00,4.743132030142651473e-02,-1.713545203642824477e-01
1.924136495488556697e+00,4.743685528676853252e-02,-1.713899937876359469e-01
1.924146731336325189e+00,4.744406061895248966e-02,-1.714163583416613013e-01
1.924153304905195094e+00,4.745293526513107152e-02,-1.714341557291995111e-01
1.924157274864220835e+00,4.746347978742817414e-02,-1.714441462200293753e-01
1.924159656788751782e+00,4.747567339411626341e-02,-1.714473084770903599e-01
1.924161386054275447e+00,4.748945818090112569e-02,-1.714448143692792192e-01
1.924163284270443919e+00,4.750473971841558118e-02,-1.714379784591986144e-01
1.924166032744561772e+00,4.752139873497124994e-02,-1.714281991848048414e-01
1.924170159818711090e+00,4.753929971881076799e-02,-1.714169044598414793e-01
1.924176035382995753e+00,4.755829021484368063e-02,-1.714054913164569649e-01
1.924183861529053852e+00,4.757819682726265043e-02,-1.713952479152452968e-01
1.924193671434430541e+00,4.759882355608945070e-02,-1.713872806504854462e-01
1.924205364031051912e+00,4.761995151447707270e-02,-1.713824866992569862e-01
1.924218773473757027e+00,4.764134245706860837e-02,-1.713815717719433251e-01
1.924233734042014365e+00,4.766275612623666058e-02,-1.713850643624022785e-01
1.924250109505161399e+00,4.768398413189425811e-02,-1.713932939890195351e-01
1.924267794896405759e+00,4.770488466839457181e-02,-1.714063576957136625e-01
1.924286710168702674e+00,4.772539841365307234e-02,-1.714241150224062038e-01
1.924306790960766289e+00,4.774554413549458171e-02,-1.714462193783354016e-01
1.924327982801947945e+00,4.776540948734208508e-02,-1.714721725282732367e-01
1.924350248729377766e+00,4.778514796577689600e-02,-1.715013891042483085e-01
1.924373571055103316e+00,4.780497672587133429e-02,-1.715332438610037147e-01
1.924397907284288722e+00,4.782516370772008779e-02,-1.715670657435413304e-01
1.924423112841128880e+00,4.784600018829437973e-02,-1.716020927566882515e-01
1.924448917912712220e+00,4.786776327888159210e-02,-1.716374714545294833e-01
1.924475020624408339e+00,4.789067523229071505e-02,-1.716723666425943873e-01
1.924501237002866905e+00,4.791486914399302466e-02,-1.717061341586173517e-01
1.924527578675705008e+00,4.794037537514813513e-02,-1.717384347515221177e-01
1.924554200530395720e+00,4.796713794041817386e-02,-1.717692242248644308e-01
1.924581282512841218e+00,4.799505096693459927e-02,-1.717986714795222969e-01
1.924608946570476986e+00,4.802399188635100846e-02,-1.718270954906194747e-01
1.924637246524462775e+00,4.805383900895843219e-02,-1.718549485481342953e-01
1.924666195396929513e+00,4.808448245784845143e-02,-1.718828025449430086e-01
1.924695781948570605e+00,4.811584101053524576e-02,-1.719112997264434228e-01
1.924725966069014804e+00,4.814788411829569459e-02,-1.719410840003939012e-01
1.924756675868774192e+00,4.818065166641457425e-02,-1.719727540269659627e-01
1.924787821307530455e+00,4.821426768796734097e-02,-1.720068490531821148e-01
1.924819308366072512e+00,4.824894323132183915e-02,-1.720438426994407577e-01
1.924851032287493657e+00,4.828496080186291117e-02,-1.720841258809968632e-01
1.924882859855268080e+00,4.832264379810059102e-02,-1.721279905625163198e-01
1.924914633725185009e+00,4.836232938271174675e-02,-1.721756339198896590e-01
1.924946209869217384e+00,4.840435794244154349e-02,-1.722271803372240895e-01
1.924977501490844345e+00,4.844907347804337794e-02,-1.722827026454034349e-01
1.925008500264140610e+00,4.849682531322564716e-02,-1.723422354040472504e-01
1.925039274225979202e+00,4.854797150481983403e-02,-1.724057892155296812e-01
1.925069954988805510e+00,4.860288373470683654e-02,-1.724733695752576068e-01
1.925100713201280733e+00,4.866194504782789948e-02,-1.725449887245102953e-01
1.925131715351602768e+00,4.872553965243253682e-02,-1.726206629419339555e-01
1.925163074591217161e+00,4.879405071624563772e-02,-1.727004080829403487e-01
1.925194823480853579e+00,4.886787562314589412e-02,-1.727842538727783483e-01
1.925226920158492838e+00,4.894744209392666578e-02,-1.728722817904998488e-01
1.925259270833295400e+00,4.903320292932062535e-02,-1.729646714561840215e-01
1.925291747356544736e+00,4.912561234286857981e-02,-1.730617333886747267e-01
1.925324198863084035e+00,4.922510651567033046e-02,-1.731639106243259008e-01
1.925356468790172970e+00,4.933210080276013987e-02,-1.732717444092797265e-01
1.925388420012545510e+00,4.944699561851097908e-02,-1.733858190310100522e-01
1.925419962985150946e+00,4.957017783628887148e-02,-1.735067146267488258e-01
1.925451088514809950e+00,4.970201314417425908e-02,-1.736349857916279771e-01
1.925481907875814969e+00,4.984283521677489170e-02,-1.737711546084010072e-01
1.925512680386172404e+00,4.999294527645860992e-02,-1.739156938464817559e-01
1.925543787691972764e+00,5.015263578677554845e-02,-1.740689976672509798e-01
1.925575637540642315e+00,5.032223808706993984e-02,-1.742313615702799079e-01
1.925608542050685212e+00,5.050217239381302875e-02,-1.744029767523334606e-01
1.925642653046127029e+00,5.069296869587946314e-02,-1.745839015241896497e-01
1.925678002031192992e+00,5.089523905472476822e-02,-1.747739713635457492e-01
1.925714616022531800e+00,5.110960862019826856e-02,-1.749726699373322647e-01
1.925752636583902611e+00,5.133663979324992743e-02,-1.751790317373689287e-01
1.925792383241470729e+00,5.157679626251002181e-02,-1.753916146925789954e-01
1.925834334477332543e+00,5.183047655258670589e-02,-1.756085133319143232e-01
1.925879024421283336e+00,5.209809983554067325e-02,-1.758273731685053576e-01
1.925926895487104940e+00,5.238018069716717656e-02,-1.760454144824620537e-01
1.925978202026449315e+00,5.267733059641192817e-02,-1.762594940785890685e-01
1.926033050002071478e+00,5.299018396060869995e-02,-1.764661986975246122e-01
1.926091543642710624e+00,5.331931584600652779e-02,-1.766619386762253996e-01
1.926153899094484645e+00,5.366522598221035861e-02,-1.768430370421745779e-01
1.926220421600240762e+00,5.402840007812972217e-02,-1.770058381131089376e-01
1.926291400993709546e+00,5.440939117036939360e-02,-1.771468366039657960e-01
1.926367071001021447e+00,5.480886269308309772e-02,-1.772627856542229319e-01
1.926447689964433829e+00,5.522759222319691824e-02,-1.773507500732043884e-01
1.926533649533791026e+00,5.566647560620667512e-02,-1.774081268124118593e-01
1.926625492188209110e+00,5.612654933540091318e-02,-1.774326820588726650e-01
1.926723834496257171e+00,5.660900267689916721e-02,-1.774226162125224215e-01
1.926829289783055232e+00,5.711514684989473650e-02,-1.773766221702282320e-01
1.926942453416516265e+00,5.764635203573939548e-02,-1.772939118136451775e-01
1.927063934096120201e+00,5.820399468635206047e-02,-1.771742226007871068e-01
1.927194402986928790e+00,5.878943665243316352e-02,-1.770178162198600136e-01
1.927334665638240851e+00,5.940401539601027764e-02,-1.768254554649762444e-01
1.927485744561651559e+00,6.004901867605184212e-02,-1.765983549418341236e-01
1.927648911644447960e+00,6.072565300142713368e-02,-1.763381392038048945e-01
1.927825631877837509e+00,6.143504027980144222e-02,-1.760468392733333665e-01
1.928017468133214729e+00,6.217825401236654753e-02,-1.757269070373472797e-01
1.928226028793258218e+00,6.295636535635731890e-02,-1.753811991796937475e-01
1.928452974466595693e+00,6.377046599212041200e-02,-1.750129131815062189e-01
1.928700039670507849e+00,6.462166881511501038e-02,-1.746254980706397619e-01
1.928969046704317680e+00,6.551110393653192254e-02,-1.742225680714774572e-01
1.929261934109318677e+00,6.643990564057522530e-02,-1.738078352799784787e-01
1.929580813409329965e+00,6.740917665322880559e-02,-1.733850712072000644e-01
1.929928026711085653e+00,6.841995375055878736e-02,-1.729580969345995423e-01
1.930306169527747695e+00,6.947322825787480283e-02,-1.725307843120998386e-01
1.930718076413525219e+00,7.057003144843355946e-02,-1.721070468267222875e-01
1.931166800306914011e+00,7.171152006172271109e-02,-1.716908127867040890e-01
1.931655617949465720e+00,7.289899335991313623e-02,-1.712859837346972502e-01
1.932188063712521942e+00,7.413385060229249479e-02,-1.708963818207539787e-01
1.932767962862092626e+00,7.541755417474584056e-02,-1.705256970939992012e-01
1.933399440527188595e+00,7.675163080674687888e-02,-1.701774560099421352e-01
1.934086918372494024e+00,7.813767919259753669e-02,-1.698550224363345462e-01
1.934835120282657916e+00,7.957734719063067064e-02,-1.695616135366890820e-01
1.935649068942952189e+00,8.107229015078019907e-02,-1.693002976797650661e-01
1.936534031262526101e+00,8.262414435653156475e-02,-1.690739581739162944e-01
1.937495415851752334e+00,8.423451648343133202e-02,-1.688852380687410892e-01
1.938538681816509790e+00,8.590496040648418208e-02,-1.687365007245956450e-01
1.939669299576720407e+00,8.763693708965804297e-02,-1.686298321879326489e-01
1.940892743282425448e+00,8.943179355334165970e-02,-1.685670723967179208e-01
1.942214486556466779e+00,9.129078805663948248e-02,-1.685498184510461073e-01
1.943640012747533730e+00,9.321514277475376198e-02,-1.685793447307757376e-01
1.945174849057877520e+00,9.520608925079708518e-02,-1.686564482142154375e-01
1.946824587654363503e+00,9.726489873111690554e-02,-1.687812927577589939e-01
1.948594854922220510e+00,9.939290708878890934e-02,-1.689533174509661451e-01
1.950491249360531532e+00,1.015915300424598267e-01,-1.691712019236067677e-01
1.952519303792421335e+00,1.038622553818513983e-01,-1.694328362614437311e-01
1.954684497825053713e+00,1.062066163975555200e-01,-1.697352797718842121e-01
1.956992306678104088e+00,1.086261671057573153e-01,-1.700747615400172719e-01
1.959448261892876575e+00,1.111224719094241059e-01,-1.704467885353727896e-01
1.962057996621916711e+00,1.136971021913658064e-01,-1.708463660418525487e-01
1.964827248427579054e+00,1.163516140080377570e-01,-1.712682679153809118e-01
1.967761818407658403e+00,1.190874633441453556e-01,-1.717072878788196977e-01
1.970867512855580150e+00,1.219058096193933460e-01,-1.721584512723946248e-01
1.974150073900288849e+00,1.248071900760188702e-01,-1.726172112942870873e-01
1.977615066817784761e+00,1.277911111419554879e-01,-1.730796557917305134e-01
1.981267713209341474e+00,1.308556422766766481e-01,-1.735427153634850339e-01
1.985112733643350946e+00,1.339970716247878002e-01,-1.740043183205303157e-01
1.989154285923265375e+00,1.372096326453761950e-01,-1.744634213537595846e-01
1.993396008004295616e+00,1.404853158394747670e-01,-1.749198912021202312e-01
1.997841087398136706e+00,1.438138280969393501e-01,-1.753742986024467987e-01
2.002492289986860907e+00,1.471827453425071097e-01,-1.758277198808099462e-01
2.007351971561524007e+00,1.505777948934529098e-01,-1.762815769181293457e-01
2.012422145981933141e+00,1.539831462246166738e-01,-1.767374695311715316e-01
2.017704629991964538e+00,1.573816915632583746e-01,-1.771969746920460664e-01
2.023201191416772460e+00,1.607554266937713527e-01,-1.776614687953464444e-01
2.028913598253688555e+00,1.640859925812111486e-01,-1.781320442973262641e-01
2.034843520200673161e+00,1.673552590089696368e-01,-1.786095180228328694e-01
2.040992306840163195e+00,1.705457697607551670e-01,-1.790944699800586237e-01
2.047360703592875364e+00,1.736410038844438675e-01,-1.795872688802896966e-01
2.053948569118444478e+00,1.766255521536869155e-01,-1.800880814597680957e-01
2.060754645065988377e+00,1.794853016087299136e-01,-1.805968761673111267e-01
2.067776404783753019e+00,1.822076242795228063e-01,-1.811134338980790182e-01
2.075009978991454673e+00,1.847815115477465242e-01,-1.816373829615695323e-01
2.082450147023496179e+00,1.871976121523238057e-01,-1.821682597318307617e-01
2.090090398499032442e+00,1.894481780882418809e-01,-1.827055646824980450e-01
2.097923077992500662e+00,1.915269676258989917e-01,-1.832487827268974023e-01
2.105939596229803090e+00,1.934291696213839007e-01,-1.837973783693460095e-01
2.114130660762627567e+00,1.951513733489883273e-01,-1.843508040944936144e-01
2.122486505213131647e+00,1.966915446024114500e-01,-1.849085321824922301e-01
2.130997155989184932e+00,1.980489544875895513e-01,-1.854700752659439733e-01
2.139652769297911483e+00,1.992240584725206987e-01,-1.860349659139014233e-01
2.148443973790117756e+00,2.002183656296922243e-01,-1.866027129681233077e-01
2.157362088666689104e+00,2.010343059945572664e-01,-1.871727681185643977e-01
2.166399167974104145e+00,2.016750447461159446e-01,-1.877444934856754288e-01
2.175547970278520982e+00,2.021442124433351917e-01,-1.883170898790045289e-01
2.184801981508633695e+00,2.024456221344199391e-01,-1.888894865038398263e-01
2.194155491647715284e+00,2.025830903230517177e-01,-1.894602533929909960e-01
2.203603619291736759e+00,2.025603918676189275e-01,-1.900275883413811706e-01
2.213142238951971930e+00,2.023812767847651406e-01,-1.905893670737936196e-01
2.222767903152454760e+00,2.020494927355833970e-01,-1.911432205363284009e-01
2.232477859315416424e+00,2.015688198617978655e-01,-1.916866316136052184e-01
2.242270115384992657e+00,2.009430996026466132e-01,-1.922170517607424689e-01
2.252143410867409212e+00,2.001761895444177375e-01,-1.927320033455648118e-01
2.262097042959715587e+00,1.992718475813952117e-01,-1.932291242022053934e-01
2.272130651419920877e+00,1.982336643865585946e-01,-1.937061631801001993e-01
2.282244076646063657e+00,1.970651229082437395e-01,-1.941609842056788993e-01
2.292437293998617065e+00,1.957697047841691074e-01,-1.945916130445482228e-01
2.302710368959864695e+00,1.943509231909080759e-01,-1.949962966558841104e-01
2.313063409380756941e+00,1.928122826482093766e-01,-1.953735233367609181e-01
2.323496507829436730e+00,1.911572460831051368e-01,-1.957219929673030823e-01
2.334009659485192678e+00,1.893892383148608194e-01,-1.960405710036492999e-01
2.344602690006956980e+00,1.875116678975305706e-01,-1.963282591283646850e-01
2.355275285181093192e+00,1.855279800240701160e-01,-1.965841901183758844e-01
2.366027149363656434e+00,1.834417603806333119e-01,-1.968076427341538537e-01
2.376858183708510541e+00,1.812568463930056550e-01,-1.969980685257405884e-01
2.387768557197705199e+00,1.789773727264895309e-01,-1.971551105730185716e-01
2.398758658390979015e+00,1.766077372025205983e-01,-1.972786010195139994e-01
2.409828990318521935e+00,1.741525320811374566e-01,-1.973685663025401826e-01
2.420980046968232990e+00,1.716164767629486110e-01,-1.974252854985093508e-01
2.432212200809280134e+00,1.690043613337787187e-01,-1.974493829737374029e-01
2.443525664199302838e+00,1.663210120173232165e-01,-1.974418632129577855e-01
2.454920554182358661e+00,1.635712865405908045e-01,-1.974040313080889231e-01
2.466396986260173119e+00,1.607600786425854855e-01,-1.973373616837569289e-01
2.477955097159703080e+00,1.578923007585515681e-01,-1.972434301999170525e-01
2.489594997168754098e+00,1.549728490807837922e-01,-1.971239481742531052e-01
2.501316736862086554e+00,1.520065896699580310e-01,-1.969808303719799425e-01
2.513120339708962980e+00,1.489983904468566711e-01,-1.968162045769723534e-01
2.525005876851593722e+00,1.459531861231839756e-01,-1.966323298781338935e-01
2.536973538839000675e+00,1.428760560394606027e-01,-1.964314681273791052e-01
2.549023677887374717e+00,1.397723161314291807e-01,-1.962157941623222657e-01
2.561156812027951091e+00,1.366476207362525841e-01,-1.959874094503734343e-01
2.573373593810196702e+00,1.335080235055698394e-01,-1.957484435740624862e-01
2.585674738136993334e+00,1.303599260159425677e-01,-1.955011416798058677e-01
2.598060883783312569e+00,1.272099053451697104e-01,-1.952478331401618084e-01
2.610532398329785675e+00,1.240645101052066795e-01,-1.949907868234790342e-01
2.623089215459302626e+00,1.209301442192119991e-01,-1.947320668222365103e-01
2.635730762186348830e+00,1.178130920599072679e-01,-1.944734579179674128e-01
2.648455875253331371e+00,1.147196532670817504e-01,-1.942163869836284473e-01
2.661262594404389947e+00,1.116563207625970167e-01,-1.939617702265915566e-01
2.674147973022978242e+00,1.086299416421580566e-01,-1.937099168244041103e-01
2.687108180686756942e+00,1.056478118962013713e-01,-1.934607027695938175e-01
2.700138869216542226e+00,1.027176792242420755e-01,-1.932139793080970003e-01
2.713235424709674160e+00,9.984768271099905834e-02,-1.929699040033019120e-01
2.726392893883105462e+00,9.704630645031492309e-02,-1.927289909868918072e-01
2.739605823033088416e+00,9.432239778948174613e-02,-1.924920206133688971e-01
2.752868283330068166e+00,9.168520592211185094e-02,-1.922600319243608913e-01
2.766173959674440574e+00,8.914433790962636439e-02,-1.920343861012381026e-01
2.779516019156462736e+00,8.670958431922462517e-02,-1.918167574983155044e-01
2.792886775889664719e+00,8.439067414542719692e-02,-1.916090541536553116e-01
2.806277417896732018e+00,8.219705399386120770e-02,-1.914133840496570760e-01
2.819677925030630750e+00,8.013772595592406900e-02,-1.912320626034324789e-01
2.833077086537901135e+00,7.822111463002956455e-02,-1.910675288161830521e-01
2.846462523971759140e+00,7.645493422715780862e-02,-1.909221335182237911e-01
2.859820704589191465e+00,7.484606047390893191e-02,-1.907979412585790735e-01
2.873136924222703836e+00,7.340042476721779507e-02,-1.906966925114627065e-01
2.886395247413967802e+00,7.212293453073359562e-02,-1.906199165792948347e-01
2.899578479226485594e+00,7.101740241027076905e-02,-1.905690722616364408e-01
2.912668248899867418e+00,7.008644888276066576e-02,-1.905456195548264064e-01
2.925645143103256185e+00,6.933134706360313815e-02,-1.905510091565809361e-01
2.938488739654682824e+00,6.875181785842386650e-02,-1.905866158389953324e-01
2.951177522538913411e+00,6.834582420407535330e-02,-1.906536322485549995e-01
2.963688848201967208e+00,6.810940770350217000e-02,-1.907529322875101685e-01
2.975999117477238443e+00,6.803657244568526996e-02,-1.908849243834238318e-01
2.988084095160667530e+00,6.811920170079921455e-02,-1.910494222409652720e-01
2.999919182886066071e+00,6.834700277124108880e-02,-1.912455601474422895e-01
3.011479547322367001e+00,6.870748476612471844e-02,-1.914717832887314619e-01
3.022740167435963077e+00,6.918598309162728166e-02,-1.917259288239835380e-01
3.033675872166369469e+00,6.976576231044058496e-02,-1.920053606900809229e-01
3.044261354253373408e+00,7.042822050057202798e-02,-1.923070843703856281e-01
3.054471166845765140e+00,7.115316407870153625e-02,-1.926278064948375446e-01
3.064279810429526574e+00,7.191909490490004664e-02,-1.929639656000922410e-01
3.073662000641683711e+00,7.270351411556522092e-02,-1.933117586795092546e-01
3.082593074599826455e+00,7.348331564624265011e-02,-1.936671595958631420e-01
3.091049452919600427e+00,7.423529469094908295e-02,-1.940259521154092115e-01
3.099009171699606213e+00,7.493668511888545991e-02,-1.943838320341252368e-01
3.106452543832226798e+00,7.556563020766297878e-02,-1.947365731829387436e-01
3.113362921266229932e+00,7.610159955030676437e-02,-1.950801695215517162e-01
3.119727466431586826e+00,7.652583867009850327e-02,-1.954109021161834492e-01
3.125537907304046126e+00,7.682189586616626487e-02,-1.957253873162734525e-01
3.130791331473723016e+00,7.697619228722693552e-02,-1.960206682930349387e-01
3.135491046827755035e+00,7.697856271176485576e-02,-1.962943229386346911e-01
3.139647451967574998e+00,7.682268801218483656e-02,-1.965445444041240830e-01
3.143278826695121708e+00,7.650636206137471917e-02,-1.967702235715113046e-01
3.146411983434716397e+00,7.603159584696082829e-02,-1.969710673257473454e-01
3.149082765032382714e+00,7.540460114805314085e-02,-1.971476910334515886e-01
3.151336401911184026e+00,7.463565534790336797e-02,-1.973015871264379162e-01
3.153227736117538260e+00,7.373880198219839865e-02,-1.974349615899886889e-01
3.154821279703788672e+00,7.273139602182449037e-02,-1.975505144449815620e-01
3.156191035672568646e+00,7.163359150188006175e-02,-1.976512171281928631e-01
3.157420008862171557e+00,7.046783403554703062e-02,-1.977400739309295996e-01
3.158599354162035411e+00,6.925828679756290684e-02,-1.978198402537684752e-01
3.159827107562579229e+00,6.803007620482695583e-02,-1.978927233078249803e-01
3.161206434426783396e+00,6.680835381402283613e-02,-1.979601897160660484e-01
3.162843370012496269e+00,6.561728525827563441e-02,-1.980230816229789914e-01
3.164844126681436887e+00,6.447907565417071440e-02,-1.980821627698194365e-01
3.167312102653344397e+00,6.341307736328151423e-02,-1.981389426106263119e-01
3.170344644033840975e+00,6.243499801498791218e-02,-1.981963818311190950e-01
3.174029418758887555e+00,6.155625073021880195e-02,-1.982591351588481876e-01
3.178440118485776011e+00,6.078353663221178205e-02,-1.983332898853524540e-01
3.183631211439727160e+00,6.011878864464755695e-02,-1.984257891078572422e-01
3.189631551501657558e+00,5.955957284304737309e-02,-1.985437027452823244e-01
3.196436696896120200e+00,5.909989500970660309e-02,-1.986933676414207317e-01
3.203999828471377320e+00,5.873117366225624053e-02,-1.988793713470423941e-01
3.212221253657959075e+00,5.844308273493744460e-02,-1.991034120855629530e-01
3.220936586270348290e+00,5.822410107490469389e-02,-1.993631029102040098e-01
3.229903712344886380e+00,5.806179499272279970e-02,-1.996507548862950232e-01
3.238788661004420533e+00,5.794291842642379509e-02,-1.999521462502605040e-01
3.247150665887627241e+00,5.785333419752813205e-02,-2.002453152676674508e-01
3.254427028890519047e+00,5.777771059355305688e-02,-2.004994576349941882e-01
3.259919529082516476e+00,5.769905566363078137e-02,-2.006740558927594398e-01
3.262784345866442060e+00,5.759828381026806804e-02,-2.007183400617483238e-01
3.262023308580584757e+00,5.745393714818853442e-02,-2.005709085560687943e-01
3.256474610430054373e+00,5.724206716325927480e-02,-2.001593607929946783e-01
3.244813560372644012e+00,5.693639525847590810e-02,-1.994005448187998741e-01
3.225574242808406211e+00,5.650885304044015595e-02,-1.982020339548358767e-01
3.197178524009567369e+00,5.593018194752857192e-02,-1.964639833555349990e-01
3.157959100151586540e+00,5.517029204264217723e-02,-1.940805947465642778e-01
3.106207614750118307e+00,5.419892392187935365e-02,-1.909431534558208021e-01
3.040278991635597450e+00,5.298725532460249465e-02,-1.869465541808689180e-01
2.958709754564875283e+00,5.150982160935747151e-02,-1.819966856594490423e-01
2.860307976959910459e+00,4.974601438590987162e-02,-1.760160844183072393e-01
2.744289323823633886e+00,4.768237791771296613e-02,-1.689525012442932017e-01
2.610533070677684808e+00,4.531695468301391583e-02,-1.607949227204323039e-01
2.459846081486116276e+00,4.266377803488973636e-02,-1.515900425002429941e-01
2.294121416926295787e+00,3.975558098262498702e-02,-1.414521340770144853e-01
2.116580610023184761e+00,3.664797832892779245e-02,-1.305780499870844158e-01
1.932286452766623697e+00,3.342833477142550386e-02,-1.192789492504286453e-01
1.748474193470420435e+00,3.022150471305459080e-02,-1.080007865916603749e-01
