-2.535955041182424985e-02,2.430255043788312197e-01,3.957782844614260442e-02
5.179840584806916226e-03,2.485488508674658648e-01,4.879327372787900519e-02
2.997214147584248076e-02,2.546066284454344686e-01,5.649646422381109784e-02
4.915306265717012124e-02,2.613727460310126260e-01,6.271440724120030952e-02
6.727675351817508087e-02,2.687227116577698971e-01,6.854102345766749371e-02
8.425251914121467678e-02,2.768196642270223662e-01,7.392032518936525465e-02
9.799510141592082668e-02,2.859118475050631547e-01,7.826766092843689959e-02
1.094657775895957336e-01,2.959804087845636644e-01,8.169232917798058269e-02
1.207737511232431643e-01,3.068769538073549685e-01,8.455587374086304120e-02
1.320045100722144760e-01,3.185688407308341907e-01,8.671601865355288430e-02
1.424439781031960894e-01,3.310801275550840916e-01,8.782731297362761369e-02
1.526085979131619474e-01,3.443487634287599741e-01,8.785232566547868105e-02
1.634948006798309095e-01,3.582675590233612151e-01,8.691980337477145380e-02
1.752963651905026232e-01,3.727896669357081416e-01,8.503665560295609049e-02
1.878306857049649725e-01,3.879265769318611667e-01,8.216432488660635469e-02
2.013184886549834740e-01,4.036823386360521848e-01,7.836254313249718662e-02
2.161729770357778690e-01,4.200189570135053341e-01,7.373579619853604106e-02
2.325610198607552526e-01,4.368631245998750301e-01,6.836804162229925819e-02
2.504864539889795072e-01,4.541371135607464860e-01,6.236522790204478833e-02
2.700178470032787992e-01,4.717927667412642467e-01,5.588486455487261945e-02
2.912941463790952312e-01,4.898104347836759187e-01,4.910553232354702979e-02
3.144485747058056724e-01,5.081641469211923834e-01,4.220230751228459809e-02
3.395827486416980179e-01,5.268102514080309495e-01,3.532976616762301125e-02
3.667630925647036300e-01,5.457221838957456717e-01,2.858319099027922458e-02
3.960195138248523428e-01,5.649198643649662177e-01,2.197891659953959964e-02
4.273496582960667478e-01,5.844531262588894549e-01,1.549974856805136185e-02
4.607220568233982294e-01,6.043710405888760295e-01,9.163551611966747057e-03
4.960729624867210030e-01,6.247215159257801798e-01,3.038396287227684844e-03
5.333052816389793893e-01,6.455666718283528116e-01,-2.795321642515280480e-03
5.723006003113095819e-01,6.669749682803239876e-01,-8.266129588227477676e-03
6.129394037198754308e-01,6.889966563289773305e-01,-1.328527272846657947e-02
6.551128679128270793e-01,7.116598351911536113e-01,-1.771989703451687381e-02
6.987197007860435072e-01,7.349914878656466088e-01,-2.141314747653860762e-02
7.436591900897182583e-01,7.590325475099114483e-01,-2.423268058767136246e-02
7.898331383064338684e-01,7.838300567983749190e-01,-2.609756429714504833e-02
8.371558247516397433e-01,8.094160436904799250e-01,-2.697268096703286933e-02
8.855635824655648802e-01,8.357796707966491656e-01,-2.686185790742035007e-02
9.350213176027631912e-01,8.628284365778351450e-01,-2.581785306252498691e-02
9.855267679178768558e-01,8.903453879792313508e-01,-2.395307697249798862e-02
1.037106212381938564e+00,9.179640265922119902e-01,-2.143788503937843481e-02
1.089794790418419090e+00,9.451733810704214811e-01,-1.849735090052734288e-02
1.143612430830159843e+00,9.713436189116324559e-01,-1.541019022503059381e-02
1.198559594607956358e+00,9.957555064519811872e-01,-1.248919149669375228e-02
1.254639161377080203e+00,1.017629188305620103e+00,-1.003568652441777509e-02
1.311880209708982115e+00,1.036160942638446159e+00,-8.295838923365328466e-03
1.370337607250371459e+00,1.050576586682350211e+00,-7.440840848550732932e-03
1.430069065280037410e+00,1.060198744909329749e+00,-7.557377443478951150e-03
1.491109075471230838e+00,1.064511839058974951e+00,-8.636050150601093378e-03
1.553449854205601888e+00,1.063201871415520028e+00,-1.057670079475520053e-02
1.617027115271846283e+00,1.056155266694620787e+00,-1.322267823750528093e-02
1.681710467237279572e+00,1.043424677453708149e+00,-1.639839641972562490e-02
1.747301837320558215e+00,1.025192753195308670e+00,-1.992742149903858895e-02
1.813540742675040285e+00,1.001757534486639845e+00,-2.364601210778777274e-02
1.880112290255902874e+00,9.735256351207546288e-01,-2.742702751780678669e-02
1.946657053089578593e+00,9.409791159010985062e-01,-3.119603486980287652e-02
2.012782781751309980e+00,9.046131167731243927e-01,-3.492559686968932375e-02
2.078076427175745700e+00,8.648857533713554258e-01,-3.862616528191170628e-02
2.142119115739482549e+00,8.222157476606511972e-01,-4.234175904090087261e-02
2.204509510472338008e+00,7.770115110483255538e-01,-4.612341787984253205e-02
2.264890700084506658e+00,7.296861377361865131e-01,-4.997538804113188515e-02
2.322964971361674014e+00,6.806395635128581478e-01,-5.382704384003511588e-02
2.378490665118567993e+00,6.302301975762771846e-01,-5.757305609474654834e-02
2.431275348438638240e+00,5.787641700840756576e-01,-6.114573537988054336e-02
2.481180169318988771e+00,5.265066198487378113e-01,-6.455127010820266298e-02
2.528131896145629831e+00,4.737020061277837923e-01,-6.785356833072242466e-02
2.572130576870479413e+00,4.205912249886117893e-01,-7.113809131673864972e-02
2.613249994345923088e+00,3.674180592346948382e-01,-7.447939721089702481e-02
2.651634101746982886e+00,3.144197762204842261e-01,-7.791666553591536371e-02
2.687487218841630110e+00,2.618056146667754880e-01,-8.144529457816268581e-02
2.721055099425395696e+00,2.097407795162820054e-01,-8.502858628060827595e-02
2.752603375108336525e+00,1.583519864234272934e-01,-8.861187149073052050e-02
2.782402956152859819e+00,1.077475277594525105e-01,-9.212294906504464587e-02
2.810722352007732905e+00,5.802860696461908246e-02,-9.547290894171278630e-02
2.837819763732471134e+00,9.283437253593262994e-03,-9.857847987641832344e-02
2.863932330079743682e+00,-3.842033877760053784e-02,-1.013932179344215201e-01
2.889266752387811721e+00,-8.503216876099978228e-02,-1.039123311438697184e-01
2.913996884046210489e+00,-1.305127107484260751e-01,-1.061424585647438579e-01
2.938271623541438338e+00,-1.748367676410303440e-01,-1.080681039376682473e-01
2.962229832389881246e+00,-2.179983807920532202e-01,-1.096488768000516839e-01
2.986008507453302485e+00,-2.600068709710634529e-01,-1.108479096156536475e-01
3.009730377363492249e+00,-3.008778855053406698e-01,-1.116630209254315526e-01
3.033477084039875926e+00,-3.406291728422966569e-01,-1.121341144757342784e-01
3.057273505216684395e+00,-3.792782890335938406e-01,-1.123239548300083851e-01
3.081100078967446976e+00,-4.168344396492634774e-01,-1.122899851633204910e-01
3.104922714954952312e+00,-4.532885317130918579e-01,-1.120659191669551163e-01
3.128718208524381872e+00,-4.886114644793784212e-01,-1.116593917356869942e-01
3.152484664942736714e+00,-5.227601397723241616e-01,-1.110645390606318367e-01
3.176238660671819147e+00,-5.556829562115644938e-01,-1.102879438329401468e-01
3.200003574115829696e+00,-5.873234896888179790e-01,-1.093754293484447276e-01
3.223797085005235097e+00,-6.176276219285028457e-01,-1.084104102335309155e-01
3.247628938425482392e+00,-6.465534757033999380e-01,-1.074697630545282112e-01
3.271509949475013723e+00,-6.740764138661161642e-01,-1.065739350353922532e-01
3.295458714397553113e+00,-7.001858098965169086e-01,-1.056873413993478228e-01
3.319496406573520186e+00,-7.248793265616739756e-01,-1.047699813715732842e-01
3.343637385683933871e+00,-7.481605163893345622e-01,-1.038199070451745198e-01
3.367887166461740023e+00,-7.700380048655405263e-01,-1.028658612959143515e-01
3.392247423908929527e+00,-7.905216230768036256e-01,-1.019354924559165432e-01
3.416722286346394188e+00,-8.096160467353160639e-01,-1.010380698088050866e-01
3.441324063172885861e+00,-8.273163770815258333e-01,-1.001616944640362772e-01
3.466074497114516095e+00,-8.436071532699082054e-01,-9.927443060158830379e-02
3.490994622322226792e+00,-8.584635578507637810e-01,-9.834180407893300391e-02
3.516088193721937927e+00,-8.718563891968843516e-01,-9.736204439585310899e-02
3.541336640994727780e+00,-8.837629424818262969e-01,-9.638190879580066373e-02
3.566712004650691270e+00,-8.941777535340199590e-01,-9.546796221062969767e-02
3.592191926250480449e+00,-9.031111821108674942e-01,-9.466668796349331227e-02
3.617762395462350788e+00,-9.105739187731761719e-01,-9.399914199536146819e-02
3.643413486735242568e+00,-9.165623280757511093e-01,-9.348228495411198269e-02
3.669134578117875023e+00,-9.210584285644417557e-01,-9.313630102868591942e-02
3.694901213678580820e+00,-9.240369184632383215e-01,-9.296910537335695279e-02
3.720652923301788650e+00,-9.254602632801554041e-01,-9.296457654601048004e-02
3.746286539854380315e+00,-9.252628129976728788e-01,-9.308846265625586591e-02
3.771685393395156627e+00,-9.233505121462779464e-01,-9.329959902615175826e-02
3.796762806303136006e+00,-9.196307360613844573e-01,-9.355764262115595642e-02
3.821472966596064946e+00,-9.140436776376700267e-01,-9.383294093955607540e-02
3.845771231958380554e+00,-9.065526061122950452e-01,-9.411555131048215950e-02
3.869557761167945475e+00,-8.970953674720046900e-01,-9.440595849471988821e-02
3.892657332702936568e+00,-8.855495561431426799e-01,-9.468644778986845534e-02
3.914853764216167153e+00,-8.717492833368741811e-01,-9.490374397227441250e-02
3.935936825471697098e+00,-8.555292104604178549e-01,-9.498628601144060157e-02
3.955694836232048317e+00,-8.367449432031777157e-01,-9.487249937661368371e-02
3.973845120412745846e+00,-8.152603085106693293e-01,-9.451152711529853256e-02
3.989990279311580679e+00,-7.909403652108334404e-01,-9.384851129578541951e-02
4.003692876793119027e+00,-7.636800052499322922e-01,-9.284576453479354008e-02
4.014633503106473711e+00,-7.334492868515035680e-01,-9.154383561358891974e-02
4.022702913736840635e+00,-7.003134881189718719e-01,-9.009320881267074421e-02
4.027934794240941585e+00,-6.644128578923997885e-01,-8.870468541599674239e-02
4.030349551734625280e+00,-6.259265791989091499e-01,-8.756083592290214712e-02
4.029848472165875606e+00,-5.850530300425760277e-01,-8.677128991116528356e-02
4.026210211081695967e+00,-5.420127349527292804e-01,-8.639106686052916428e-02
4.019136763091268882e+00,-4.970560249848473555e-01,-8.645175548099570673e-02
4.008290194879820412e+00,-4.504608198747490633e-01,-8.696784115255623560e-02
3.993312073004017915e+00,-4.025263602793358042e-01,-8.793241062975132305e-02
3.973838698207723841e+00,-3.535754424534915952e-01,-8.932434440411807230e-02
3.949514033648845679e+00,-3.039631869358814797e-01,-9.111713549313088523e-02
3.919997731307833355e+00,-2.540801348586245179e-01,-9.327229061275865707e-02
3.884970421896463577e+00,-2.043483571940764298e-01,-9.573033656786605894e-02
3.844135844509951827e+00,-1.552208435088110738e-01,-9.842480716439200306e-02
3.797216566644245450e+00,-1.071851334975046366e-01,-1.013111197666574648e-01
3.743948600368487867e+00,-6.075939921686145800e-02,-1.043723124005163649e-01
3.684085500809918923e+00,-1.647771545140383487e-02,-1.075898729774482643e-01
3.617407816574974344e+00,2.512469102632433615e-02,-1.109191377664977968e-01
3.543718340941542699e+00,6.352202231207568217e-02,-1.143084890229489753e-01
3.462820769749488825e+00,9.821027461018941307e-02,-1.177427152938920057e-01
3.374516017138723178e+00,1.287141757837995670e-01,-1.212528734798198754e-01
3.278648661172084200e+00,1.545708996246820954e-01,-1.248723397743997515e-01
3.175179159939217399e+00,1.753013377063860345e-01,-1.285840905223170627e-01
3.064215885235876957e+00,1.904124634533148341e-01,-1.323147227179771734e-01
2.945981117367124646e+00,1.994497813378730278e-01,-1.359764178424857639e-01
2.820762023875156288e+00,2.020615280630001787e-01,-1.395067072658073837e-01
2.688909352771423400e+00,1.980295144653469730e-01,-1.428639371451420614e-01
2.550882224185924141e+00,1.872723679143588338e-01,-1.459875926973927540e-01
2.407288558832259895e+00,1.698559856746016672e-01,-1.487675594644244370e-01
2.258892715127008621e+00,1.460178973328937757e-01,-1.510523587380060984e-01
2.106607116291947523e+00,1.161818571657015214e-01,-1.526866200516452388e-01
1.951491540590621687e+00,8.095020124570251330e-02,-1.535458498059874555e-01
1.794760054383026437e+00,4.108540400834040374e-02,-1.535475763581595210e-01
1.637781537159621603e+00,-2.507940649966455826e-03,-1.526436354031837639e-01
1.482064368370283880e+00,-4.880210682858196480e-02,-1.508124687098766348e-01
1.329223587458427946e+00,-9.666937388411941945e-02,-1.480630359285972641e-01
1.180933426830799160e+00,-1.449091769627680604e-01,-1.444454082990667687e-01
1.038871886612363626e+00,-1.922825281399545561e-01,-1.400569585339947465e-01
9.046652235700723965e-01,-2.375585093060489095e-01,-1.350403540414060743e-01
7.798376858595357231e-01,-2.795674508917284640e-01,-1.295736657261722935e-01
6.657682545155974019e-01,-3.172446680829096866e-01,-1.238465729762813633e-01
5.636519170566456349e-01,-3.496541443656287496e-01,-1.180177339930268826e-01
4.744589329041037362e-01,-3.759998333205949450e-01,-1.121676127470161294e-01
3.988877450728789409e-01,-3.956429139152887742e-01,-1.062735890614507905e-01
3.373147653942920599e-01,-4.081353086914533690e-01,-1.002149110105932106e-01
2.897438031941312886e-01,-4.132636423238467138e-01,-9.378739033104599443e-02
2.557484531409692785e-01,-4.110890420304279536e-01,-8.671617857349267489e-02
2.344068981176005984e-01,-4.019682416809226000e-01,-7.869212482500137495e-02
2.242613164301465456e-01,-3.865453632028031938e-01,-6.946280778837438108e-02
2.233563733780363492e-01,-3.657142943871264373e-01,-5.895612534830423773e-02
2.293812080707779699e-01,-3.405671065166551714e-01,-4.735893088386039507e-02
2.398773588701385850e-01,-3.123448576065730453e-01,-3.509023759392243536e-02
2.524449718079690985e-01,-2.823831198276897103e-01,-2.269037768035941927e-02
2.649043632367953371e-01,-2.520247272356705981e-01,-1.070644261092074112e-02
2.754096351890722438e-01,-2.224922392926997061e-01,3.704752880390183023e-04
2.825264291452411758e-01,-1.947574199675256024e-01,1.012962187285915139e-02
2.852806643554750554e-01,-1.694622636696778428e-01,1.826755263247548111e-02
2.831779715876225900e-01,-1.469165201868329051e-01,2.462259516959330874e-02
2.761902539189453609e-01,-1.271549316828012033e-01,2.918216862593664071e-02
2.647078790923074187e-01,-1.100197425168487758e-01,3.204212922087168458e-02
2.494636747121414533e-01,-9.524016847639905914e-02,3.334411595380670779e-02
2.314371451188512452e-01,-8.249380224031252484e-02,3.323410013887778680e-02
2.117381921273586709e-01,-7.144851123213405431e-02,3.185398251125959312e-02
1.914691247179578504e-01,-6.179359341845386960e-02,2.934226420740759442e-02
1.715885407597317336e-01,-5.326717928276630820e-02,2.582245840059005371e-02
1.528234225568358973e-01,-4.567368133751859016e-02,2.138687999929111960e-02
1.356560818988605810e-01,-3.887848232426091566e-02,1.609691637241977835e-02
1.203630568673397100e-01,-3.278106030971499052e-02,1.000579312518679043e-02
1.070594988665185543e-01,-2.728872078602180215e-02,3.190706474935633974e-03
9.572628398903937352e-02,-2.231285384175843434e-02,-4.221372879387175203e-03
8.622988251132390758e-02,-1.778448512522283476e-02,-1.204261847583543155e-02
7.834923325594211896e-02,-1.366615160445713677e-02,-2.003209910887704392e-02
7.180815250178440579e-02,-9.946762457922059264e-03,-2.792266323716069074e-02
6.630417431789936700e-02,-6.628698885780687222e-03,-3.545723262922545471e-02
6.153113483461369188e-02,-3.720474811522155988e-03,-4.241621375301318775e-02
5.719972827256113862e-02,-1.233880756476568585e-03,-4.862392473490434464e-02
5.305925120968613129e-02,8.217188121710516935e-04,-5.393906862737329888e-02
4.891814061335209018e-02,2.445576976807528613e-03,-5.824331463130660164e-02
4.465719649269783709e-02,3.645039782130404370e-03,-6.143535713214880872e-02
4.023127465998532770e-02,4.431718727577679817e-03,-6.342947136970117361e-02
3.566096131001339486e-02,4.825374839852875075e-03,-6.415950500535672063e-02
3.101880773895282148e-02,4.865503173057117436e-03,-6.359187663839277471e-02
2.641219490949198168e-02,4.616314370041105231e-03,-6.174313505497990712e-02
2.196269714548892971e-02,4.156935861880997618e-03,-5.869027394149877591e-02
1.778517162581150224e-02,3.568448310129270894e-03,-5.457002993344699932e-02
1.397339982416312236e-02,2.932595626816900114e-03,-4.957403515112174253e-02
1.059531909195499111e-02,2.336389720882306453e-03,-4.393986420690998429e-02
7.693470317865490869e-03,1.863286162128232953e-03,-3.792676969757713401e-02
5.285213595740412273e-03,1.568891866743013508e-03,-3.177635051844623915e-02
3.362762609571134931e-03,1.464338168926868078e-03,-2.568151666884205264e-02
1.896085380970191419e-03,1.525749955968991323e-03,-1.978467062331845661e-02
8.387974446188994904e-04,1.718962312241556272e-03,-1.419702453940435531e-02
1.344913325040941743e-04,2.015400784208948304e-03,-9.014718439892543955e-03
-2.775549253597464627e-04,2.392313336609108720e-03,-4.321476624888354046e-03
-4.566355525370546244e-04,2.829319491775075801e-03,-1.857655456877216338e-04
-4.554289302183267009e-04,3.309902552705093481e-03,3.339865083179516247e-03
-3.171334654217261573e-04,3.823936860207835086e-03,6.218207843745882091e-03
-7.531007945593692909e-05,4.366014624769196106e-03,8.428453823047798998e-03
2.447129746507847869e-04,4.931450903264064656e-03,9.969790407171608138e-03
6.236829575123614688e-04,5.514402578647020770e-03,1.086771743335074314e-02
1.045826318213372019e-03,6.109108885839556469e-03,1.118036597757554595e-02
1.496499528513828281e-03,6.711912412262627248e-03,1.099861492548370734e-02
1.960726862837436357e-03,7.321085229808343108e-03,1.043764941057317985e-02
2.422891393166759499e-03,7.933811188226211342e-03,9.625828559063631662e-03
2.867998238464952721e-03,8.543440742540125976e-03,8.696810104606711445e-03
3.283884692673044725e-03,9.139854383198933729e-03,7.782577869631933896e-03
3.661364208917827334e-03,9.710265647032076397e-03,7.002109758792728587e-03
3.990823359811823678e-03,1.023671415661051021e-02,6.447838403425554255e-03
4.260171130665568739e-03,1.069472791707451464e-02,6.178161738322474061e-03
4.459894753255921884e-03,1.106156534505450817e-02,6.219771184286237986e-03
4.591091964484261823e-03,1.133089703216974553e-02,6.574773887665918970e-03
4.665951169485760275e-03,1.151913768791916481e-02,7.225633102389549499e-03
4.699613601943930519e-03,1.165699344111426061e-02,8.136790248006176007e-03
4.703570893571651368e-03,1.177710690937541771e-02,9.257213700102073783e-03
4.685088824779581884e-03,1.190902300857374363e-02,1.052708851310563132e-02
4.645880398174151438e-03,1.207883350789820676e-02,1.188669619128501775e-02
4.578015439271609921e-03,1.230719866929588791e-02,1.328216494143469317e-02
4.466159543525805020e-03,1.260794936400674859e-02,1.466420101710330486e-02
4.298608421632321708e-03,1.299060747247220149e-02,1.598134975908244160e-02
4.074583157076538953e-03,1.346321123590968338e-02,1.717548644084021525e-02
3.800356457328568204e-03,1.403358679749437503e-02,1.818767804267901189e-02
3.485182270845931917e-03,1.471394920556888357e-02,1.897231111016445260e-02
3.146919180990748188e-03,1.552736606645517374e-02,1.950418768811995607e-02
2.817908553331971433e-03,1.650366563073941972e-02,1.976552840833867286e-02
2.538466387475013519e-03,1.766134780783121250e-02,1.972147812820679302e-02
2.344089866729293092e-03,1.899243962230172389e-02,1.930937540232102734e-02
2.260897663053373918e-03,2.046617689044627486e-02,1.845482486445559900e-02
2.309320948384874228e-03,2.204490111098814098e-02,1.709947986205107018e-02
2.504898135113897695e-03,2.369549802012649309e-02,1.521614858860931112e-02
2.853870893071430714e-03,2.539242244327423459e-02,1.280461241213032286e-02
3.351903354842367122e-03,2.711857170140420312e-02,9.880201381935738159e-03
3.989540216720044441e-03,2.886534591558242643e-02,6.466845633223972101e-03
4.758538880350604572e-03,3.062954316869203816e-02,2.595783447852106907e-03
5.653786189435683340e-03,3.241037293566992328e-02,-1.694512693374561124e-03
6.671907179950364863e-03,3.421098105033139325e-02,-6.360514163748776095e-03
7.809496557048544417e-03,3.604086232365348585e-02,-1.135708242950145275e-02
9.061772302182413696e-03,3.791344439674770861e-02,-1.663729920927253803e-02
1.042167876052491060e-02,3.984202388483855384e-02,-2.214642434112540359e-02
1.187949909232655088e-02,4.184101690949751373e-02,-2.781731286314037196e-02
1.342153817110447456e-02,4.392968088978502217e-02,-3.357583184706303125e-02
1.502582308573474461e-02,4.612790019394158447e-02,-3.934992358635425180e-02
1.665612372593883173e-02,4.844318428670058019e-02,-4.506659758614500744e-02
1.826011505671187862e-02,5.086294463876178673e-02,-5.063684916862404295e-02
1.977685958954866763e-02,5.336359401618522014e-02,-5.594780065887177550e-02
2.115154203237712416e-02,5.592859644404298697e-02,-6.087249714570030362e-02
2.234824384415579068e-02,5.855689008802816148e-02,-6.528451156456310800e-02
2.335243094479522163e-02,6.125600029029120569e-02,-6.906469663829073458e-02
2.416340191905286261e-02,6.403267411337516812e-02,-7.210718697895635021e-02
2.478457228444752580e-02,6.689263966292609276e-02,-7.433378669110535242e-02
2.521919109169101780e-02,6.984418426488094023e-02,-7.570719374673379187e-02
2.547284774637170734e-02,7.289399219936494589e-02,-7.622867142989403488e-02
2.555888289674235203e-02,7.603674311644145756e-02,-7.592280911704191171e-02
2.550222400156676450e-02,7.925169750878542640e-02,-7.482095711759673140e-02
2.533945352398703221e-02,8.251236309293821791e-02,-7.294513322594203819e-02
2.511516132364111087e-02,8.580017917830078111e-02,-7.029023961971359036e-02
2.487605870984954670e-02,8.911095970520442611e-02,-6.681396366306630030e-02
2.466522798488801627e-02,9.245389965937926557e-02,-6.244787637204595593e-02
2.451869055789535068e-02,9.584944100451166238e-02,-5.712815113451535226e-02
2.446469354881464220e-02,9.932691926244248404e-02,-5.082911338447626548e-02
2.452412709549878223e-02,1.029183221802208031e-01,-4.358329250324227688e-02
2.471048413246745845e-02,1.066503464486098784e-01,-3.548064510393855731e-02
2.502969128084786554e-02,1.105429277267571397e-01,-2.664894616450086406e-02
2.548141768013434394e-02,1.146156975341414003e-01,-1.722802279892077237e-02
2.606248912278008589e-02,1.188925259332038742e-01,-7.356061797350598418e-03
2.677119469019495490e-02,1.233966828302776458e-01,2.825024698180356175e-03
2.761079543515676180e-02,1.281435361488496294e-01,1.315843888669981920e-02
2.859157872194261971e-02,1.331425726715271818e-01,2.347400378145958477e-02
2.973179009252979385e-02,1.384071889997697535e-01,3.360465743531271254e-02
3.105773456546500819e-02,1.439581706951627849e-01,4.340392692614714054e-02
3.260271979171891488e-02,1.498143296029534610e-01,5.275230179819373477e-02
3.440440167999936349e-02,1.559815166454352753e-01,6.155395294568099390e-02
3.650105199389797050e-02,1.624534068083084704e-01,6.973267010535882937e-02
3.892833270399131962e-02,1.692205729933907166e-01,7.723143135191234965e-02
4.171757713433144055e-02,1.762737283788881615e-01,8.401192545303415304e-02
4.489472410657557866e-02,1.835988765198040551e-01,9.004869612697918857e-02
4.847893200671804514e-02,1.911773963580346014e-01,9.531961514694237136e-02
5.248224300298809375e-02,1.989975876067799632e-01,9.980223932262166642e-02
5.691228836663397156e-02,2.070655377667561525e-01,1.034831527014598573e-01
6.177656686156551141e-02,2.154015810560318822e-01,1.063742270218784314e-01
6.708447161582475893e-02,2.240256549617215542e-01,1.085201908834057399e-01
7.284665471360973754e-02,2.329450038693770542e-01,1.099884688963992246e-01
7.907526652907725939e-02,2.421516363298021890e-01,1.108485341316342437e-01
8.578632122225871015e-02,2.516292223426720986e-01,1.111562309111774199e-01
9.300144530899889794e-02,2.613656290359339662e-01,1.109514889082632710e-01
1.007482734053433138e-01,2.713620794546581227e-01,1.102653514374815485e-01
1.090622715676669990e-01,2.816299456154011671e-01,1.091266653951289273e-01
1.179895958724641453e-01,2.921804970944477664e-01,1.075623032725916972e-01
1.275865869366399341e-01,3.030235541124220999e-01,1.055917720041668617e-01
1.379163614673550864e-01,3.141768439173436844e-01,1.032224213028468118e-01
1.490487896853687211e-01,3.256688067634037620e-01,1.004526277366177278e-01
1.610638428285293688e-01,3.375277514586438876e-01,9.728501334377026577e-02
1.740490113943005124e-01,3.497758958302211729e-01,9.374125153626122753e-02
1.880877080226939224e-01,3.624436282472734416e-01,8.986469261942353626e-02
2.032499128236997521e-01,3.755880553359847163e-01,8.570776713516942147e-02
2.195950851458294550e-01,3.892894064321174019e-01,8.131979769565172989e-02
2.371819227847071498e-01,4.036275192616456398e-01,7.675286670584258175e-02
2.560739264617639677e-01,4.186666975725603090e-01,7.208142703170189458e-02
2.763386846043547340e-01,4.344640590677975034e-01,6.741283245267487567e-02
2.980441862124261210e-01,4.510854792485134435e-01,6.287755072961059843e-02
3.212528211265719413e-01,4.686074110338555587e-01,5.861387839170006248e-02
3.460153996013959343e-01,4.871051524237695607e-01,5.476505918510370802e-02
3.723713558410501889e-01,5.066439805615691183e-01,5.148360155633469049e-02
4.003544477305054361e-01,5.272796353761599608e-01,4.892381650358074152e-02
4.299943973897768501e-01,5.490583858486489666e-01,4.721925623762390778e-02
4.613125689363727910e-01,5.720094585049295688e-01,4.646331838998457586e-02
4.943232886350512056e-01,5.961378555081684461e-01,4.670898932365163958e-02
5.290468442852691577e-01,6.214281261601034556e-01,4.798266388194860621e-02
5.655239018052427014e-01,6.478542117367536157e-01,5.029486725762616350e-02
6.038226141479197118e-01,6.753792479391368397e-01,5.363902786062052508e-02
6.440438871917031349e-01,7.039381854819385387e-01,5.798346392499181129e-02
6.863270084402572913e-01,7.334128614988381090e-01,6.326370037018635983e-02
7.308407108567838151e-01,7.636131587304437751e-01,6.937309985229900278e-02
7.777481488632220774e-01,7.942688492229544872e-01,7.614589613567507298e-02
8.271609687730496763e-01,8.250301140994772409e-01,8.333774510152630599e-02
8.791105311214352236e-01,8.554766880442223886e-01,9.062284834663036914e-02
9.335470853924220380e-01,8.851367399731364660e-01,9.762264145148358274e-02
9.903571632657036661e-01,9.135107120907328682e-01,1.039578797764187379e-01
1.049387692688380502e+00,9.400905123903686711e-01,1.092979489546730271e-01
1.110470773560595648e+00,9.643694231496245939e-01,1.133879461917119830e-01
1.173441654177320714e+00,9.858468870801259110e-01,1.160551745485113723e-01
1.238141940088599569e+00,1.004033413256752327e+00,1.172073106264118064e-01
1.304408889829428153e+00,1.018455708317601793e+00,1.168279047161560474e-01
1.372061066402197049e+00,1.028661809577392727e+00,1.149667197928846835e-01
1.440890659070520607e+00,1.034231425608593380e+00,1.117253185900251994e-01
1.510666407835131730e+00,1.034797246126724302e+00,1.072449282304488438e-01
1.581144626071617765e+00,1.030075163212019973e+00,1.017005964625311565e-01
1.652081524279741531e+00,1.019894518012938400e+00,9.529636548115394401e-02
1.723240523110325384e+00,1.004219967406642766e+00,8.825629830564313272e-02
1.794394004172683355e+00,9.831592493380862940e-01,8.081601703055912855e-02
1.865322396539292660e+00,9.569517575765766892e-01,7.321979569377828900e-02
1.935810028354645107e+00,9.259368942456865925e-01,6.571486682698107762e-02
2.005636225483225843e+00,8.905125531227922053e-01,5.853244849803040245e-02
2.074568538349597091e+00,8.511029171906575597e-01,5.186554756612948847e-02
2.142369077575994929e+00,8.081475982545118786e-01,4.586455131063288393e-02
2.208811439405045096e+00,7.621049272397928398e-01,4.064733850272228555e-02
2.273690212902002017e+00,7.134517131051121286e-01,3.629590883471311979e-02
2.336812349315564585e+00,6.626717539896034292e-01,3.283157471083847367e-02
2.397982281428445717e+00,6.102419335237848630e-01,3.019948816127409827e-02
2.456999528646502728e+00,5.566264044029725078e-01,2.828810854091228996e-02
2.513671389621541241e+00,5.022757305169641695e-01,2.696504735574811740e-02
2.567829136124788469e+00,4.476189095156304365e-01,2.609458159229527396e-02
2.619339812031051817e+00,3.930441752590857485e-01,2.553464393495463725e-02
2.668114311549601769e+00,3.388780817897910080e-01,2.513874058200360473e-02
2.714111812213582109e+00,2.853741143190424712e-01,2.477435908185138258e-02
2.757337646396834430e+00,2.327128265124294992e-01,2.434369188709095688e-02
2.797836560095834368e+00,1.810105936692785189e-01,2.379117726824669932e-02
2.835689605931762447e+00,1.303372329276020203e-01,2.309721021794691742e-02
2.871018808763952990e+00,8.074045167737187167e-02,2.226568934916572928e-02
2.903992716231651450e+00,3.226399936832186066e-02,2.131345687874514061e-02
2.934822807092113184e+00,-1.505366259321738558e-02,2.026791543147110630e-02
2.963749994404024424e+00,-6.119270998565656122e-02,1.917227259054243849e-02
2.991029767856423494e+00,-1.061551000356097951e-01,1.808888772384942278e-02
3.016922405259980788e+00,-1.499516274703682761e-01,1.709295193060150764e-02
3.041686458194075904e+00,-1.925919123901775887e-01,1.626166794427980067e-02
3.065571773455211257e+00,-2.340909932047593733e-01,1.567032355281328115e-02
3.088812724951600419e+00,-2.744798547107546449e-01,1.539623269350420647e-02
3.111623296304666386e+00,-3.138023643630485915e-01,1.551860540528054826e-02
3.134192053876766249e+00,-3.521023754594926336e-01,1.610552791396629990e-02
3.156675426424082609e+00,-3.894153621026463785e-01,1.719578645485164703e-02
3.179192882572206891e+00,-4.257662902739212107e-01,1.879285772104083430e-02
3.201828570933551443e+00,-4.611666861197002421e-01,2.087787935745599732e-02
3.224638663494228119e+00,-4.956117113141644270e-01,2.342800081606422058e-02
3.247659783147971435e+00,-5.290822853067991272e-01,2.642004342363057923e-02
3.270914602215402311e+00,-5.615489174787990923e-01,2.981741053448699538e-02
3.294412324209672338e+00,-5.929711522503613441e-01,3.356100548213558632e-02
3.318144820176804899e+00,-6.232963041310448649e-01,3.758199414983648401e-02
3.342085128927085869e+00,-6.524649424354308502e-01,4.182587171542156979e-02
3.366195815961281479e+00,-6.804200026842482929e-01,4.626078408189737701e-02
3.390444046267382383e+00,-7.071092197134628554e-01,5.086219739571101739e-02
3.414810465692308394e+00,-7.324792765072515310e-01,5.559394599573413281e-02
3.439285587760820828e+00,-7.564710111078398747e-01,6.040463631468983435e-02
3.463861669628720108e+00,-7.790219569970863178e-01,6.523647834461160366e-02
3.488528669975731855e+00,-8.000718391785718309e-01,7.003529426772153732e-02
3.513270950632229717e+00,-8.195652379320128578e-01,7.475802226015459961e-02
3.538058803354148907e+00,-8.374538220213125772e-01,7.937453082262763138e-02
3.562841247239656006e+00,-8.537028684160036240e-01,8.385691747751222724e-02
3.587553152318034400e+00,-8.682979315468949411e-01,8.816242596613316218e-02
3.612136833256140545e+00,-8.812423852668462843e-01,9.223271829845169911e-02
3.636561230376744280e+00,-8.925459929060435282e-01,9.601835791164942124e-02
3.660822927480289035e+00,-9.022152379250801824e-01,9.950260587601317264e-02
3.684930753942938342e+00,-9.102509562147003130e-01,1.026936024880881204e-01
3.708888358527484108e+00,-9.166471228843633412e-01,1.055922158310004799e-01
3.732685358835285516e+00,-9.213868184096126734e-01,1.081741257801194095e-01
3.756296883173537271e+00,-9.244423277799284078e-01,1.104063669424129451e-01
3.779686617271981852e+00,-9.257837777488528985e-01,1.122761337480015914e-01
3.802809974707998641e+00,-9.253862523164290144e-01,1.137992279053395700e-01
3.825615011533011867e+00,-9.232237173256870877e-01,1.150056158054413163e-01
3.848039290299775761e+00,-9.192546322673424974e-01,1.159239527631902716e-01
3.870005391850672272e+00,-9.134151801753628286e-01,1.165752558403815170e-01
3.891422458406700979e+00,-9.056273075087404312e-01,1.169657902796439192e-01
3.912196460814898025e+00,-8.958141674928441489e-01,1.170758803296867295e-01
3.932239385467494852e+00,-8.839114837483694753e-01,1.168581167174484320e-01
3.951464085266053861e+00,-8.698687136248077767e-01,1.162505970754512535e-01
3.969766968116305694e+00,-8.536415928245943974e-01,1.151916977717395846e-01
3.987017785162682681e+00,-8.351843426086358324e-01,1.136275274521508644e-01
4.003068561236533540e+00,-8.144501247330862004e-01,1.115186922466731984e-01
4.017767089567902516e+00,-7.913984716311376344e-01,1.088447957848348441e-01
4.030950945588429590e+00,-7.659986505683225033e-01,1.055921511046511996e-01
4.042423020650942611e+00,-7.382233985514026209e-01,1.017315710911848026e-01
4.051936681625689651e+00,-7.080436917510527506e-01,9.721999728923014228e-02
4.059209058737233811e+00,-6.754393154699778190e-01,9.203498070517318608e-02
4.063947368382780923e+00,-6.404224152000543846e-01,8.620159782573438845e-02
4.065862047574142046e+00,-6.030524487072120854e-01,7.977729793293281135e-02
4.064663694037240482e+00,-5.634267249754090212e-01,7.281728103115253647e-02
4.060061282157400697e+00,-5.216572267936390173e-01,6.536425317326677309e-02
4.051769253321735320e+00,-4.778607677055692893e-01,5.746502269423358483e-02
4.039511471673962184e+00,-4.321758415466371295e-01,4.918288655676589238e-02
4.023013274361053604e+00,-3.847918457624610600e-01,4.059424823553980932e-02
4.001993102331868890e+00,-3.359660576312143987e-01,3.178606223560587196e-02
3.976169379653937241e+00,-2.860191899768805834e-01,2.286114503845526613e-02
3.945278228620640704e+00,-2.353206800329562809e-01,1.393594852812374101e-02
3.909083076837471360e+00,-1.842790679686900912e-01,5.122616340859365014e-03
3.867369983749324280e+00,-1.333421824524501920e-01,-3.487801041933413348e-03
3.819942196265313061e+00,-8.300120102889031737e-02,-1.182277441268558826e-02
3.766624047238575468e+00,-3.379062580299609098e-02,-1.981365144197999584e-02
3.707265695599192945e+00,1.371934786365061436e-02,-2.739008805581754843e-02
3.641737360320406847e+00,5.893558950106173727e-02,-3.448755967484784524e-02
3.569918291728690463e+00,1.012535097562859004e-01,-4.105276551143732799e-02
3.491694916065978926e+00,1.400627501507902550e-01,-4.704049863191450687e-02
3.406971137011371997e+00,1.747507794732462705e-01,-5.241386334313702378e-02
3.315680343687255061e+00,2.047145985542696278e-01,-5.715310545023748884e-02
3.217792560887544617e+00,2.293858135034777534e-01,-6.125845351130087407e-02
3.113321895153375873e+00,2.482607858710176862e-01,-6.473721667632909016e-02
3.002337380133413003e+00,2.609211037140485301e-01,-6.758894629217415684e-02
2.884969641269352625e+00,2.670398494404583878e-01,-6.980462913855761675e-02
2.761413165516701795e+00,2.663851647850351556e-01,-7.137555594296379757e-02
2.631943225628752270e+00,2.588342315474688182e-01,-7.229972170955251132e-02
2.496954069198675796e+00,2.443947427176087761e-01,-7.258141457277961228e-02
2.356985093779695450e+00,2.232189898598038458e-01,-7.222030685841568376e-02
2.212709666087497862e+00,1.956070807850290860e-01,-7.119041711308865539e-02
2.064929048819941215e+00,1.620151086835268373e-01,-6.943320629274885025e-02
1.914624334557635033e+00,1.230772618887224085e-01,-6.689379817856472288e-02
1.763017085963602737e+00,7.961983821052204258e-02,-6.358095086677617580e-02
1.611528779039783643e+00,3.263645539628087788e-02,-5.959107056482115111e-02
1.461643605776818955e+00,-1.677007403304564548e-02,-5.507839211294911913e-02
1.314814719420109856e+00,-6.743918958652117546e-02,-5.022399300236568553e-02
1.172485404622247707e+00,-1.181760637368550609e-01,-4.524377273012608613e-02
1.036118760508586423e+00,-1.677719824627207923e-01,-4.039813009334702887e-02
9.071247998629571319e-01,-2.150514962358310300e-01,-3.595034112060663256e-02
7.867434895378555559e-01,-2.589335254434242395e-01,-3.209391312162246379e-02
6.760092161350206297e-01,-2.984684838850226729e-01,-2.891690629807513666e-02
5.757973262667803738e-01,-3.328425338173588988e-01,-2.642417109759570559e-02
4.868533631389392879e-01,-3.613781496653998837e-01,-2.457264138617937244e-02
4.097642441700299898e-01,-3.835522872268043448e-01,-2.327917087558833975e-02
3.449138154677511281e-01,-3.990171648600389087e-01,-2.240915851392660807e-02
2.924490494458753531e-01,-4.076031857940684566e-01,-2.177067081443606611e-02
2.522394008639849972e-01,-4.093159218106892649e-01,-2.111512874254373173e-02
2.238255431413760099e-01,-4.043524364466484222e-01,-2.013542546931146315e-02
2.063803868831426414e-01,-3.931279656972215264e-01,-1.847679710729327462e-02
1.986958717932529872e-01,-3.762742857484083214e-01,-1.579307665184465082e-02
1.992004451873197191e-01,-3.545987987657667762e-01,-1.185055859061895367e-02
2.060257835153733730e-01,-3.290408829405670477e-01,-6.626838254358835556e-03
2.171330741289722865e-01,-3.006548587585751720e-01,-3.370475794295391125e-04
2.304686454171811227e-01,-2.705953215242036247e-01,6.629653866614682034e-03
2.441016604060264050e-01,-2.400602372724269518e-01,1.381389297876039861e-02
2.563253401633880380e-01,-2.101871287422764356e-01,2.076554344628278592e-02
2.657310043117200316e-01,-1.819405062443338328e-01,2.707787028839031204e-02
2.712605431712145077e-01,-1.560299643829643479e-01,3.240275773371964485e-02
2.722336123290314269e-01,-1.328779590773199737e-01,3.647544891055704008e-02
2.683523439233947983e-01,-1.126401197791941505e-01,3.914316096879782991e-02
2.596917846391044726e-01,-9.526387686736928484e-02,4.036944760517913178e-02
2.466752465384635939e-01,-8.055550312385389988e-02,4.020279487965128240e-02
2.300253871968526986e-01,-6.823292282732151826e-02,3.873196844064591415e-02
2.106866840253185380e-01,-5.796722217948704209e-02,3.606053507234918687e-02
1.897241927948045692e-01,-4.942478951919793140e-02,3.230826685037269108e-02
1.682089837516054232e-01,-4.230534069799493646e-02,2.761925869271402920e-02
1.471072044808896528e-01,-3.636027248211139151e-02,2.215746918938638066e-02
1.271966196399354487e-01,-3.138959699671602099e-02,1.609362802220265509e-02
1.090291834798806508e-01,-2.723217334655441899e-02,9.601083153897016498e-03
9.293796396966369500e-02,-2.375970341608989178e-02,2.866957886181464854e-03
7.906874748795367225e-02,-2.087052853153095744e-02,-3.894299223594632330e-03
6.741687641912408324e-02,-1.847779268085644744e-02,-1.044222195887983817e-02
5.786286777210713356e-02,-1.649772041449823479e-02,-1.653135367882807572e-02
5.020856045716559635e-02,-1.484771582546430373e-02,-2.194352436913904469e-02
4.421223501791526900e-02,-1.345324318107292416e-02,-2.651951029649796121e-02
3.961599648341085356e-02,-1.225271309180861468e-02,-3.018121081456714636e-02
3.616172724116850645e-02,-1.119504133642243437e-02,-3.293785526969211785e-02
3.359959535794709851e-02,-1.023596078227780037e-02,-3.487218507831624237e-02
3.169515864748229106e-02,-9.339133460060933256e-03,-3.610913667683179895e-02
3.023620547993876792e-02,-8.478807290152046150e-03,-3.677810195144431971e-02
2.903692085263198316e-02,-7.638587511061069833e-03,-3.698303286485404850e-02
2.793910837380897058e-02,-6.808190988848854784e-03,-3.678941463819418445e-02
2.681304349146929056e-02,-5.982966164120445685e-03,-3.622816253547600507e-02
2.555938383768108224e-02,-5.164978489061167188e-03,-3.531003320470516016e-02
2.411099645205361242e-02,-4.361198703202451288e-03,-3.404213160412006278e-02
2.243352827955291673e-02,-3.579412501725567474e-03,-3.243957182927498240e-02
2.052486457203572812e-02,-2.826255748330716577e-03,-3.052932496052234920e-02
1.841335964283263849e-02,-2.107905962322326188e-03,-2.834794435633141915e-02
1.615357938444805797e-02,-1.429866206863888989e-03,-2.593728982394349902e-02
1.381879899442495056e-02,-7.946544339918620858e-04,-2.334151988094279595e-02
1.149151734353148768e-02,-2.001297681419184071e-04,-2.060631357089781623e-02
9.254404125191850738e-03,3.596696253483494532e-04,-1.777956222154958299e-02
7.183270267074880720e-03,8.925458532645784730e-04,-1.491222018608073623e-02
5.341953963078349688e-03,1.406890207385907976e-03,-1.205850405497504996e-02
3.778299423495834041e-03,1.911047628896239475e-03,-9.275696606828032209e-03
2.521412495759545180e-03,2.411996754380849040e-03,-6.624291234534618322e-03
1.581529184346841532e-03,2.912875271352671769e-03,-4.168181755211108896e-03
9.527825335031713276e-04,3.410719347778784060e-03,-1.972912183627328897e-03
6.166785081918035871e-04,3.896759020942732864e-03,-1.002223874765895140e-04
5.441222538205003900e-04,4.359948644897665426e-03,1.399502683761821853e-03
6.970035429487708711e-04,4.791083110518637445e-03,2.492277671156672980e-03
1.031332240075677475e-03,5.184000059278021100e-03,3.161099903570274705e-03
1.500395765097195522e-03,5.533721980864603207e-03,3.406180252181478362e-03
2.055256551414252897e-03,5.834566267782365090e-03,3.248481689427373809e-03
2.645407715218262013e-03,6.080001186865510721e-03,2.731599895727798710e-03
3.225375299709121180e-03,6.263203082163340540e-03,1.914182398246588651e-03
3.765305898972836750e-03,6.377835146873650496e-03,8.563317813181646780e-04
4.255501644367942760e-03,6.420691763938182750e-03,-3.866494717938429027e-04
4.700404710655803342e-03,6.396251223847460032e-03,-1.758332561431485757e-03
5.109128158709008716e-03,6.319281323686684604e-03,-3.193999996707608258e-03
5.490099531191283688e-03,6.212142263822134636e-03,-4.623155008000312538e-03
5.849409654079540388e-03,6.098920065001484092e-03,-5.979252393260858778e-03
6.190894986790596022e-03,6.001661053351911579e-03,-7.208625880054941003e-03
6.518665291721514876e-03,5.940574542347143439e-03,-8.275458886936037928e-03
6.838237973305626681e-03,5.935085779387380689e-03,-9.160699909571690114e-03
7.148783236643473614e-03,6.002361291478769401e-03,-9.851495893953288174e-03
7.431267903834636555e-03,6.153519363456816382e-03,-1.032733435268051725e-02
7.651594263524684990e-03,6.389935674225646900e-03,-1.056085664822292713e-02
7.786167491918848625e-03,6.701256599450297613e-03,-1.054108288592037201e-02
7.847863523202658342e-03,7.065879766714882292e-03,-1.029940561318026804e-02
7.883707694500419194e-03,7.455021428613011446e-03,-9.910216339159561016e-03
7.944529129322308592e-03,7.840319463772379982e-03,-9.463509937061853616e-03
8.055575570431461330e-03,8.201338767969620913e-03,-9.035509200026881071e-03
8.211906012189906789e-03,8.528091889925190627e-03,-8.680689863256596528e-03
8.394601743233476299e-03,8.818206303574938065e-03,-8.441560291799765636e-03
8.587323967879090247e-03,9.073585724616445303e-03,-8.356058148530076668e-03
8.780313616174595381e-03,9.300300236522035524e-03,-8.452676746369125471e-03
8.965600812793628194e-03,9.510249067086473662e-03,-8.742218317633887459e-03
9.134088030537945713e-03,9.721598381899274055e-03,-9.218145078380979296e-03
9.278285777347683450e-03,9.957535450746957117e-03,-9.864757918232047729e-03
9.394874594748081620e-03,1.024373473608973517e-02,-1.066330087121925008e-02
9.481646994480286139e-03,1.060396708433553048e-02,-1.159152417221226417e-02
9.532723379335195091e-03,1.105508501681277955e-02,-1.262217946133431523e-02
9.540215653702777132e-03,1.160528712732533663e-02,-1.372620583391936759e-02
9.502502092395559430e-03,1.225712165114287155e-02,-1.487846620616545094e-02
9.430164848900357555e-03,1.301161429974467820e-02,-1.606030882706638296e-02
9.343559238483845064e-03,1.387010561761554787e-02,-1.725826002347413679e-02
9.265910270228605583e-03,1.483470401646841234e-02,-1.846298551893693629e-02
9.218208699734997680e-03,1.590876322217840699e-02,-1.967012568155346308e-02
9.215846295229646046e-03,1.709603145120981715e-02,-2.087992634709212592e-02
9.264054419588774181e-03,1.839838765885504213e-02,-2.209400500145231039e-02
9.354208490464088754e-03,1.981585026266073635e-02,-2.331290376450800839e-02
9.466219387621599424e-03,2.135039560700359440e-02,-2.453863962665892018e-02
9.576835091351654228e-03,2.300870665215420940e-02,-2.578105613392500661e-02
9.667102866273147299e-03,2.479909592620968550e-02,-2.706263751085096966e-02
9.724079707784660798e-03,2.672553734128710334e-02,-2.841773972623167985e-02
9.739204468295348249e-03,2.878553795245576349e-02,-2.988587522128188442e-02
9.708215044235135593e-03,3.097326898373400569e-02,-3.150165309074998143e-02
9.633172419221125438e-03,3.328336542609729165e-02,-3.328626100262271903e-02
9.524129246696322326e-03,3.571155502930974113e-02,-3.524553262036489443e-02
9.400275339666031016e-03,3.825262884949200137e-02,-3.737501409268872976e-02
9.291733599603446692e-03,4.089860707290303432e-02,-3.966599724782721159e-02
9.238780704368121377e-03,4.363981984265262459e-02,-4.210620822806682151e-02
9.281972423669238026e-03,4.647008550009851247e-02,-4.467645882749587960e-02
9.443573170486718737e-03,4.939392159169948837e-02,-4.735015856972280002e-02
9.713153806867325102e-03,5.243049105562204437e-02,-5.009686276237212965e-02
1.005232582270698671e-02,5.560959132142848788e-02,-5.288099308646126984e-02
1.041899707616700255e-02,5.895999913676091414e-02,-5.564919168184328385e-02
1.079444646071570091e-02,6.249598864782080626e-02,-5.831526197139224460e-02
1.119518290644272440e-02,6.621011077877388129e-02,-6.075905607347691778e-02
1.166508284083933589e-02,7.007814634676298726e-02,-6.284171328700960402e-02
1.225468401448992495e-02,7.407551390051676787e-02,-6.442223918180917108e-02
1.299617697189114907e-02,7.819553595459771689e-02,-6.536377138895432815e-02
1.388415146585941611e-02,8.245562168707060158e-02,-6.553517258215957320e-02
1.487664077489680818e-02,8.688461413068823691e-02,-6.481813651255663444e-02
1.592317724498082399e-02,9.150048951622850868e-02,-6.311763225938377131e-02
1.700124243919631795e-02,9.629778743918994410e-02,-6.036668964544966015e-02
1.812736386197499883e-02,1.012563032402487989e-01,-5.652575169749484568e-02
1.933169362952069648e-02,1.063626348184791570e-01,-5.158491553253069517e-02
2.062528488373516211e-02,1.116247782238552338e-01,-4.556993426868272135e-02
2.199741011710276695e-02,1.170693922430063177e-01,-3.854213116709914733e-02
2.344334560864247408e-02,1.227301579241286827e-01,-3.058702038578886215e-02
2.498677991543685195e-02,1.286419369685365965e-01,-2.180117372833911826e-02
2.667033356629211482e-02,1.348435668305992263e-01,-1.228979785024147953e-02
2.852774436992166693e-02,1.413790606038738129e-01,-2.173410016584331750e-03
3.056963922691835131e-02,1.482896271740734850e-01,8.408983296664951368e-03
3.279283803886423598e-02,1.556024038260342413e-01,1.930565983158660792e-02
3.519664695974533686e-02,1.633271754685985955e-01,3.035993541616876720e-02
3.779243556187861230e-02,1.714626925040652061e-01,4.141433906777458596e-02
4.060973131809753056e-02,1.800031064487325749e-01,5.231507037162935747e-02
4.370123620841548373e-02,1.889373035428017766e-01,6.291919170388349247e-02
4.713690093106626122e-02,1.982456408125284064e-01,7.309743917570249438e-02
5.098309742789242094e-02,2.079032405624400004e-01,8.272735027511357586e-02
5.528347331501536760e-02,2.178901516409120498e-01,9.168482496864222009e-02
6.005953731310630789e-02,2.281987614833814737e-01,9.984601404594284357e-02
6.532595000714458422e-02,2.388317969630796567e-01,1.070990783761591181e-01
7.110163158744464695e-02,2.497955188136536941e-01,1.133551663580978225e-01
7.741083565829809388e-02,2.610956916617265811e-01,1.185517665043142460e-01
8.428416582162423509e-02,2.727355238190322106e-01,1.226494185991924696e-01
9.176500575184265429e-02,2.847109075045324289e-01,1.256245296416089174e-01
9.991389026504648996e-02,2.970072164975343099e-01,1.274607518068404666e-01
1.088034177626595461e-01,3.096077406968995582e-01,1.281430342650338727e-01
1.185074553659348634e-01,3.225116546812157869e-01,1.276575161815882153e-01
1.290946168749473877e-01,3.357437705771862402e-01,1.259957288093624395e-01
1.406312303910750572e-01,3.493442867219365144e-01,1.231594638037555728e-01
1.531895108411895912e-01,3.633495810854675545e-01,1.191646448925165330e-01
1.668517368940358736e-01,3.777841222249056496e-01,1.140429961047073476e-01
1.817065221999980551e-01,3.926670306681576128e-01,1.078388716217765220e-01
1.978433265602097535e-01,4.080187526777543927e-01,1.006011986496982424e-01
2.153519633203981876e-01,4.238574575825687640e-01,9.237637098795797863e-02
2.343225855687247339e-01,4.401916437273993288e-01,8.320871348542202561e-02
2.548366469802276768e-01,4.570195748851340611e-01,7.314830441591813059e-02
2.769520363200217439e-01,4.743339498976699153e-01,6.225894165359651539e-02
3.006975830975533448e-01,4.921224074928925440e-01,5.061861739809742078e-02
3.260825587452109708e-01,5.103630909340065580e-01,3.831088212126604331e-02
3.531092198873486687e-01,5.290249720286216428e-01,2.541424918165863245e-02
3.817780469619558303e-01,5.480776450472159000e-01,1.200206053298125131e-02
4.120904197662422774e-01,5.675023832118153422e-01,-1.840850108672520196e-03
4.440543752116110077e-01,5.872951791236403762e-01,-1.599446447539953908e-02
4.776862360244659711e-01,6.074633934544715341e-01,-3.029220404748844339e-02
5.130008796514484715e-01,6.280226756987735692e-01,-4.453038551260612987e-02
5.499992559252042668e-01,6.489946967014381674e-01,-5.848637487716606270e-02
5.886673305301237669e-01,6.704022439593733118e-01,-7.192782157163790657e-02
6.289872696783271877e-01,6.922629532643539418e-01,-8.461167724161666737e-02
6.709504328524129591e-01,7.145867585858874937e-01,-9.628879178603111377e-02
7.145646101734293154e-01,7.373783267802878072e-01,-1.067263145232866250e-01
7.598534915718935245e-01,7.606402628412736178e-01,-1.157406752752915130e-01
8.068479802053718508e-01,7.843713147920475803e-01,-1.232219070012183088e-01
8.555732678612537612e-01,8.085541729169323233e-01,-1.291382755450723452e-01
9.060396642001643519e-01,8.331293417033382998e-01,-1.335275035520569475e-01
9.582383238945667570e-01,8.579590097810271265e-01,-1.364885123201084460e-01
1.012133094330691652e+00,8.827952283843212289e-01,-1.381806779003832975e-01
1.067645896357893864e+00,9.072678300986666278e-01,-1.388256103796919882e-01
1.124650023834927737e+00,9.308940724248467857e-01,-1.386993793199703395e-01
1.182985907088585087e+00,9.530985553049319270e-01,-1.381058985411826034e-01
1.242491154141700527e+00,9.732366322030449046e-01,-1.373359322384873349e-01
1.303020221230699605e+00,9.906293177344731582e-01,-1.366315873030821137e-01
1.364442297384793612e+00,1.004614425454851245e+00,-1.361743018034572428e-01
1.426632624508095137e+00,1.014595019477033899e+00,-1.360917473523820531e-01
1.489478399260835140e+00,1.020060132316434443e+00,-1.364624475542378090e-01
1.552898764566079670e+00,1.020584500470819611e+00,-1.373096660875081088e-01
1.616856815225897748e+00,1.015842070373201844e+00,-1.385998896262369273e-01
1.681345239258602575e+00,1.005645152692915989e+00,-1.402604407920296503e-01
1.746349317585105032e+00,9.899748472797424981e-01,-1.422073841229637425e-01
1.811806287971195806e+00,9.689665769316027077e-01,-1.443638524098539433e-01
1.877577508830330144e+00,9.428617313211344886e-01,-1.466626286185240824e-01
1.943439341742192239e+00,9.119673589397622182e-01,-1.490417219564207918e-01
2.009091220966952029e+00,8.766446586429068599e-01,-1.514410930532145150e-01
2.074175349796281154e+00,8.373108188753836112e-01,-1.538028657466383731e-01
2.138300088819944378e+00,7.944314908524915397e-01,-1.560760191387608464e-01
2.201061335961473908e+00,7.484981809201498582e-01,-1.582238750627615320e-01
2.262062926136665375e+00,6.999999810743035011e-01,-1.602272581392769069e-01
2.320939645350672542e+00,6.494033210362778474e-01,-1.620784492599960935e-01
2.377379659615597163e+00,5.971487299713029717e-01,-1.637720530271946640e-01
2.431137415519035727e+00,5.436608584634002872e-01,-1.653032051394318080e-01
2.482036347499283480e+00,4.893562471541323400e-01,-1.666730719719330955e-01
2.529974283983604799e+00,4.346371707901835468e-01,-1.678906757175538389e-01
2.574939612716975468e+00,3.798770805163872999e-01,-1.689650597113789843e-01
2.617022670139923513e+00,3.254116713154009410e-01,-1.698956553269001524e-01
2.656397905316643104e+00,2.715371283054851537e-01,-1.706703306994461489e-01
2.693279127597958400e+00,2.185018674635580138e-01,-1.712670776328181765e-01
2.727882241774781669e+00,1.664859673166887988e-01,-1.716482640660196846e-01
2.760422030179432440e+00,1.155866082455991734e-01,-1.717489527246596204e-01
2.791128205379145300e+00,6.583168195747890472e-02,-1.714745270979700642e-01
2.820245667465459682e+00,1.721545997984824661e-02,-1.707152756312016462e-01
2.848012095638496888e+00,-3.027203074298656302e-02,-1.693670521203935464e-01
2.874642579107700158e+00,-7.663486980532957515e-02,-1.673448292420845473e-01
2.900343054516674179e+00,-1.218685384450912540e-01,-1.645896809717398157e-01
2.925331834880684490e+00,-1.659589699405175645e-01,-1.610746836621101963e-01
2.949832732798918222e+00,-2.088945476070191987e-01,-1.568057597939390146e-01
2.974039136208439515e+00,-2.506878031877102231e-01,-1.518108662194386782e-01
2.998086082876749714e+00,-2.913787736788714389e-01,-1.461239751803081188e-01
3.022055052952210552e+00,-3.310087009727208374e-01,-1.397790005210258757e-01
3.045996386804428191e+00,-3.695939403584230787e-01,-1.328174796672035307e-01
3.069943847070155662e+00,-4.071299576003495346e-01,-1.252968675307816748e-01
3.093917307320981358e+00,-4.436133203939595648e-01,-1.172865438319042747e-01
3.117920830435805257e+00,-4.790515661704408124e-01,-1.088544467128457621e-01
3.141937515665360614e+00,-5.134566500022835767e-01,-1.000571500332572694e-01
3.165927326628037441e+00,-5.468367278361848660e-01,-9.093992415924040396e-02
3.189843854385077115e+00,-5.791887436186055060e-01,-8.154286720898767937e-02
3.213668903504918184e+00,-6.104861275345887517e-01,-7.190754086837530812e-02
3.237434779112602357e+00,-6.406700446596691467e-01,-6.208176110470558368e-02
3.261211175107314730e+00,-6.696581481215670983e-01,-5.212017582970768226e-02
3.285071202370271060e+00,-6.973663785727585163e-01,-4.207987406601165770e-02
3.309064968122510386e+00,-7.237260968028110808e-01,-3.201835942824166059e-02
3.333208286588096314e+00,-7.486890659357980926e-01,-2.200267184930271291e-02
3.357481573613729786e+00,-7.722256121038106880e-01,-1.212250067958303701e-02
3.381842584660477158e+00,-7.943197118438091175e-01,-2.486657167265204915e-03
3.406253005961779046e+00,-8.149612189781870741e-01,6.802749847271970761e-03
3.430698309130542079e+00,-8.341400062106596458e-01,1.567522938012849698e-02
3.455181446601662820e+00,-8.518478673058854644e-01,2.409016622578058486e-02
3.479701636287146460e+00,-8.680844342702539462e-01,3.201202642557354761e-02
3.504245955357520703e+00,-8.828566632890304522e-01,3.938997419056650129e-02
3.528801381031331896e+00,-8.961687950890681043e-01,4.616153959211277691e-02
3.553370998426074845e+00,-9.080105320161082627e-01,5.227507407690734631e-02
3.577979869505653721e+00,-9.183501611094101458e-01,5.771046743898721604e-02
3.602670155367148741e+00,-9.271304987632191796e-01,6.248035737174417042e-02
3.627490978342561956e+00,-9.342652954812027399e-01,6.660880155085063814e-02
3.652487388423297343e+00,-9.396438938789011264e-01,7.010258823896692304e-02
3.677688916356335991e+00,-9.431542080465024069e-01,7.294016558513499726e-02
3.703093495967379578e+00,-9.447177240600193038e-01,7.509156508510167471e-02
3.728649028918850750e+00,-9.443123866103831920e-01,7.655322844902501256e-02
3.754249751398508028e+00,-9.419641688936566393e-01,7.736494768879470518e-02
3.779754578484472827e+00,-9.377127067949116990e-01,7.759933582674322095e-02
3.804998969104311346e+00,-9.315736428195372509e-01,7.735197579120944855e-02
3.829774832706167143e+00,-9.235156945965375952e-01,7.675315370637841861e-02
3.853814665447030219e+00,-9.134567437385540112e-01,7.597052388365055364e-02
3.876837942355048749e+00,-9.012763299593467003e-01,7.516011854966087036e-02
3.898634429034597115e+00,-8.868393626873970481e-01,7.439062744606650401e-02
3.919086603437582195e+00,-8.700193777803468809e-01,7.361981494378583291e-02
3.938103699984484951e+00,-8.507059160890728666e-01,7.274824818077896271e-02
3.955559748512138096e+00,-8.287927382275968036e-01,7.168250848995222357e-02
3.971308417044405292e+00,-8.041650792304607664e-01,7.034385937963738566e-02
3.985220496202823259e+00,-7.767089819783071780e-01,6.864517681961918028e-02
3.997160373959184998e+00,-7.463432404330838654e-01,6.649116390680803734e-02
4.006922432283621660e+00,-7.130495646298751211e-01,6.379979213741865385e-02
4.014209811040392317e+00,-6.768795488045126207e-01,6.050601729876425167e-02
4.018672371144904609e+00,-6.379422284254691045e-01,5.654873253342489886e-02
4.019950296175367477e+00,-5.963909045747464166e-01,5.187828502110358730e-02
4.017689841169258536e+00,-5.524187593149390008e-01,4.648936278130316735e-02
4.011542707693549481e+00,-5.062581234180948409e-01,4.043813364059678506e-02
4.001160037641704470e+00,-4.581764189910019769e-01,3.381615101416268754e-02
3.986181423716450123e+00,-4.084688914763004441e-01,2.670370189263582272e-02
3.966233250567263280e+00,-3.574533535420538755e-01,1.914303747393986121e-02
3.940950222884942011e+00,-3.054728471959394787e-01,1.114455367026423449e-02
3.909999581515588130e+00,-2.529083020001446358e-01,2.709465758325702023e-03
3.873073613222310474e+00,-2.001946536505198881e-01,-6.149442625338896740e-03
3.829856915348583524e+00,-1.478284289291677267e-01,-1.539346379610950603e-02
3.780016282092657054e+00,-9.636152323825447619e-02,-2.494746727722541024e-02
3.723239240748754231e+00,-4.638776375851250133e-02,-3.469382023032485662e-02
3.659287043805047990e+00,1.469099594556683153e-03,-4.447349301826553081e-02
3.588009811324143872e+00,4.656454883337282635e-02,-5.409536460276864051e-02
3.509317824254920115e+00,8.824245979882558433e-02,-6.335415716492848182e-02
3.423147682484550813e+00,1.258470480579289286e-01,-7.205530148118727274e-02
3.329448726600370279e+00,1.587416316473799771e-01,-8.003661020241914503e-02
3.228178022611549736e+00,1.863356113417119486e-01,-8.717333196031351594e-02
3.119294201909350583e+00,2.081102652391426944e-01,-9.336687071349325517e-02
3.002768426422974812e+00,2.236311606492027704e-01,-9.853218445599193354e-02
2.878625069387785729e+00,2.325525055295526722e-01,-1.025928277007565059e-01
2.746989625544982161e+00,2.346331112013904929e-01,-1.054790993656351539e-01
2.608117841687507266e+00,2.297670863075792769e-01,-1.071290153849935312e-01
2.462414564966963759e+00,2.180054208964214424e-01,-1.075008657393142220e-01
2.310463636893955730e+00,1.995503275070843741e-01,-1.065931601294298203e-01
2.153062434993557872e+00,1.747371647131956696e-01,-1.044506231139719077e-01
1.991238389904004036e+00,1.440312693653286735e-01,-1.011493399867058329e-01
1.826247905672428784e+00,1.080444473789250737e-01,-9.678266920826045228e-02
1.659579756320428423e+00,6.755304256926483730e-02,-9.146492652772342247e-02
1.492970928556336396e+00,2.350002683978863471e-02,-8.534034335418577699e-02
1.328418074077797328e+00,-2.302564125631484382e-02,-7.858141666337165043e-02
1.168166980105000974e+00,-7.083009755852048839e-02,-7.138509493149203244e-02
1.014679720071209879e+00,-1.186638247836012267e-01,-6.397843824348936614e-02
8.705907505891506970e-01,-1.652641369982367492e-01,-5.662011929104259628e-02
7.386627714701443637e-01,-2.093910748586190473e-01,-4.957797010358561129e-02
6.217456627733319863e-01,-2.498698748782113011e-01,-4.309058348056504784e-02
5.227316688906968878e-01,-2.856388989118316402e-01,-3.733909778154687054e-02
4.444949332545577447e-01,-3.157815720477505361e-01,-3.243833073062613037e-02
3.898093737574326312e-01,-3.395342979416189344e-01,-2.843392289220563959e-02
3.612477734200147950e-01,-3.562957056475732354e-01,-2.529346883634181475e-02
3.610648050611509063e-01,-3.656636746080111910e-01,-2.289740653430710760e-02
3.910620397121977732e-01,-3.674899475310106078e-01,-2.105241934463597531e-02
4.524393674875559213e-01,-3.619186419826981860e-01,-1.955374727310166261e-02
5.456538381980235997e-01,-3.493917239778182582e-01,-1.829595806300821081e-02
6.703098961272191403e-01,-3.306311842491180264e-01,-1.737914814709806688e-02
8.250776028606132684e-01,-3.066116458774202913e-01,-1.713285919494877962e-02
1.007597415831473775e+00,-2.785239949594068287e-01,-1.802888223328136252e-02
1.214321167790255451e+00,-2.477192074164195068e-01,-2.053620813500384168e-02
1.440268902125940720e+00,-2.156193128356867494e-01,-2.499809235135819208e-02
1.678714952382232006e+00,-1.835945683746613433e-01,-3.156192898948056991e-02
1.920822818458955750e+00,-1.528340452411430794e-01,-4.013678003452342269e-02
2.155241545457964314e+00,-1.242598771186698703e-01,-5.035029026401044439e-02
2.367683514275831236e+00,-9.852184121537377326e-02,-6.150666662133318779e-02
2.540513669845645417e+00,-7.606088810273199663e-02,-7.255973447424235445e-02
2.652368803039095724e+00,-5.719316133219672776e-02,-8.210142010981053007e-02
2.677811210110836448e+00,-4.217739727213482004e-02,-8.835650100847414201e-02
2.587043031411129235e+00,-3.126911927920014711e-02,-8.918405720586414231e-02
2.345755182914777137e+00,-2.478117493061073040e-02,-8.209670771005261880e-02
1.915329479233385035e+00,-2.314178008460260338e-02,-6.431109376379834375e-02
1.253597546388451889e+00,-2.691401749274832667e-02,-3.283236401312034092e-02
3.155669247102421693e-01,-3.676777731633704138e-02,1.547210050359681781e-02
-9.464603154581529010e-01,-5.343249705131898619e-02,8.384689031304681794e-02
-2.581462231191111734e+00,-7.763128345689394860e-02,1.755545605903380268e-01
-4.635055143247224230e+00,-1.099821184228678139e-01,2.935990257238202394e-01
-7.145255454461495681e+00,-1.509319966421004133e-01,4.404842194897312102e-01
-1.014227139852295068e+01,-2.007841496696967931e-01,6.182158812407397841e-01
-1.364563638891735842e+01,-2.596887038473827403e-01,8.281244849571295363e-01
-1.765201627739836354e+01,-3.274555077059523867e-01,1.070106084854303807e+00
-2.212467902778645268e+01,-4.033653468782822937e-01,1.341970169455763973e+00
-2.699565220135304600e+01,-4.861861408038934407e-01,1.639570464384251691e+00
-3.216306461118620774e+01,-5.741165537466758062e-01,1.956627662273376034e+00
-3.746623594233384580e+01,-6.643589554343932724e-01,2.283174254681240356e+00
-4.266648635062763617e+01,-7.527899824234843829e-01,2.604368811607530976e+00
-4.746174806270835234e+01,-8.342060550583392242e-01,2.901418296512672690e+00
-5.148982071943972727e+01,-9.023699558942914756e-01,3.151798876973786356e+00
-5.427524462395081173e+01,-9.490869316799224187e-01,3.325977723987875834e+00
-5.521596248291464804e+01,-9.639710423809801920e-01,3.386589509313605806e+00
-5.521596248291464804e+01,-9.639710423809801920e-01,3.386589509313605806e+00
-5.521596248291464804e+01,-9.639710423809801920e-01,3.386589509313605806e+00
