-1.256946317408039748e-01,-5.261477172311769479e+00,-8.619087465524033487e-01
-1.000793182498024986e-01,-5.428206451034952806e+00,-8.870955421766486548e-01
-8.043461597539558472e-02,-5.598654033478831948e+00,-9.137319658704973202e-01
-6.670128973535868755e-02,-5.776663856235180639e+00,-9.418555221228590568e-01
-5.441689091457355132e-02,-5.966994858270270541e+00,-9.703172381483473607e-01
-4.374792857090809006e-02,-6.173555896295652268e+00,-9.982903731331820296e-01
-3.681865998593714107e-02,-6.398833606846068278e+00,-1.024236120077871570e+00
-3.268258760759586157e-02,-6.644723607301625812e+00,-1.045050978225435578e+00
-2.923359071139387810e-02,-6.912623491894724914e+00,-1.057117033067787482e+00
-2.637914117126985425e-02,-7.203146191079570215e+00,-1.057291545817738765e+00
-2.482472496717197386e-02,-7.516739128672826453e+00,-1.042567912839486688e+00
-2.405838472771354430e-02,-7.854330029273850045e+00,-1.009838960618191672e+00
-2.311128353881328201e-02,-8.217000577440050080e+00,-9.568536997087214724e-01
-2.185020500146020450e-02,-8.605723152428554457e+00,-8.831858288137981461e-01
-2.055814046354437208e-02,-9.021898570037802045e+00,-7.898515788295199513e-01
-1.914218792120778168e-02,-9.467472305351414263e+00,-6.782489978592587399e-01
-1.732126332988045969e-02,-9.943910586952704023e+00,-5.500363063219904092e-01
-1.506255358493990837e-02,-1.045142650656262795e+01,-4.080309499558199549e-01
-1.251887662935952106e-02,-1.098962183829809902e+01,-2.566373616532232615e-01
-9.811391840372496453e-03,-1.155854383179877587e+01,-1.010955633987585256e-01
-7.007254388701922299e-03,-1.215863934624848319e+01,5.342100196401158851e-02
-4.169580762195701507e-03,-1.278979110696984378e+01,2.019683701438221290e-01
-1.367150188479437922e-03,-1.345078085443086202e+01,3.398503724288477468e-01
1.327144041624928050e-03,-1.413961783395003380e+01,4.631106645609140982e-01
3.835195348406983396e-03,-1.485380132961063637e+01,5.687412765766091116e-01
6.077509658405255699e-03,-1.558982083189489032e+01,6.538648469632570848e-01
7.980934231730407724e-03,-1.634246641870069539e+01,7.148196954150314308e-01
9.491979864944377621e-03,-1.710469616054135855e+01,7.475033397638465305e-01
1.060291204326968550e-02,-1.786778851381116695e+01,7.486004439648533682e-01
1.138828774770561658e-02,-1.862117787978198891e+01,7.161593594713839828e-01
1.203462008235622882e-02,-1.935219090126497576e+01,6.491568234295198581e-01
1.285075487010467477e-02,-2.004631003402619172e+01,5.472551473361892960e-01
1.426660542566149381e-02,-2.068791975587532050e+01,4.115502356416691487e-01
1.683238041693668752e-02,-2.126096742808293882e+01,2.455439433360701029e-01
2.121541119239500617e-02,-2.174939826286937361e+01,5.528741506738316103e-02
2.818489473003693568e-02,-2.213774639195859351e+01,-1.511352928433024878e-01
3.858310699365852248e-02,-2.241206654933392883e+01,-3.640491403490078159e-01
5.328204825222626617e-02,-2.256098774144068386e+01,-5.727978234267807611e-01
7.311651782630335106e-02,-2.257674973291300802e+01,-7.672400118119724333e-01
9.879873581894349499e-02,-2.245623757336727166e+01,-9.394106998409919029e-01
1.308576526126284945e-01,-2.220158094406882299e+01,-1.083502769170084479e+00
1.696586724878036412e-01,-2.181936257137824953e+01,-1.193981339675140863e+00
2.155104731060748513e-01,-2.131808758602030096e+01,-1.264126825497598139e+00
2.687929691139777644e-01,-2.070509864651842236e+01,-1.286910243178972069e+00
3.300221216601829655e-01,-1.998472335550526680e+01,-1.257424115725535918e+00
3.998239079157590581e-01,-1.915822616907480480e+01,-1.174984407013387688e+00
4.788509798256190830e-01,-1.822475283634079091e+01,-1.044390441358461485e+00
5.676735680106660409e-01,-1.718264299550445173e+01,-8.768434319058904247e-01
6.666455015693207864e-01,-1.603135556533936423e+01,-6.902281237429275240e-01
7.757627621883104174e-01,-1.477393008492155602e+01,-5.077168237296453279e-01
8.945744277971858782e-01,-1.341883796246650462e+01,-3.545847968661739458e-01
1.022185743168263938e+00,-1.198022987769346415e+01,-2.545846053366442319e-01
1.157320978307346149e+00,-1.047698846230473180e+01,-2.271768238585176181e-01
1.298396832168622783e+00,-8.931645380468490103e+00,-2.854320117905463361e-01
1.443610756942076190e+00,-7.369390143437795970e+00,-4.337605490686767262e-01
1.591065647743283851e+00,-5.816642682113831953e+00,-6.660128902898189152e-01
1.738898857202841652e+00,-4.299140153007860121e+00,-9.658325107698606526e-01
1.885361168387323483e+00,-2.840260943588419185e+00,-1.309865550952034052e+00
2.028849946057167841e+00,-1.460103187735735775e+00,-1.671854960142074464e+00
2.167947662779911244e+00,-1.750182331953293868e-01,-2.025378031752870900e+00
2.301483119471675831e+00,1.002928195298130598e+00,-2.345228625948101442e+00
2.428582003920223720e+00,2.066554648203712929e+00,-2.608817776517531328e+00
2.548677142862277201e+00,3.013764605142750685e+00,-2.798063812915657866e+00
2.661479984259707443e+00,3.847069535896883608e+00,-2.901146604210330882e+00
2.766931124171548628e+00,4.572632459186976916e+00,-2.913512552377040432e+00
2.865155845432819426e+00,5.199271060451835069e+00,-2.837724442536729175e+00
2.956444587950568526e+00,5.737669124570067503e+00,-2.681992787321398453e+00
3.041238296931585872e+00,6.199653311443048764e+00,-2.458202546092013829e+00
3.120072345477742815e+00,6.597279372583529700e+00,-2.180834691571357009e+00
3.193481414575793043e+00,6.941828250327433558e+00,-1.866850466893590799e+00
3.261934076917853531e+00,7.243150944015167347e+00,-1.534950696212701082e+00
3.325844282154609921e+00,7.509596394587217283e+00,-1.203291468846474865e+00
3.385626668161319852e+00,7.748307612098916941e+00,-8.867917148251680537e-01
3.441737999790217550e+00,7.965581014012314220e+00,-5.956084461076591730e-01
3.494680684897567780e+00,8.167109544302368462e+00,-3.351080640836796576e-01
3.544959642978068537e+00,8.357876103069330043e+00,-1.069417454408831125e-01
3.592998943584364113e+00,8.541614454313737781e+00,8.916323803628009581e-02
3.639087175110669481e+00,8.720429587249503456e+00,2.538716241555356024e-01
3.683435677914869810e+00,8.895372066969921221e+00,3.883187397284857956e-01
3.726302654883334231e+00,9.067610876614363491e+00,4.955523053693237645e-01
3.768007004921248182e+00,9.238698377969578601e+00,5.809432844331157142e-01
3.808756442408771647e+00,9.409264761806564792e+00,6.498956210680302270e-01
3.848457795744548715e+00,9.577536411077026912e+00,7.046185572805890862e-01
3.886730418887498928e+00,9.739489753293648633e+00,7.434219231632978042e-01
3.923120786880760491e+00,9.890588052007801778e+00,7.633397657625240473e-01
3.957314555444263693e+00,1.002747148312238146e+01,7.631420462901945534e-01
3.989200676810324975e+00,1.014853643635885838e+01,7.438181430737156319e-01
4.018825833000400749e+00,1.025372474455889282e+01,7.071247915625130664e-01
4.046336613265004267e+00,1.034411195785123994e+01,6.548432977948184242e-01
4.071935770105550745e+00,1.042135646144046923e+01,5.895146953015327762e-01
4.095838086478129192e+00,1.048706555976251487e+01,5.149196696540787599e-01
4.118239766563593918e+00,1.054249586331052591e+01,4.351705257770479562e-01
4.139319152493957432e+00,1.058873545946295280e+01,3.535791901331445941e-01
4.159244203078889868e+00,1.062686246374856758e+01,2.726912868490857234e-01
4.178154802220964470e+00,1.065766293644702145e+01,1.950049103157072139e-01
4.196138773618794282e+00,1.068128683041102889e+01,1.231272655826133877e-01
4.213248015521787515e+00,1.069748472410192797e+01,5.936847287360214054e-02
4.229554296565734006e+00,1.070633166451950125e+01,5.607147269508450105e-03
4.245183410794295398e+00,1.070862401311141099e+01,-3.657037889029071676e-02
4.260278255170099726e+00,1.070543500808421200e+01,-6.615073596965447000e-02
4.274924038430503614e+00,1.069730865956216448e+01,-8.325354480177728222e-02
4.289126650690013420e+00,1.068408271972222323e+01,-8.893414492061757493e-02
4.302885381185170388e+00,1.066570203011283269e+01,-8.398127220621237621e-02
4.316287150385448079e+00,1.064323456471245244e+01,-6.794261590287639652e-02
4.329513210330795836e+00,1.061895943573614254e+01,-3.953850017756611185e-02
4.342748905526567782e+00,1.059536048411988141e+01,2.014262756311308022e-03
4.356097051745585702e+00,1.057403711493845933e+01,5.620715256928829340e-02
4.369572120520109237e+00,1.055553144956657974e+01,1.215221267715208830e-01
4.383142384444141726e+00,1.053998642908782557e+01,1.960397423622337598e-01
4.396750280379250420e+00,1.052779259495000375e+01,2.776096956370864288e-01
4.410306575862309231e+00,1.051968190582908846e+01,3.636913717713137761e-01
4.423699832022975897e+00,1.051640735774240376e+01,4.513203699943436065e-01
4.436825988965050982e+00,1.051838676540472584e+01,5.373064717933896395e-01
4.449598305905773543e+00,1.052552574825068987e+01,6.185055782552600911e-01
4.461914893976538288e+00,1.053725362507472241e+01,6.920196362447306182e-01
4.473609499212427565e+00,1.055267977915023181e+01,7.551789383677236511e-01
4.484432314909319039e+00,1.057069126303052897e+01,8.053018127468248855e-01
4.494083910933229120e+00,1.058991598132919698e+01,8.395664456696904088e-01
4.502271687489256990e+00,1.060873302141970775e+01,8.552390324155008106e-01
4.508721221342134378e+00,1.062554096354874567e+01,8.498606803903295814e-01
4.513118296597212087e+00,1.063914643515394332e+01,8.209317379554453842e-01
4.515062460155650825e+00,1.064887326265038325e+01,7.656496761834900022e-01
4.514141058584401733e+00,1.065427384799388300e+01,6.818084333256698715e-01
4.510103660894137612e+00,1.065482879886012135e+01,5.696925428977601680e-01
4.502972492985817254e+00,1.065002892936368006e+01,4.331419402694525744e-01
4.492966112113361277e+00,1.063970816112319362e+01,2.784138687465603224e-01
4.480304823392676106e+00,1.062418366273117876e+01,1.117466973630858451e-01
4.465068920585526513e+00,1.060406869855522416e+01,-6.223837807635711900e-02
4.447186899842654029e+00,1.058002421255531722e+01,-2.404066885900985329e-01
4.426490213389663531e+00,1.055263287577103704e+01,-4.202494951849358729e-01
4.402751007436841668e+00,1.052228813859030865e+01,-5.995435240893693951e-01
4.375691738165177647e+00,1.048902437580327884e+01,-7.765987809797902930e-01
4.344996043723839740e+00,1.045241783137629099e+01,-9.503821573394031219e-01
4.310328609048954540e+00,1.041161954148279456e+01,-1.120199942433717455e+00
4.271350473242650381e+00,1.036540181808310201e+01,-1.285299438812936401e+00
4.227725702356614157e+00,1.031219761818649694e+01,-1.444780784613080460e+00
4.179124859674919534e+00,1.025025032863762142e+01,-1.597769262520939870e+00
4.125223173261872489e+00,1.017777960490357536e+01,-1.743549400531859250e+00
4.065690358274475003e+00,1.009286763868268899e+01,-1.881488031847444731e+00
4.000182202450010216e+00,9.993072696461808846e+00,-2.010788645945566167e+00
3.928341104625383995e+00,9.875143278623308873e+00,-2.130221904976687952e+00
3.849789682271366420e+00,9.735001511646958150e+00,-2.238002954491347563e+00
3.764106944160960477e+00,9.567832341644608718e+00,-2.331974265724643836e+00
3.670823715340894466e+00,9.368349827483985592e+00,-2.410131290765262335e+00
3.569486103892704598e+00,9.131553717505145329e+00,-2.471260123535848674e+00
3.459760990610452946e+00,8.853692446398772731e+00,-2.515227221369119803e+00
3.341486589233384485e+00,8.532478438893342343e+00,-2.542601923514312023e+00
3.214622930312117433e+00,8.166221658943884520e+00,-2.553843480420713963e+00
3.079178904516291393e+00,7.752877623009576169e+00,-2.548729630664516854e+00
2.935216707459598506e+00,7.290116479540907690e+00,-2.526491736462203264e+00
2.782930905550349276e+00,6.776200399074244984e+00,-2.486443684834952705e+00
2.622718074527034204e+00,6.210590912805433739e+00,-2.428508793296297874e+00
2.455192674195038727e+00,5.593844486418555917e+00,-2.353296123082116331e+00
2.281183750745022554e+00,4.927341113113246962e+00,-2.261835864079939640e+00
2.101754365531125934e+00,4.213410028785987471e+00,-2.155289050765789582e+00
1.918236708286070735e+00,3.455760821370668534e+00,-2.034866479882693646e+00
1.732250148154593550e+00,2.659798000620102965e+00,-1.901960511008961241e+00
1.545685325410759425e+00,1.832616059366790395e+00,-1.758264736632202840e+00
1.360657517276375073e+00,9.827720712489661503e-01,-1.605684127537997830e+00
1.179437623904173726e+00,1.200066483977914045e-01,-1.446157042449378594e+00
1.004368925728003070e+00,-7.450040752461892790e-01,-1.281680431707197920e+00
8.377785788820621971e-01,-1.600884856603653983e+00,-1.114548453886553991e+00
6.818911155812420466e-01,-2.435851335881615398e+00,-9.475093096604882970e-01
5.387458410602018466e-01,-3.238111593336439498e+00,-7.837236257507145254e-01
4.101150519948071338e-01,-3.996397928194437288e+00,-6.267618350073929090e-01
2.974219630606305120e-01,-4.700557226137360267e+00,-4.807762974515790155e-01
2.016681942944878458e-01,-5.341985652012719576e+00,-3.505772675448904918e-01
1.233877314905987010e-01,-5.913623431998274782e+00,-2.413430906116872665e-01
6.262962994459206345e-02,-6.409395081517041959e+00,-1.581639872096844424e-01
1.894499097498406059e-02,-6.823370163323221327e+00,-1.057919218740120126e-01
-8.646885259430275861e-03,-7.149272084055975363e+00,-8.846729973274868042e-02
-2.169801400298496108e-02,-7.380964748196498171e+00,-1.092394066640343109e-01
-2.232259288729299129e-02,-7.514065941590462927e+00,-1.686607564340742438e-01
-1.309666827576541626e-02,-7.548097131397199178e+00,-2.637393545517238147e-01
3.124089795377676948e-03,-7.488114380145968418e+00,-3.881974695812887011e-01
2.342352783299117558e-02,-7.344962473213300314e+00,-5.339240455704056254e-01
4.504225016512597435e-02,-7.133957312420990959e+00,-6.923739722023272147e-01
6.557371180384830023e-02,-6.872409457014241774e+00,-8.550156595691125183e-01
8.312309364304831805e-02,-6.576748479395486235e+00,-1.013206102775740192e+00
9.640710499066390549e-02,-6.260172862317256559e+00,-1.158345342594039540e+00
1.047790266711888796e-01,-5.931588304168312398e+00,-1.282462097878013463e+00
1.081825679605877832e-01,-5.595943583813601130e+00,-1.378775762270770366e+00
1.070552105826235167e-01,-5.255379543130397124e+00,-1.442025735748122095e+00
1.022045761877779513e-01,-4.910540697543004818e+00,-1.468800021575441317e+00
9.467021364966571317e-02,-4.561813707073924640e+00,-1.458020501734103247e+00
8.557163349566473953e-02,-4.210427069188205529e+00,-1.411379776667611052e+00
7.594978042664490836e-02,-3.859161033767759097e+00,-1.333390131783680710e+00
6.663364428836461573e-02,-3.512400543678423581e+00,-1.230868982109174059e+00
5.817703691857974146e-02,-3.175536571667498364e+00,-1.111934674161649594e+00
5.088367057820224193e-02,-2.853929572406904924e+00,-9.847726112638357510e-01
4.488580698962513216e-02,-2.551765874874138529e+00,-8.564989418962238865e-01
4.021410739291091108e-02,-2.271326964202160958e+00,-7.323980910498115726e-01
3.682316053890130614e-02,-2.013125771278618803e+00,-6.156813332439564634e-01
3.458800638934991095e-02,-1.776733567785218515e+00,-5.077433058444635883e-01
3.330745001318877879e-02,-1.561538891947698904e+00,-4.087391267181605947e-01
3.272707051974431403e-02,-1.366952918399155559e+00,-3.182507376776338992e-01
3.256715816859870327e-02,-1.192317468368371269e+00,-2.358566842764113769e-01
3.254295680288200876e-02,-1.036922264846003472e+00,-1.614801231622104982e-01
3.238367431487623044e-02,-9.000618723012432376e-01,-9.546258138170476970e-02
3.185917626076122111e-02,-7.808965760586668026e-01,-3.843751456550562745e-02
3.080675078837407169e-02,-6.782752529169677747e-01,8.856041016885481121e-03
2.914291513191994559e-02,-5.908468233871919661e-01,4.579016758507473833e-02
2.685903967538194603e-02,-5.173610607142590245e-01,7.216628958143836425e-02
2.401301669249008772e-02,-4.567320857608795359e-01,8.855771859972744187e-02
2.072240587429753991e-02,-4.077697788693663283e-01,9.639323813841693678e-02
1.715022391790047007e-02,-3.689676435640580898e-01,9.761763208016824289e-02
1.347774026239681629e-02,-3.386149194142845653e-01,9.412848844652843550e-02
9.876424282835388757e-03,-3.149766602168974639e-01,8.734145900975215371e-02
6.495370036269584868e-03,-2.962109946875308708e-01,7.805661378058517674e-02
3.461389098531481197e-03,-2.802259912294521871e-01,6.659809328806259865e-02
8.737120898324535548e-04,-2.649665269151003089e-01,5.313943780422322738e-02
-1.212075521977750911e-03,-2.490976774372505864e-01,3.806371829527159523e-02
-2.793969865455464552e-03,-2.324108496578015659e-01,2.213147645477115538e-02
-3.912750861136962514e-03,-2.155013192009778977e-01,6.342205665638478429e-03
-4.629372754628102715e-03,-1.990893521262342425e-01,-8.354394188209561881e-03
-5.009433930571917902e-03,-1.836463181134518341e-01,-2.123870251946832072e-02
-5.118813309573874183e-03,-1.694511109745761857e-01,-3.181846865790959045e-02
-5.020883713389282833e-03,-1.567165056668313738e-01,-3.976442213691808863e-02
-4.770746927149366150e-03,-1.455733897889017192e-01,-4.488109817070745633e-02
-4.411213933997193588e-03,-1.360297375539521181e-01,-4.708725424468519771e-02
-3.973428616484944893e-03,-1.280070631369044087e-01,-4.637372450020778997e-02
-3.479410308227641382e-03,-1.213860826312291169e-01,-4.278875730124348520e-02
-2.944599212607179693e-03,-1.160081154917225604e-01,-3.650038175001626972e-02
-2.381159936282004497e-03,-1.116805652137999177e-01,-2.788046255703179738e-02
-1.801466905789375194e-03,-1.082137794349019161e-01,-1.750187597463395694e-02
-1.219803895137787884e-03,-1.054490192806601112e-01,-6.028113508068921877e-03
-6.518634906339483212e-04,-1.032560627449019275e-01,5.913103715656604573e-03
-1.128192582235615707e-04,-1.015256696447728729e-01,1.779547178933169743e-02
3.848892989044830001e-04,-1.001772808709655432e-01,2.922470506529923490e-02
8.313756590879353529e-04,-9.918302987239260848e-02,3.998859937879740284e-02
1.215419208830894986e-03,-9.860135707501858915e-02,5.010803066440534109e-02
1.522224809002734134e-03,-9.858581580323208526e-02,5.982669371851945250e-02
1.739734828914748198e-03,-9.931627681215643433e-02,6.953012565426455738e-02
1.869482749193938659e-03,-1.008629550301463756e-01,7.964925398654434940e-02
1.929069777251601024e-03,-1.030961981694571566e-01,9.060100009523744391e-02
1.942424190432010759e-03,-1.057505100126459319e-01,1.027740368187326642e-01
1.928643385052050858e-03,-1.086015292751039973e-01,1.165298331763462564e-01
1.897964600305934117e-03,-1.115884173678367425e-01,1.321721666232053560e-01
1.850670273759737541e-03,-1.147877507385146323e-01,1.498645083995189808e-01
1.774728486205271946e-03,-1.183354328262987420e-01,1.695481035207160592e-01
1.647972893618723008e-03,-1.224307081572140188e-01,1.909504274642885857e-01
1.448313036698701921e-03,-1.273828253827284374e-01,2.136893476634267042e-01
1.162743140194055953e-03,-1.335609134155275601e-01,2.373514821900929717e-01
7.864962477573890672e-04,-1.412709023747215908e-01,2.614376662078727320e-01
3.182193427007924506e-04,-1.507514030059569354e-01,2.852495185038940728e-01
-2.390567504446982142e-04,-1.623359444773338212e-01,3.079206113394338806e-01
-8.732959034776425870e-04,-1.765534109525798145e-01,3.286781481880358680e-01
-1.563065245705977900e-03,-1.939674566876632977e-01,3.471631536902281545e-01
-2.280790770484983528e-03,-2.148786850084396516e-01,3.635418557371778991e-01
-2.994266883526252795e-03,-2.391787853421848409e-01,3.783295307039815647e-01
-3.668015862742203363e-03,-2.664556489620685253e-01,3.921058457563862398e-01
-4.269695865103967196e-03,-2.962024985187516335e-01,4.053454844052292172e-01
-4.778816382491608665e-03,-3.279666305927197989e-01,4.184068269779959715e-01
-5.189099890699704065e-03,-3.613942281429936010e-01,4.315593181629491237e-01
-5.502013778807417904e-03,-3.961919130913535425e-01,4.449679373643390390e-01
-5.717871901299480600e-03,-4.320379753354381958e-01,4.586891164393409048e-01
-5.831402133447953495e-03,-4.685125872621374032e-01,4.727452004997817481e-01
-5.833070714391850459e-03,-5.051168967558677947e-01,4.872254470863632836e-01
-5.712540203885107908e-03,-5.413400023907440906e-01,5.023249298097587356e-01
-5.459280963620014027e-03,-5.766363692172410405e-01,5.183466832845331496e-01
-5.059352766863103867e-03,-6.102918742328060642e-01,5.357328809928350033e-01
-4.495002689176342409e-03,-6.413917418733445786e-01,5.550451173575974284e-01
-3.755127874914467728e-03,-6.690945743288262415e-01,5.767573997499525484e-01
-2.853774182660801309e-03,-6.930691179352050924e-01,6.009635573897011973e-01
-1.842342733382205944e-03,-7.137015267731220414e-01,6.273005814072551978e-01
-8.047990828626318260e-04,-7.319086930934814994e-01,6.551561300629815676e-01
1.603706885368039181e-04,-7.487995007856586005e-01,6.838426518783922159e-01
9.602753479487878552e-04,-7.654602817933138237e-01,7.124860669526126289e-01
1.522569978962259873e-03,-7.828512875132468407e-01,7.398326244148973885e-01
1.802339753455579202e-03,-8.016966923299925218e-01,7.643408748063734715e-01
1.778812998457141026e-03,-8.224277724701719583e-01,7.845569081735079831e-01
1.444266116068654293e-03,-8.452863145323483707e-01,7.994242159396621750e-01
7.949435630419769694e-04,-8.704801630758294273e-01,8.083171675040961013e-01
-1.673247066246476289e-04,-8.981841330207873675e-01,8.109300750637453703e-01
-1.425971103083633479e-03,-9.283998646881597150e-01,8.072052471274588914e-01
-2.944505011308686665e-03,-9.608950072276770671e-01,7.972630024283735573e-01
-4.671398369729795608e-03,-9.953249533362703572e-01,7.812007324325462854e-01
-6.550307268684815720e-03,-1.031396426001783828e+00,7.588012742915143383e-01
-8.528184130112886896e-03,-1.068918638730989024e+00,7.293729604005703138e-01
-1.055940621519215611e-02,-1.107775013246743434e+00,6.918865902269146773e-01
-1.260780506627351416e-02,-1.147922937392370946e+00,6.453547994713696445e-01
-1.464674522944706819e-02,-1.189406265260159579e+00,5.892503012160799081e-01
-1.665656199738534821e-02,-1.232293896751686102e+00,5.237636221935104697e-01
-1.862223210437810583e-02,-1.276585483149067946e+00,4.497872842910928259e-01
-2.053561741668023799e-02,-1.322236165965551713e+00,3.686466036949845315e-01
-2.240070005004095310e-02,-1.369317091741351522e+00,2.817632101912360132e-01
-2.423408415357531515e-02,-1.418117839162921667e+00,1.904992169835307836e-01
-2.605696116564801962e-02,-1.469049021232627039e+00,9.625536244392711438e-02
-2.788498177338804077e-02,-1.522471682488897304e+00,6.323381924208393290e-04
-2.972485009404499459e-02,-1.578670255444541093e+00,-9.457869136524682530e-02
-3.157736298654412188e-02,-1.637963471263091497e+00,-1.875913546220545347e-01
-3.343901715256472618e-02,-1.700748491940309526e+00,-2.768306617712508189e-01
-3.529868336724868716e-02,-1.767385066350355860e+00,-3.610196977825116949e-01
-3.713500014044114617e-02,-1.838066131524353164e+00,-4.391669061443297384e-01
-3.892024012116318543e-02,-1.912835478899040265e+00,-5.105345481112322226e-01
-4.062754053819761513e-02,-1.991700710186041334e+00,-5.746220760136830918e-01
-4.223423996563259453e-02,-2.074676253519805780e+00,-6.311398245292052511e-01
-4.372092697905606562e-02,-2.161733820995616728e+00,-6.799361093252814792e-01
-4.507251966546405031e-02,-2.252802118732386116e+00,-7.208881884083873093e-01
-4.628325770825678087e-02,-2.347886050221137388e+00,-7.538422825058855858e-01
-4.735941496262819489e-02,-2.447183008191724518e+00,-7.786882593919861595e-01
-4.831546921489445617e-02,-2.551056980810519459e+00,-7.955270154615232681e-01
-4.916772504387935394e-02,-2.659901348528261877e+00,-8.047624462461309136e-01
-4.993029768964403481e-02,-2.774023808152709769e+00,-8.070014434373795620e-01
-5.061320477669117857e-02,-2.893628860747059939e+00,-8.028357227358680070e-01
-5.122237062242776529e-02,-3.018896083083909776e+00,-7.926860385326577330e-01
-5.176358668825908893e-02,-3.150113083233153422e+00,-7.768036251265570957e-01
-5.224712922986532448e-02,-3.287767331558677064e+00,-7.553708482714087680e-01
-5.268567791495602781e-02,-3.432511480145053362e+00,-7.285872329494806898e-01
-5.308806925788094044e-02,-3.585071335358457567e+00,-6.966808168460936201e-01
-5.346026049823615622e-02,-3.746252418495276792e+00,-6.598576843283683324e-01
-5.381304417011403829e-02,-3.917026076823749037e+00,-6.182478035645155856e-01
-5.416238818292828938e-02,-4.098509800805261172e+00,-5.719325034941760144e-01
-5.452142508061313952e-02,-4.291823493046718951e+00,-5.211128517951711947e-01
-5.490275602534230859e-02,-4.498032758578904833e+00,-4.663421981840717434e-01
-5.533614876553352713e-02,-4.718236326746059639e+00,-4.086052149905011199e-01
-5.587741420526953773e-02,-4.953548443048241268e+00,-3.491199979416502730e-01
-5.659081280401670466e-02,-5.204827099715819472e+00,-2.890524677916856411e-01
-5.752274192852582790e-02,-5.472377343234689384e+00,-2.294445317813885721e-01
-5.869216800491316999e-02,-5.755899129151656801e+00,-1.713372592676494777e-01
-6.009683693080480893e-02,-6.054632007984405817e+00,-1.157782983155793977e-01
-6.172332652276629750e-02,-6.367530545112086493e+00,-6.366080712712682277e-02
-6.356350799627696890e-02,-6.693475112189072540e+00,-1.578330150116900171e-02
-6.563778231663752738e-02,-7.031517043399933442e+00,2.665044088730058464e-02
-6.800288016281652581e-02,-7.380920379501122675e+00,6.153170502876680048e-02
-7.072573464152626110e-02,-7.740788832410639309e+00,8.594683209862068185e-02
-7.383944241724704760e-02,-8.109458330511978730e+00,9.683574654683571592e-02
-7.731026712073491014e-02,-8.484064441931904454e+00,9.162147692365382734e-02
-8.102068982359406091e-02,-8.860475884182427819e+00,6.845165327451928350e-02
-8.475674371980357336e-02,-9.233469549739149684e+00,2.621826011321028854e-02
-8.819633408460647583e-02,-9.596947312235036165e+00,-3.535275197880191622e-02
-9.089900559600316843e-02,-9.944086540106180649e+00,-1.154575619580580637e-01
-9.229304190671983044e-02,-1.026744731152799517e+01,-2.119231807649640253e-01
-9.167259965785568010e-02,-1.055921966482920205e+01,-3.211376958813075833e-01
-8.824096323157815114e-02,-1.081183037972689931e+01,-4.385336449366877831e-01
-8.121410088878933120e-02,-1.101886965129056506e+01,-5.596075423949589123e-01
-6.994201470831939993e-02,-1.117597413017314878e+01,-6.808607239319657278e-01
-5.398643327239394107e-02,-1.128130739595300014e+01,-7.999418845695921432e-01
-3.313099786013218306e-02,-1.133553570472198579e+01,-9.149141342316784442e-01
-7.334769293257714651e-03,-1.134131500760258682e+01,-1.023287080707578900e+00
2.335907104694512348e-02,-1.130228647816001342e+01,-1.121589874522412211e+00
5.894363149553605297e-02,-1.122174708046101443e+01,-1.205824767668638886e+00
9.956037388607530403e-02,-1.110145345766373381e+01,-1.272445914988934668e+00
1.455648359560823835e-01,-1.094100097082611001e+01,-1.318982799814613083e+00
1.975404374165423693e-01,-1.073785078094886103e+01,-1.343675455914629113e+00
2.562761998114373441e-01,-1.048779052275322066e+01,-1.344547303239793212e+00
3.227155830703070105e-01,-1.018561707080089640e+01,-1.319085058419944056e+00
3.978797320061888687e-01,-9.825894650839368083e+00,-1.265093373811793764e+00
4.827827922453908904e-01,-9.403636097490275958e+00,-1.182028201721206262e+00
5.783563591476170718e-01,-8.914829398267489324e+00,-1.071760936041833645e+00
6.853759713037366197e-01,-8.356896718938049418e+00,-9.385369143316191209e-01
8.043732998539204759e-01,-7.729200376660630312e+00,-7.886264897417647468e-01
9.355382256328000912e-01,-7.033553873068984608e+00,-6.300117974302779089e-01
1.078632078199091016e+00,-6.274593241733410487e+00,-4.719369791722483609e-01
1.232928763041674980e+00,-5.459927334974556068e+00,-3.240517557815799088e-01
1.397194774552994900e+00,-4.600060859638737121e+00,-1.951919853015159356e-01
1.569718944678344386e+00,-3.708076497133565574e+00,-9.210973709355974037e-02
1.748388847548719482e+00,-2.799073932714075674e+00,-1.848741947140575270e-02
1.930789169348249734e+00,-1.889435282508444169e+00,2.555029502855787893e-02
2.114302045557947096e+00,-9.960017036606747531e-01,4.335485669413097209e-02
2.296219112151507424e+00,-1.351718914062395305e-01,4.114313234736932667e-02
2.473884181031500873e+00,6.780835519555802327e-01,2.696892874070516352e-02
2.644855348140453977e+00,1.431177362395950947e+00,9.444789136617837144e-03
2.807045924537002968e+00,2.114606030790291413e+00,-3.553845113754450225e-03
2.958812728390372904e+00,2.722240602816617727e+00,-5.945865363790103775e-03
3.098991855795151906e+00,3.251244349660496358e+00,5.934973102242058207e-03
3.226897983501488820e+00,3.701765285566857244e+00,3.325266657404846171e-02
3.342297021230971055e+00,4.076511474878373065e+00,7.507282814261706516e-02
3.445355257960054818e+00,4.380246668091433371e+00,1.289958158019295364e-01
3.536572668454576629e+00,4.619248538082461053e+00,1.916194666280019998e-01
3.616714102252774232e+00,4.800801515682597831e+00,2.586935953250951714e-01
3.686748588949713135e+00,4.932765640898692183e+00,3.253356783685329989e-01
3.747795054056388242e+00,5.023197569997512879e+00,3.867084952763817918e-01
3.801062066154178964e+00,5.079978919298894446e+00,4.388877714498879978e-01
3.847771703316908543e+00,5.110444653190011621e+00,4.791816031004369481e-01
3.889078146232563871e+00,5.121064303844454102e+00,5.057323056989243559e-01
3.926013679452807992e+00,5.117272844180371649e+00,5.171494379812497932e-01
3.959486352710006596e+00,5.103513971394679771e+00,5.128378350575920619e-01
3.990309522370950823e+00,5.083417712116256482e+00,4.936445894451046978e-01
4.019211674004036894e+00,5.059918997152379916e+00,4.619190767031688405e-01
4.046802783850515617e+00,5.035217282193487520e+00,4.207813870780496290e-01
4.073532249626163448e+00,5.010703086908221415e+00,3.732961332721357883e-01
4.099685530960389457e+00,4.987031388695941203e+00,3.221664141838331274e-01
4.125418437207986067e+00,4.964327881297263545e+00,2.698047071332654867e-01
4.150792758651299152e+00,4.942370600216682064e+00,2.183314260447082877e-01
4.175798840394231881e+00,4.920691890055444162e+00,1.694452136260647390e-01
4.200378643281236890e+00,4.898676031128223585e+00,1.244224329936459705e-01
4.224448268197174450e+00,4.875664773231195070e+00,8.427886996284161825e-02
4.247903305685767350e+00,4.851000171767780422e+00,4.984732227337802801e-02
4.270620397273812152e+00,4.824047787120166575e+00,2.169243404279276588e-02
4.292493276591624607e+00,4.794352489832935937e+00,8.654988201443891693e-05
4.313495481127608500e+00,4.761894359008874034e+00,-1.484247113241861371e-02
4.333698968961280151e+00,4.727143492264842095e+00,-2.304271765727156779e-02
4.353206023538369607e+00,4.690725788367677396e+00,-2.478675474180432742e-02
4.372052263610612499e+00,4.652955494018510940e+00,-2.103176704815126752e-02
4.390173687861426366e+00,4.613670166921262528e+00,-1.345580815404619213e-02
4.407447867119194562e+00,4.572438613740614777e+00,-4.078114728366485919e-03
4.423735145189913176e+00,4.528786412925411398e+00,5.186041410913111438e-03
4.438875648110997219e+00,4.482175557495017060e+00,1.274105682600082390e-02
4.452688697005395824e+00,4.431926670156874692e+00,1.740309473229001425e-02
4.465033126745413306e+00,4.377415589758799186e+00,1.859106377105881891e-02
4.475899395975373452e+00,4.318494033260421361e+00,1.653041356910389670e-02
4.485442419304286332e+00,4.255716363845474248e+00,1.217556790847015846e-02
4.493916210315200388e+00,4.190117057944192425e+00,6.800752894091988132e-03
4.501569048874284995e+00,4.122755135511960489e+00,1.555679274988785998e-03
4.508581267026926298e+00,4.054424025414872901e+00,-2.745539512732139698e-03
4.515066659263077042e+00,3.985667001538891974e+00,-5.634570284386727912e-03
4.521100750679796221e+00,3.916931895899121940e+00,-6.966919687613856715e-03
4.526738406995250763e+00,3.848666276086925020e+00,-6.918831975337366713e-03
4.532011987601199721e+00,3.781306670464342545e+00,-5.951919366188579419e-03
4.536919578918262808e+00,3.715222782253154055e+00,-4.731246966262120379e-03
4.541416800440826407e+00,3.650674663952203414e+00,-4.022967003150704213e-03
4.545422936895748833e+00,3.587796564868630078e+00,-4.573446469791589419e-03
4.548841137022800574e+00,3.526597995722728918e+00,-6.973592889967669683e-03
4.551578215887768231e+00,3.466983515521286030e+00,-1.156319087818423463e-02
4.553548690871044968e+00,3.408806593830416176e+00,-1.843471127621941485e-02
4.554664007058965680e+00,3.351946910740107199e+00,-2.752470219575749166e-02
4.554822564252654971e+00,3.296354395330729048e+00,-3.871859706375378740e-02
4.553910904192597364e+00,3.242015030453631041e+00,-5.190113960658375436e-02
4.551807911673006579e+00,3.188872311009812055e+00,-6.693741576616681066e-02
4.548376606064803873e+00,3.136783310345397702e+00,-8.362614396251796811e-02
4.543443779394484849e+00,3.085537128345564373e+00,-1.016884714194373207e-01
4.536787498124917661e+00,3.034892559225627728e+00,-1.208153747351445040e-01
4.528148655000025613e+00,2.984594877277609193e+00,-1.407298397266177337e-01
4.517257979036550353e+00,2.934384242489285199e+00,-1.612031093583302654e-01
4.503857127403702698e+00,2.884030498065906389e+00,-1.820118988450272757e-01
4.487707508984187577e+00,2.833404588582952854e+00,-2.028751750981939161e-01
4.468596795303906077e+00,2.782557229221623629e+00,-2.234240469892099235e-01
4.446343999446241035e+00,2.731743695194600363e+00,-2.432392072063328525e-01
4.420788190407953344e+00,2.681341719213244712e+00,-2.619410006641233468e-01
4.391757832129616901e+00,2.631688586037953748e+00,-2.792660211271544846e-01
4.359046788233195358e+00,2.582957350660905149e+00,-2.950750191422095159e-01
4.322423836461795510e+00,2.535176350135102563e+00,-3.093084350994768639e-01
4.281666499082529498e+00,2.488355171226241946e+00,-3.219431659713480331e-01
4.236583553016155967e+00,2.442570499468798673e+00,-3.329692680635244484e-01
4.187007555539593362e+00,2.397918641543080209e+00,-3.423789216915212874e-01
4.132772398145365678e+00,2.354385239204571434e+00,-3.501815027052933571e-01
4.073697728011717700e+00,2.311745089989253099e+00,-3.564537847309612872e-01
4.009582809627271871e+00,2.269540670972820529e+00,-3.613801575292900914e-01
3.940200286122033546e+00,2.227105333314222779e+00,-3.652302691290183478e-01
3.865288712901092438e+00,2.183589486083964193e+00,-3.682924971507733347e-01
3.784553237720334806e+00,2.137987100009369978e+00,-3.708216628789620106e-01
3.697678464322197822e+00,2.089171305168483261e+00,-3.730100238268431179e-01
3.604343778101948725e+00,2.035926346717472413e+00,-3.749449014209522701e-01
3.504230733981689383e+00,1.976962595327549366e+00,-3.765474812778818459e-01
3.397027023913256727e+00,1.910935640666227897e+00,-3.775346583036089387e-01
3.282437539892383072e+00,1.836505951705234896e+00,-3.774399109220814563e-01
3.160200183747077674e+00,1.752438903567600459e+00,-3.756917019253521173e-01
3.030101372904193457e+00,1.657704083351428714e+00,-3.717187436622381713e-01
2.892005433356953592e+00,1.551543748506119202e+00,-3.650369153761789387e-01
2.745908873429272479e+00,1.433517502217843020e+00,-3.552849168368840682e-01
2.591990321603116598e+00,1.303535620097478587e+00,-3.422185557003252776e-01
2.430626036001318990e+00,1.161878471947769054e+00,-3.256989731376734309e-01
2.262411158538153000e+00,1.009210932068074218e+00,-3.056846431143923626e-01
2.088246800891478294e+00,8.466162982517088098e-01,-2.822116949623140192e-01
1.909442502584912660e+00,6.756434353966100925e-01,-2.553741767318490341e-01
1.727703231004543483e+00,4.983239540546976487e-01,-2.253513084643829212e-01
1.544988181782749548e+00,3.171485420630416052e-01,-1.925020551472091945e-01
1.363390644958271336e+00,1.350501176431190553e-01,-1.574769766694358308e-01
1.185127872302914831e+00,-4.457702640881160139e-02,-1.212672220173013904e-01
1.012531753071653551e+00,-2.178612885413716560e-01,-8.515845556050431753e-02
8.479164309604011462e-01,-3.804809685138995645e-01,-5.062643829661352124e-02
6.933877366549423549e-01,-5.277124260174214099e-01,-1.921883194634553885e-02
5.507435056201337442e-01,-6.544683102446176015e-01,7.576622243616538271e-03
4.214803152328943647e-01,-7.553651709385895696e-01,2.848081391818199637e-02
3.068053193155986236e-01,-8.249388829058704742e-01,4.254498690286163953e-02
2.076066679740177778e-01,-8.582159322699269843e-01,4.922644756284857981e-02
1.244229370460339379e-01,-8.520050333369145745e-01,4.851461094143109942e-02
5.743723006181797319e-02,-8.074817107218752454e-01,4.121660621722464390e-02
6.469165211982291774e-03,-7.329261562795934548e-01,2.922420305747065045e-02
-2.906337764494257292e-02,-6.422643550848233795e-01,1.527891157219429114e-02
-5.018993495257834114e-02,-5.489274119039455613e-01,2.238078891561193912e-03
-5.839557871811434930e-02,-4.615321530697256702e-01,-7.504563018284253137e-03
-5.558120984126602160e-02,-3.841585743358801319e-01,-1.222077719621395865e-02
-4.397271312542891386e-02,-3.180537954168217163e-01,-1.095730831173832853e-02
-2.597803378772894911e-02,-2.629491758370764987e-01,-3.628042304140230087e-03
-4.027563192159827610e-03,-2.179030405089045774e-01,9.032061651314426953e-03
1.956458446007083851e-02,-1.816572713243869153e-01,2.570771191487736251e-02
4.271463245803447384e-02,-1.528151921697755988e-01,4.484360669149816542e-02
6.367071447098274217e-02,-1.300244890346514692e-01,6.492248191406932434e-02
8.109779329226002309e-02,-1.120687144301950461e-01,8.462207431173501826e-02
9.412139880372413780e-02,-9.786156464017239931e-02,1.028877343228257191e-01
1.023174875718754206e-01,-8.643384472825420273e-02,1.189448617522353008e-01
1.056691808251084830e-01,-7.693579486840659842e-02,1.322606202688604571e-01
1.045139532335611632e-01,-6.866045570474189896e-02,1.424865283964353579e-01
9.947814984195485488e-02,-6.110222097494206334e-02,1.494222572225687440e-01
9.139418798976156610e-02,-5.401154478649405899e-02,1.530152041134284768e-01
8.120786612471808663e-02,-4.737020464007488801e-02,1.533773046842886179e-01
6.987453912374448628e-02,-4.128029193228847232e-02,1.507922832299464500e-01
5.825239811183713368e-02,-3.585166512858873472e-02,1.456897293684580874e-01
4.702728910559718367e-02,-3.114885391643756538e-02,1.385788333068188605e-01
3.669146749564569654e-02,-2.718642128753191375e-02,1.299712470303168166e-01
2.756366996585830897e-02,-2.394292261554649762e-02,1.203317038554669594e-01
1.982299833546449785e-02,-2.136595830452901051e-02,1.100654538608973054e-01
1.353739355891763613e-02,-1.936844464985383249e-02,9.952260468672585736e-02
8.683864861766379950e-03,-1.784176935713667825e-02,8.900008632334673042e-02
5.167704954719222477e-03,-1.667714898527295972e-02,7.874391639407081478e-02
2.844755593864170540e-03,-1.577108503263440278e-02,6.895523904443291718e-02
1.542946740456060950e-03,-1.502741954729851052e-02,5.978566347567293437e-02
1.078866720997155582e-03,-1.436901711637710369e-02,5.131847726675056731e-02
1.267895344575227512e-03,-1.374291013712428469e-02,4.356359158971273571e-02
1.927562257136028467e-03,-1.311281554096269814e-02,3.648703858198616701e-02
2.878827693818787614e-03,-1.245495257171046199e-02,3.005249573475873848e-02
3.952794486675400426e-03,-1.175652871347450390e-02,2.424078023890126332e-02
5.001767970587541606e-03,-1.100832292739515120e-02,1.904496183991145897e-02
5.906824133977979507e-03,-1.020345896226007923e-02,1.446058531066642117e-02
6.579289752911169492e-03,-9.343864728705375891e-03,1.048178757764916397e-02
6.959354507653673499e-03,-8.439296884944713639e-03,7.098786387721899016e-03
7.014986157143601048e-03,-7.501589817045220890e-03,4.293542479478808238e-03
6.741674779111585594e-03,-6.544047819713854838e-03,2.039245303950495275e-03
6.161114711127587892e-03,-5.582867669589940823e-03,3.057372830449628376e-04
5.317514871688360997e-03,-4.635457266458735230e-03,-9.364947645455201641e-04
4.272289575010787543e-03,-3.717039099764425994e-03,-1.719434625282290074e-03
3.097838800176541674e-03,-2.838013902469338316e-03,-2.083713536661653543e-03
1.870645443405773677e-03,-2.003280712766638324e-03,-2.081128621079307572e-03
6.647582472066706008e-04,-1.214369724200508021e-03,-1.772154142755912737e-03
-4.537479655775293955e-04,-4.716862234132954829e-04,-1.221870066187284720e-03
-1.431750254647306143e-03,2.258395132269692008e-04,-4.976320128296362472e-04
-2.232367319263935460e-03,8.803814821890011428e-04,3.317188987693817787e-04
-2.834737449009232940e-03,1.491900574915264914e-03,1.196934381977727418e-03
-3.231187847142684075e-03,2.055495164836457916e-03,2.030281424439286768e-03
-3.424749384308018937e-03,2.562182587753804482e-03,2.768667826200701433e-03
-3.428682437356577774e-03,3.002283321320990336e-03,3.358297075833089479e-03
-3.266338669152285372e-03,3.369145940824512086e-03,3.758484059515104954e-03
-2.968537918215696444e-03,3.660679972339854482e-03,3.942076950782282853e-03
-2.569836042177538193e-03,3.877944028071682921e-03,3.894985974110374942e-03
-2.107479479874395205e-03,4.022747729934810640e-03,3.618466644045138271e-03
-1.620763567600465652e-03,4.096454946374216213e-03,3.131303900232587038e-03
-1.144588386126057546e-03,4.100002353212556586e-03,2.465921937668688613e-03
-6.995277396794467341e-04,4.034451577924599332e-03,1.659612992448290195e-03
-2.888667333777183988e-04,3.902772263644951889e-03,7.493605160664210639e-04
9.389677556769469857e-05,3.712801178992917225e-03,-2.258517188428858270e-04
4.553890945513117128e-04,3.478777497583419084e-03,-1.221432850827234348e-03
7.983192228607129820e-04,3.219373504931789722e-03,-2.188921674934980223e-03
1.121817758866352349e-03,2.953586632005927425e-03,-3.081896232992310108e-03
1.422593856012792542e-03,2.697935375229624979e-03,-3.861851914590744197e-03
1.697194747699572355e-03,2.466536741269286914e-03,-4.502179367428039633e-03
1.943190713798752765e-03,2.271378143817276776e-03,-4.987737077604297888e-03
2.152846100735366155e-03,2.120505194442188004e-03,-5.308094269374953079e-03
2.303177459419271725e-03,2.016251941421617032e-03,-5.450192058140143278e-03
2.360341368249369541e-03,1.954450572503089144e-03,-5.399906746941534989e-03
2.304896778238454437e-03,1.923408153193906928e-03,-5.153642113582913853e-03
2.155859555155074242e-03,1.904211040605950297e-03,-4.729475043337734788e-03
1.966266043115070042e-03,1.874220205905784836e-03,-4.165555456566920160e-03
1.791378398994764032e-03,1.812803279874774381e-03,-3.506182422893219623e-03
1.658489264840617289e-03,1.706308871948864804e-03,-2.790133644698940263e-03
1.563000595338242399e-03,1.549152435812471869e-03,-2.052786502774674345e-03
1.487048435801726666e-03,1.341577256565556174e-03,-1.336431617730437019e-03
1.417897062124039848e-03,1.088250464790772518e-03,-6.931119183026697439e-04
1.351063025877270382e-03,7.992441025198044474e-04,-1.735452226573844930e-04
1.283021060772354671e-03,4.898955127818037381e-04,1.872795920456298002e-04
1.206873254728306824e-03,1.783784484512430241e-04,3.724655231200618005e-04
1.115973782689525309e-03,-1.149752073103024047e-04,3.724444455367736939e-04
1.007640326386775864e-03,-3.673805482816809576e-04,1.781273277717404513e-04
8.782241664828435018e-04,-5.588408411280037374e-04,-2.095718620276996319e-04
7.149478468268608694e-04,-6.817344559106857521e-04,-7.663064804823357945e-04
4.981924485045734902e-04,-7.442977404803711311e-04,-1.447985720168364770e-03
2.150614009653380870e-04,-7.631324434903656584e-04,-2.211002942817083192e-03
-1.299164924263799398e-04,-7.520694544040779084e-04,-3.028731673996554533e-03
-5.164545674092718697e-04,-7.167054350666682283e-04,-3.891884230515485141e-03
-9.176383184542162563e-04,-6.554413446477561772e-04,-4.800236354213439222e-03
-1.308051734476393946e-03,-5.625481244835237038e-04,-5.757186887044114451e-03
-1.670615311030781286e-03,-4.338969248775768894e-04,-6.764770696003796074e-03
-2.005829179608812837e-03,-2.768083632347789758e-04,-7.813327354604451824e-03
-2.338626035874657311e-03,-1.153226534068366171e-04,-8.875056255033590691e-03
-2.712337851044592865e-03,1.751083808169615064e-05,-9.912872025050404115e-03
-3.171625632836311964e-03,9.345822742217943513e-05,-1.089790897389674058e-02
-3.749622158097081631e-03,9.488855610778265670e-05,-1.181962447738748451e-02
-4.467193847810198293e-03,1.013425127834380324e-05,-1.268364909960574896e-02
-5.337089812667365415e-03,-1.711899230034188979e-04,-1.350499574678014000e-02
-6.364527121000204679e-03,-4.566025546139419744e-04,-1.430280272889063176e-02
-7.544317516420075143e-03,-8.458785934941231988e-04,-1.509740153096194443e-02
-8.858712966487127666e-03,-1.328871514779769725e-03,-1.590854957936562245e-02
-1.027751749654816360e-02,-1.888970191459726777e-03,-1.675342164761714145e-02
-1.175887455448054036e-02,-2.507295419553925986e-03,-1.764483935462642095e-02
-1.325159097944615325e-02,-3.163877147408671042e-03,-1.858994563123403387e-02
-1.470590092845150409e-02,-3.839427148682246493e-03,-1.958999145464548203e-02
-1.609485940199690754e-02,-4.518509119142907760e-03,-2.064416573878508770e-02
-1.743143287401732397e-02,-5.190485405397030072e-03,-2.175538408600270063e-02
-1.876206771109407284e-02,-5.848209490180493464e-03,-2.293072286253265007e-02
-2.013646391959304782e-02,-6.487691226282295276e-03,-2.417451897863309024e-02
-2.157349005304342454e-02,-7.109381151585235370e-03,-2.547989548140219829e-02
-2.304607838705779316e-02,-7.719765453342214423e-03,-2.682400616386167863e-02
-2.449327867849161733e-02,-8.330484986689479232e-03,-2.816910486455896645e-02
-2.584957849444972922e-02,-8.952849579112909240e-03,-2.946962067089473752e-02
-2.707636373125348050e-02,-9.594240659554761907e-03,-3.068089028821568975e-02
-2.818223306329314948e-02,-1.026086877645392137e-02,-3.176599570287877428e-02
-2.921739040504758855e-02,-1.095986666953155386e-02,-3.269998422007331512e-02
-3.023764445505011667e-02,-1.169770098613792664e-02,-3.346771487616508750e-02
-3.126329011930477353e-02,-1.248029761233930557e-02,-3.405645361354016354e-02
-3.227163618570436099e-02,-1.331484116741062096e-02,-3.445518371449493578e-02
-3.322970540490643304e-02,-1.420730865890119932e-02,-3.466697794754572404e-02
-3.413067062436848237e-02,-1.515779058453380068e-02,-3.472259503011249082e-02
-3.499673504185858708e-02,-1.616063841625293984e-02,-3.467989409611597906e-02
-3.585054028976595447e-02,-1.720821163319448399e-02,-3.460735107356642526e-02
-3.669240331068281818e-02,-1.829391392281848328e-02,-3.456404113893372931e-02
-3.751131336217487788e-02,-1.941327084804223002e-02,-3.459145468400865592e-02
-3.831275116971107064e-02,-2.056136319574738969e-02,-3.471887937694511511e-02
-3.912775403349345871e-02,-2.172823931995060409e-02,-3.496978022429727412e-02
-3.999743211885205263e-02,-2.289762625922511785e-02,-3.536103733363121088e-02
-4.095491011511963320e-02,-2.404911111981020144e-02,-3.589890001416669307e-02
-4.201837003651695546e-02,-2.516180790341412954e-02,-3.657796224689804920e-02
-4.318822381049823578e-02,-2.622045486991284036e-02,-3.738377842952222974e-02
-4.444228483242698702e-02,-2.721899151732068423e-02,-3.829460881055553323e-02
-4.574005193611281606e-02,-2.815567399571539120e-02,-3.928143078488921525e-02
-4.704382411391931640e-02,-2.902935011212942618e-02,-4.031283451188043265e-02
-4.833952891888298325e-02,-2.984482207059085956e-02,-4.136569872786508006e-02
-4.963842094933528654e-02,-3.061681071319327652e-02,-4.243138088615222570e-02
-5.096430243669697324e-02,-3.137161237465047048e-02,-4.351337648247427525e-02
-5.234160171960658414e-02,-3.215220694793985423e-02,-4.462330375033175811e-02
-5.379194709695628296e-02,-3.301461996345017580e-02,-4.577695243039305029e-02
-5.533479173761790548e-02,-3.402123012655405843e-02,-4.698420279385663589e-02
-5.698450121782441813e-02,-3.524954805436875116e-02,-4.822868229586840805e-02
-5.874631337074387449e-02,-3.679564699581716614e-02,-4.944695978675278658e-02
-6.061650672882547275e-02,-3.875151425078354750e-02,-5.053157489784623757e-02
-6.258442304477153384e-02,-4.117703500413039119e-02,-5.136449576647222903e-02
-6.463427106644673015e-02,-4.408908754282520048e-02,-5.185140793738934883e-02
-6.674794587170507221e-02,-4.747024985911263428e-02,-5.192844924931529216e-02
-6.890693895328467433e-02,-5.129190217414408837e-02,-5.154925806719808101e-02
-7.109438023475544988e-02,-5.553454223141157664e-02,-5.067767739323598974e-02
-7.330221735107722569e-02,-6.019299678051981406e-02,-4.929383502393064331e-02
-7.553808124341032659e-02,-6.528395999091834989e-02,-4.739950421912619838e-02
-7.782359721058884627e-02,-7.085588975877032958e-02,-4.500995892095061013e-02
-8.019108811586020402e-02,-7.698488401246600388e-02,-4.214301341607695761e-02
-8.268832308424706179e-02,-8.377789200867352681e-02,-3.882334956764650624e-02
-8.538580711787835398e-02,-9.137531571666351882e-02,-3.509496498959097793e-02
-8.837239818929737423e-02,-9.991001140217298238e-02,-3.102225649677045616e-02
-9.173618141402001269e-02,-1.094562182349256840e-01,-2.667868148033451792e-02
-9.554575345064131309e-02,-1.200194473177220722e-01,-2.213658067738020346e-02
-9.984069351194435615e-02,-1.315462014939381419e-01,-1.746640800663270751e-02
-1.046171745960092769e-01,-1.439435829763776598e-01,-1.274085076255682299e-02
-1.098033261009870309e-01,-1.571075914932635875e-01,-8.039470591210741771e-03
-1.152482192408572081e-01,-1.709165086942838752e-01,-3.462137366328246063e-03
-1.207394731869519955e-01,-1.852083167401799013e-01,8.468100546840176546e-04
-1.260241727238025078e-01,-1.997899504083829880e-01,4.684335062164375618e-03
-1.307986889681465037e-01,-2.144174275980813560e-01,7.801216399762792020e-03
-1.346698108015185191e-01,-2.287256805398331094e-01,9.931342240065921256e-03
-1.371205911188757565e-01,-2.422091234110644864e-01,1.081940338668926915e-02
-1.375021354965415554e-01,-2.542128143835074017e-01,1.024201438723230939e-02
-1.350459952368839867e-01,-2.638413995116775101e-01,8.028797473731377754e-03
-1.288931484990383236e-01,-2.699462261900434923e-01,4.085133214448685712e-03
-1.181448930603821168e-01,-2.712431125890488737e-01,-1.591768571017670997e-03
-1.019293932647952206e-01,-2.663741272218580480e-01,-8.897425653549506652e-03
-7.947794420638609747e-02,-2.540239555221618373e-01,-1.759166982911783417e-02
-5.021460029822266691e-02,-2.331678917786208505e-01,-2.728415940854232724e-02
-1.382883648296484580e-02,-2.031818687395384737e-01,-3.746933385632708613e-02
2.973769127312042571e-02,-1.638786604169942818e-01,-4.757947274329758780e-02
8.041363599772743953e-02,-1.155434198321779737e-01,-5.700270477511268363e-02
1.381608249980352809e-01,-5.869900692398799524e-02,-6.508683817069549349e-02
2.030927735836256520e-01,6.028344669953722423e-03,-7.118449817258708234e-02
2.755297537854433099e-01,7.739477643352665748e-02,-7.472794185124864708e-02
3.560113010558019209e-01,1.532327871084671056e-01,-7.529102514127880563e-02
4.452675861481614206e-01,2.310527243261030206e-01,-7.263609341278785825e-02
5.441278040328580978e-01,3.084574423694699252e-01,-6.673423733229569277e-02
6.533524617257009393e-01,3.830496913329596298e-01,-5.774503612405498809e-02
7.734232308783777210e-01,4.526488670657237146e-01,-4.598776480659369503e-02
9.043670858967702841e-01,5.155489684913237003e-01,-3.191994701804687362e-02
1.045660985658326547e+00,5.704055032615029663e-01,-1.610933613976681111e-02
1.196210186287884891e+00,6.160613892392585722e-01,8.065847776242418554e-04
1.354384670764022136e+00,6.514961397961016587e-01,1.818162486118585219e-02
1.518095814314564862e+00,6.758540980288277877e-01,3.544191509412988883e-02
1.684902645594241744e+00,6.885079369852060704e-01,5.215386596338875136e-02
1.852155661954073107e+00,6.891262617139749524e-01,6.802840870264903472e-02
2.017176769401930692e+00,6.777231942420247623e-01,8.284805553197469030e-02
2.177450272294895850e+00,6.546721122963182760e-01,9.637118724257343061e-02
2.330798381154124854e+00,6.206806146419494574e-01,1.082794122924676805e-01
2.475520563814771702e+00,5.767381617784349546e-01,1.181749914177990801e-01
2.610468169814244010e+00,5.240439254887130360e-01,1.256005737546865286e-01
2.735042576485914534e+00,4.639152873363859841e-01,1.300753664583750302e-01
2.849161749111190467e+00,3.976856449670339577e-01,1.311333994424073723e-01
2.953246697500031548e+00,3.266090703792251526e-01,1.283041820334813177e-01
3.048179967795276557e+00,2.517840970569381054e-01,1.210279423180246616e-01
3.135118195824814435e+00,1.741040818487374908e-01,1.086500309618079751e-01
3.215162499851626166e+00,9.424465349694824412e-02,9.065386567055289113e-02
3.289097868335583374e+00,1.268925518144256581e-02,6.704755321821717629e-02
3.357407799687651906e+00,-7.022978474267276006e-02,3.858941270096608034e-02
3.420492411057048265e+00,-1.542975018665147802e-01,6.657835350484669901e-03
3.478804043717246053e+00,-2.393791953157103913e-01,-2.707408141835318527e-02
3.532773622413540870e+00,-3.253600000603127373e-01,-6.087696841159587202e-02
3.582737824867124665e+00,-4.120963653317213926e-01,-9.310628524402794759e-02
3.629097855021431229e+00,-4.994566812242280940e-01,-1.224673222804756739e-01
3.672573446326839797e+00,-5.874507731814471168e-01,-1.484068399943127281e-01
3.714190981294412719e+00,-6.763163455708052219e-01,-1.712653027193551114e-01
3.754934118297834633e+00,-7.664425134499689429e-01,-1.919263238944370620e-01
3.795399124781052791e+00,-8.581877249870628610e-01,-2.112210659187105932e-01
3.835753647770556718e+00,-9.517560592215154047e-01,-2.295714822280331968e-01
3.875911167175768224e+00,-1.047194386023047707e+00,-2.470117008359669075e-01
3.915672413333456614e+00,-1.144435648765617319e+00,-2.633457486144106796e-01
3.954757510224146344e+00,-1.243313816141473183e+00,-2.782043775778513806e-01
3.992785071447312539e+00,-1.343533654765961316e+00,-2.909423353179568794e-01
4.029235199336427264e+00,-1.444604073039397418e+00,-3.004546191508379316e-01
4.063470186920333127e+00,-1.545808468034169048e+00,-3.051633865043780203e-01
4.094927616388384095e+00,-1.646346460581982640e+00,-3.034576564142844601e-01
4.123421384620536756e+00,-1.745644334640341189e+00,-2.944464469180957389e-01
4.149275324415699018e+00,-1.843592598250690440e+00,-2.784220382615049116e-01
4.173148496221434023e+00,-1.940502981784218761e+00,-2.566684657373077827e-01
4.195735690517282457e+00,-2.036877317037884438e+00,-2.309202541067240100e-01
4.217566119739270647e+00,-2.133193722516346202e+00,-2.028928392952885074e-01
4.238903944088024289e+00,-2.229735238971795930e+00,-1.738790184775363123e-01
4.259698970683222008e+00,-2.326428592658179362e+00,-1.443737398293984120e-01
4.279661926105186254e+00,-2.422832268523913424e+00,-1.140857195204661723e-01
4.298490225469082660e+00,-2.518384632995514405e+00,-8.255112784281304350e-02
4.316060881260378679e+00,-2.612702872199563764e+00,-4.983713202090055139e-02
4.332416969692401310e+00,-2.705631261842060820e+00,-1.666479154981251320e-02
4.347631407203581766e+00,-2.797074940016518241e+00,1.597374342033156328e-02
4.361746513848856921e+00,-2.886903729930515361e+00,4.710295538167146023e-02
4.374821932993651075e+00,-2.975017007216364195e+00,7.574614343746349787e-02
4.386973808507532269e+00,-3.061398460548951483e+00,1.009231407417951060e-01
4.398348596903462138e+00,-3.146054168415503227e+00,1.218495038545982789e-01
4.409081881292060245e+00,-3.228920619468064412e+00,1.381100223658508486e-01
4.419283058401374475e+00,-3.309829014933872493e+00,1.495979062229862433e-01
4.429034839896995202e+00,-3.388514827040126853e+00,1.563465197823516450e-01
4.438399486433468155e+00,-3.464678994960133096e+00,1.584858014327997777e-01
4.447438179293080829e+00,-3.538144003596237042e+00,1.563432336112719478e-01
4.456229456236513897e+00,-3.609041299583561013e+00,1.505183920681971155e-01
4.464861223370362175e+00,-3.677850880019757795e+00,1.418133861012657870e-01
4.473394836448925993e+00,-3.745217295221458187e+00,1.311151078339670151e-01
4.481819992681259635e+00,-3.811701631721715611e+00,1.194306964641615731e-01
4.490021845402389467e+00,-3.877681918955955709e+00,1.080724293796584690e-01
4.497788392968021576e+00,-3.943406846070613092e+00,9.867352044664851052e-02
4.504874294811198610e+00,-4.009030587459331940e+00,9.279862111585168716e-02
4.511080293495084881e+00,-4.074550674116855120e+00,9.143620642448799241e-02
4.516274653683782780e+00,-4.139772450898614231e+00,9.489605314298808769e-02
4.520350363819977346e+00,-4.204421132434874586e+00,1.031190543144649974e-01
4.523197012007742046e+00,-4.268328043726808296e+00,1.158582439574214473e-01
4.524729156773814154e+00,-4.331517632559277686e+00,1.325095931812361738e-01
4.524902606924913862e+00,-4.394126253627957723e+00,1.520855059907062767e-01
4.523649147676129800e+00,-4.456222794464098413e+00,1.737212714615280207e-01
4.520781688125738995e+00,-4.517647038704971862e+00,1.972534204930113111e-01
4.515976508940865664e+00,-4.577965210224706816e+00,2.231518039433918188e-01
4.508843393019378532e+00,-4.636565701743990076e+00,2.518837655340238624e-01
4.498995261838757642e+00,-4.692773941547779160e+00,2.834714410308584176e-01
4.486058126473960961e+00,-4.745821505018496644e+00,3.176293935263697632e-01
4.469650108824364310e+00,-4.794711843488142833e+00,3.540829464604464683e-01
4.449379875389109174e+00,-4.838249486189929449e+00,3.925604234371424806e-01
4.424871535397132405e+00,-4.875359509925102586e+00,4.324997003618346603e-01
4.395791470702269166e+00,-4.905432281314063836e+00,4.728655854538391101e-01
4.361856412031470676e+00,-4.928336499325792985e+00,5.122737679579564274e-01
4.322815069879483829e+00,-4.944116881124481999e+00,5.492822240692014635e-01
4.278407973104082274e+00,-4.952720208527018997e+00,5.826621946147685360e-01
4.228328512344591061e+00,-4.953953055581179932e+00,6.115810651537281206e-01
4.172218356024099961e+00,-4.947540323363022630e+00,6.356425187509451291e-01
4.109707855641314467e+00,-4.933107996022322972e+00,6.547187641747793663e-01
4.040468739431284817e+00,-4.910126081125687492e+00,6.686845014348729022e-01
3.964232755838197342e+00,-4.877936729849275288e+00,6.773261649059079126e-01
3.880767952670710841e+00,-4.835854269055255727e+00,6.805126592011061515e-01
3.789845098058912676e+00,-4.783202646764954657e+00,6.783906029536401761e-01
3.691217690651311667e+00,-4.719213318344119834e+00,6.714173849277077499e-01
3.584607728718607333e+00,-4.642846527224393505e+00,6.603449616741675632e-01
3.469695064528234507e+00,-4.552662448795642192e+00,6.462403235017352143e-01
3.346133537877653108e+00,-4.446797269781020745e+00,6.303470527870580487e-01
3.213601275563008119e+00,-4.322968003673782533e+00,6.136832168487751371e-01
3.071852976186679296e+00,-4.178413371263520304e+00,5.966815843096918703e-01
2.920751313028045804e+00,-4.009845621139496608e+00,5.791784546227081165e-01
2.760302621884321184e+00,-3.813616750181282988e+00,5.605932056209170788e-01
2.590724304025565417e+00,-3.586146140087319356e+00,5.399888645597230585e-01
2.412520507742063725e+00,-3.324382593948300268e+00,5.160762603843813690e-01
2.226524967565727042e+00,-3.026069625960156717e+00,4.874051019599781043e-01
2.033914187085517966e+00,-2.689843266817738332e+00,4.526504753285841010e-01
1.836226510688993674e+00,-2.315335637496508614e+00,4.106801586399092541e-01
1.635397548775950449e+00,-1.903355678641928339e+00,3.604084592541194065e-01
1.433787693599752222e+00,-1.456112591957986258e+00,3.007977222686924468e-01
1.234178603958251408e+00,-9.774366158595715337e-01,2.311832860749389318e-01
1.039733206331249438e+00,-4.728977553590724692e-01,1.516362359561377882e-01
8.539234134064451753e-01,5.031912253953627068e-02,6.299621773907176925e-02
6.804386452003691188e-01,5.837643800858842713e-01,-3.340075791733315702e-02
5.230932116269917387e-01,1.118084976334234426e+00,-1.359386852840217541e-01
3.857342660926002531e-01,1.643295721294317557e+00,-2.426453162950957532e-01
2.721313363958063336e-01,2.149126562313083522e+00,-3.509490320880695458e-01
1.858388884691927201e-01,2.625552510573248899e+00,-4.575072619488708137e-01
1.300524836314407295e-01,3.063268630775169310e+00,-5.581324158816995951e-01
1.074795818692912963e-01,3.453813737133165862e+00,-6.477119692898978265e-01
1.202154884580889371e-01,3.789445840831793699e+00,-7.202366016070073096e-01
1.696017805514377641e-01,4.063221183563023864e+00,-7.693067741057025843e-01
2.560700670227147868e-01,4.269606191199861733e+00,-7.893050691754509574e-01
3.790008822619464479e-01,4.405526894674395066e+00,-7.768376161956430659e-01
5.366176282144972109e-01,4.471413904082606194e+00,-7.316544539909017875e-01
7.259000658752334800e-01,4.471717440371209662e+00,-6.565140183288016296e-01
9.424800605551567623e-01,4.414570016673437181e+00,-5.561564778344065818e-01
1.180490080094189542e+00,4.310662738989902820e+00,-4.360760472857185821e-01
1.432352664193719871e+00,4.171705912185876386e+00,-3.017419064718152577e-01
1.688505434921800497e+00,4.008871188729840718e+00,-1.584448480586806984e-01
1.937057718541527418e+00,3.831495914606592557e+00,-1.148345602685529876e-02
2.163388572405525956e+00,3.646274317219414751e+00,1.337170984408718177e-01
2.349714997662422089e+00,3.457082521813535259e+00,2.717697965862241327e-01
2.474661297530702964e+00,3.265369831001432743e+00,3.977730750796626968e-01
2.512850882897772031e+00,3.070908962900773531e+00,5.079672794483340859e-01
2.434554080597340686e+00,2.872801399871655725e+00,6.004889446156684851e-01
2.205470471537117838e+00,2.670657114133281773e+00,6.759827507501853239e-01
1.786885832322564926e+00,2.465545028931789950e+00,7.377380698473485765e-01
1.136436891232817770e+00,2.260101021039938374e+00,7.911841162412838191e-01
2.088966978165754385e-01,2.057619149726960028e+00,8.429637899816123658e-01
-1.043629051171785616e+00,1.860679648954764565e+00,9.000033702789963508e-01
-2.670219745218800345e+00,1.670077180304840425e+00,9.687524700732238481e-01
-4.716476219064027475e+00,1.484422476342773800e+00,1.054555344768720371e+00
-7.220295596509642699e+00,1.300457567519571089e+00,1.161349150657929430e+00
-1.021171157469085067e+01,1.114104287028995222e+00,1.291891905778838723e+00
-1.371009698846461156e+01,9.220160362327998183e-01,1.448024826641576945e+00
-1.771201710778909444e+01,7.227743317308350512e-01,1.630337396180872034e+00
-2.218068854944425183e+01,5.168707513255021979e-01,1.837731245708414285e+00
-2.704809426439702236e+01,3.058252608110550996e-01,2.067620698018776348e+00
-3.221230738936170468e+01,9.173585362420977329e-02,2.315815270164043760e+00
-3.751259936684456164e+01,-1.223944182729266306e-01,2.574927131981791906e+00
-4.271026398509662414e+01,-3.327035969190131892e-01,2.832895026250166648e+00
-4.750322009006298174e+01,-5.354472510833092613e-01,3.073453381235104143e+00
-5.152925991699802211e+01,-7.276342942354774301e-01,3.275942228707243942e+00
-5.431291702329502868e+01,-9.064263370057775715e-01,3.411731651278939736e+00
-5.525207622160890963e+01,-1.068539587728894569e+00,3.443284888995952642e+00
-5.525095665774303200e+01,-1.224897780125163482e+00,3.416909262242807888e+00
-5.524985511473531830e+01,-1.380878196763587917e+00,3.390593680452251846e+00
