-9.400718386467632470e-02,-5.975976230653182952e+00,6.841522602088550009e-01
-6.867615476722321866e-02,-6.101457116003258463e+00,6.901826110480875354e-01
-4.825924233193956692e-02,-6.208850689692017255e+00,6.896839437593773603e-01
-3.267643453121071850e-02,-6.302385221588068021e+00,6.858661237855070425e-01
-1.797481509720699755e-02,-6.387776795575673461e+00,6.843213850609032312e-01
-4.214332728750935786e-03,-6.468429830634403466e+00,6.907005846837981355e-01
6.868064840046206321e-03,-6.546090124081758610e+00,7.092815583294341808e-01
1.617615671291539048e-02,-6.623360342009096513e+00,7.432093411978651920e-01
2.558936665868138949e-02,-6.703074984755301280e+00,7.949953962856959322e-01
3.528487224697551827e-02,-6.786497200871173696e+00,8.666990509398869724e-01
4.481072398030450099e-02,-6.873907412921682614e+00,9.602559175183144058e-01
5.476180104584194019e-02,-6.966119597701675659e+00,1.077690381599684333e+00
6.607781481370511578e-02,-7.064242300730155577e+00,1.220363752339030494e+00
7.895078229303920114e-02,-7.168583229385699696e+00,1.387530164345973649e+00
9.321412917447957636e-02,-7.278614794582470182e+00,1.575678854386843852e+00
1.090227129744660850e-01,-7.393630687341929075e+00,1.779519230388296069e+00
1.266887179465426838e-01,-7.512961819177479406e+00,1.993771736000755634e+00
1.463212313680605225e-01,-7.635834413377008190e+00,2.214230161952488452e+00
1.678958554207604648e-01,-7.761322674927371601e+00,2.437440450764437383e+00
1.914393062657745448e-01,-7.888314773419828896e+00,2.659611136648734053e+00
2.170252508717391837e-01,-8.015419187560290482e+00,2.875815436757620969e+00
2.447018488367841416e-01,-8.141002608167081434e+00,3.080086978486054949e+00
2.744733818824640625e-01,-8.263395819288660960e+00,3.266352949484307988e+00
3.063197931201712132e-01,-8.381095493664577845e+00,3.429751931255318187e+00
3.402202152671005564e-01,-8.492841442149778430e+00,3.567695369259970217e+00
3.761572356369632386e-01,-8.597584874520778797e+00,3.680083706484321482e+00
4.140933038730956195e-01,-8.694427386722221485e+00,3.768565506597715054e+00
4.539380660353686814e-01,-8.782567480306324725e+00,3.835358338321584348e+00
4.955331894942721638e-01,-8.861222363555688375e+00,3.882303739926579844e+00
5.386576936000108118e-01,-8.929519824938552119e+00,3.910374133468416780e+00
5.830317362552948079e-01,-8.986439737458326249e+00,3.919385123135034732e+00
6.283039695082028864e-01,-9.030865562563905158e+00,3.907699569330128853e+00
6.740381081791471107e-01,-9.061661913423677106e+00,3.872016002151309255e+00
7.197267024603357655e-01,-9.077625471873080443e+00,3.807407011338294733e+00
7.648352377947202907e-01,-9.077319772500917594e+00,3.707613189316203428e+00
8.088520225366211402e-01,-9.059047849503528482e+00,3.565681966867933816e+00
8.513332816214242982e-01,-9.021199044570527903e+00,3.375413985958064966e+00
8.919678500012093725e-01,-8.962813794654191923e+00,3.133839206886226414e+00
9.306704350832928352e-01,-8.883808415140615367e+00,2.843505523661372880e+00
9.676440825697369963e-01,-8.784439738749222570e+00,2.512268844248465971e+00
1.003336186214742298e+00,-8.664322176584192903e+00,2.149909388722244685e+00
1.038306345221326366e+00,-8.521914006564715649e+00,1.764397317773541030e+00
1.073117136108379333e+00,-8.355076587513284636e+00,1.361542460975442514e+00
1.108315798960800569e+00,-8.162286910369736859e+00,9.481005480621205184e-01
1.144453044389558416e+00,-7.943480994245000204e+00,5.345034797989940412e-01
1.182056122766069528e+00,-7.699989952295772433e+00,1.342578714357145764e-01
1.221561480632781915e+00,-7.433934037711249943e+00,-2.388637634296634227e-01
1.263273894473959880e+00,-7.147700998205808176e+00,-5.730045519548337962e-01
1.307377909412658079e+00,-6.843691802376227429e+00,-8.589089799084552723e-01
1.353969839564709288e+00,-6.524154469096757225e+00,-1.090087150878245925e+00
1.403085433955904682e+00,-6.191026932450443887e+00,-1.262916562936376774e+00
1.454730392494476332e+00,-5.845879835571983207e+00,-1.376248630666578432e+00
1.508917841593974352e+00,-5.489951240342128003e+00,-1.430624269639515056e+00
1.565694384335354350e+00,-5.124133526932011407e+00,-1.427933760242332095e+00
1.625134887002336548e+00,-4.748907540208668010e+00,-1.371783585675805828e+00
1.687306458734730619e+00,-4.364419499841369898e+00,-1.267822942456724222e+00
1.752225890256191576e+00,-3.970775829284511005e+00,-1.123373101885917880e+00
1.819846005822701063e+00,-3.568298533960533536e+00,-9.466445849369031773e-01
1.890082871139710186e+00,-3.157469725343689859e+00,-7.462261401696579366e-01
1.962844093544849233e+00,-2.738719639143460061e+00,-5.309755200578917256e-01
2.038003045124706869e+00,-2.312481970069169002e+00,-3.098476608118362341e-01
2.115325539925801301e+00,-1.879599809182403103e+00,-9.133375549968492102e-02
2.194422839734596398e+00,-1.441668744104032340e+00,1.172671705512480789e-01
2.274780087193390532e+00,-1.000967013733947031e+00,3.103347716595066252e-01
2.355822540230289253e+00,-5.601188687445708414e-01,4.840581544887671561e-01
2.436953444531852586e+00,-1.218339214625019928e-01,6.363340777038625218e-01
2.517555237072889529e+00,3.112083394464346675e-01,7.664565874607416340e-01
2.596995980789346792e+00,7.364665994069830024e-01,8.745475963813554854e-01
2.674664913800461896e+00,1.151656530896128405e+00,9.609098001501303887e-01
2.750020659779102150e+00,1.554795324697062053e+00,1.025688344275136332e+00
2.822625430277413638e+00,1.944199118785657765e+00,1.069002504176329138e+00
2.892149506757147215e+00,2.318525347549940552e+00,1.091269516160315867e+00
2.958346627904259396e+00,2.676832226036519380e+00,1.093349941100082212e+00
3.021027272359990690e+00,3.018568442520455530e+00,1.076502702430345737e+00
3.080070784113116744e+00,3.343528047454424001e+00,1.042437837840708426e+00
3.135483124592513438e+00,3.651879147104961199e+00,9.935493954311984677e-01
3.187452429768283135e+00,3.944263291796000992e+00,9.329434879902489541e-01
3.236349377656793536e+00,4.221843712351271982e+00,8.638514557780720970e-01
3.282668239087659146e+00,4.486206823929904886e+00,7.886854632518746078e-01
3.326941880926554074e+00,4.739118253935606262e+00,7.086214572922330257e-01
3.369660435637083840e+00,4.982213535235267443e+00,6.242329163402340342e-01
3.411212583374746643e+00,5.216759150685349233e+00,5.365579357377310288e-01
3.451866440940649206e+00,5.443597355567454166e+00,4.474506861434689453e-01
3.491791073891473030e+00,5.663249561504546392e+00,3.589046874366675355e-01
3.531093586253462480e+00,5.876043889692728506e+00,2.721790269220853431e-01
3.569845444039414062e+00,6.082198692061062673e+00,1.875761047116134561e-01
3.608093512097742206e+00,6.281905235467877269e+00,1.048399915942549443e-01
3.645861339600286133e+00,6.475414523996120053e+00,2.368151245080521439e-02
3.683143561529273136e+00,6.663048111514450866e+00,-5.582118154372910090e-02
3.719903693929871746e+00,6.845121470846772027e+00,-1.330395854256972432e-01
3.756088096459516024e+00,7.021882987853063973e+00,-2.070048470261535434e-01
3.791645025607461861e+00,7.193518965918659802e+00,-2.769378572903312685e-01
3.826525306772820656e+00,7.360172450162239421e+00,-3.426140127861501128e-01
3.860674687940323757e+00,7.521979935777257431e+00,-4.042606949444208508e-01
3.894050487367420210e+00,7.679184116695662254e+00,-4.622592225371974783e-01
3.926650576343389876e+00,7.832224798431649759e+00,-5.169554269870937357e-01
3.958502495196862370e+00,7.981613479414380485e+00,-5.684507571867778442e-01
3.989611479286701012e+00,8.127658368262363098e+00,-6.162854057401295771e-01
4.019933584856540953e+00,8.270366983726420429e+00,-6.594075212243879491e-01
4.049402386337228599e+00,8.409627315026462213e+00,-6.967302474258920686e-01
4.077955473464810687e+00,8.545374976068211836e+00,-7.277944139940593082e-01
4.105524928989855660e+00,8.677540952042107847e+00,-7.527439475651236389e-01
4.132034168437478172e+00,8.805970194111399252e+00,-7.715951772817055687e-01
4.157429537471295511e+00,8.930513112199538028e+00,-7.836797313400714060e-01
4.181697408390135706e+00,9.051150589548390357e+00,-7.879492665840016619e-01
4.204835784932006604e+00,9.167969851867589171e+00,-7.837392009850424612e-01
4.226840707026615185e+00,9.281113180330548218e+00,-7.709906236761465692e-01
4.247754726143403659e+00,9.390872722129017802e+00,-7.496381734715178435e-01
4.267712614315049002e+00,9.497804458301484232e+00,-7.189835635769510347e-01
4.286905122837517013e+00,9.602652692757891018e+00,-6.779032859250306853e-01
4.305500693037897619e+00,9.706173894168776073e+00,-6.256737330340709224e-01
4.323622611623579637e+00,9.809095804465666646e+00,-5.625136533139631911e-01
4.341386913007601933e+00,9.912197367278135829e+00,-4.894625025464165446e-01
4.358919723514087963e+00,1.001628793446098165e+01,-4.080518331055740244e-01
4.376314561984862905e+00,1.012202224886076252e+01,-3.202894117191693590e-01
4.393572500021853955e+00,1.022971545482560884e+01,-2.288991431403212262e-01
4.410576264986927342e+00,1.033928765395127769e+01,-1.373451644192126841e-01
4.427107827752883473e+00,1.045030411603530140e+01,-4.930030725402199943e-02
4.442892895005694953e+00,1.056203763229661519e+01,3.222551003702685268e-02
4.457645756100858669e+00,1.067353791862545265e+01,1.053556596595799921e-01
4.471087161998333670e+00,1.078371765535328741e+01,1.688512999487289112e-01
4.482932422324457988e+00,1.089143802579297748e+01,2.210812618174237132e-01
4.492874402049632288e+00,1.099552672291717492e+01,2.596384546599957988e-01
4.500576579073622518e+00,1.109465385070835808e+01,2.821688625320331045e-01
4.505670134716639907e+00,1.118713801397751517e+01,2.875550741446436520e-01
4.507759677483499594e+00,1.127094418729986636e+01,2.761355922619375680e-01
4.506450233009239525e+00,1.134400349496554483e+01,2.487776734440901860e-01
4.501374139355209358e+00,1.140455912965597740e+01,2.059179028841137959e-01
4.492181866820624592e+00,1.145115835335437993e+01,1.475328458035251311e-01
4.478517632289474193e+00,1.148240859438425510e+01,7.377156224793587902e-02
4.460038747903526613e+00,1.149692731763189002e+01,-1.457885103068548224e-02
4.436469373484511536e+00,1.149347941794756522e+01,-1.159473029648661058e-01
4.407605094232284415e+00,1.147086194166917927e+01,-2.277627244793620220e-01
4.373240811870660494e+00,1.142750013654018204e+01,-3.463202878325082890e-01
4.333105397213865118e+00,1.136131403751127422e+01,-4.673370668513731618e-01
4.286878818417076076e+00,1.127011759269237601e+01,-5.869730985127814549e-01
4.234257350404098119e+00,1.115204958613547959e+01,-7.021840591420790423e-01
4.174988398705489878e+00,1.100554955518528999e+01,-8.100173258724424619e-01
4.108862171007452879e+00,1.082909890119397822e+01,-9.068818324684246868e-01
4.035702518655936544e+00,1.062116472284665392e+01,-9.886454931508588118e-01
3.955374066117450127e+00,1.038029376110695523e+01,-1.051032362734721559e+00
3.867781871260094206e+00,1.010505337486359068e+01,-1.089600700887131568e+00
3.772848533125471526e+00,9.793862221924934275e+00,-1.099763658164606195e+00
3.670487095015524392e+00,9.444999732337503673e+00,-1.077647569390699056e+00
3.560593655158419413e+00,9.056838813872303717e+00,-1.021474153123853812e+00
3.443058873572689471e+00,8.628084835546179221e+00,-9.324792177169316520e-01
3.317782260677783590e+00,8.157904498012884531e+00,-8.150153552489318720e-01
3.184689144508894287e+00,7.646025933689499787e+00,-6.761107220348879787e-01
3.043769592948226688e+00,7.092886771728213802e+00,-5.245987564245782053e-01
2.895143529949775640e+00,6.499803884034875523e+00,-3.698724020209508412e-01
2.739121873887765624e+00,5.869111142469721543e+00,-2.207425970449850283e-01
2.576232687850044556e+00,5.204241950984872744e+00,-8.493423551766592083e-02
2.407221749710527270e+00,4.509773600853495878e+00,3.083821293259451923e-02
2.233061492732012709e+00,3.791484578940254035e+00,1.206495574403758098e-01
2.054974386203012759e+00,3.056428610856873451e+00,1.792327084053367547e-01
1.874439152436755407e+00,2.312903824305379885e+00,2.019920363437855693e-01
1.693158220284128213e+00,1.570190943824536278e+00,1.852750976854035114e-01
1.513004873960386742e+00,8.381316799590475819e-01,1.268813231740490988e-01
1.335973502706119698e+00,1.267438953528590151e-01,2.645718844552666371e-02
1.164122179176878769e+00,-5.540816153402698951e-01,-1.145449337939591500e-01
9.994928252571985139e-01,-1.194917218734423470e+00,-2.932284853383881895e-01
8.440410158381070893e-01,-1.787152105564138616e+00,-5.055652601539002422e-01
6.996213078891604376e-01,-2.323183147738810739e+00,-7.464897589801109401e-01
5.680019869218717599e-01,-2.796446186063710648e+00,-1.009873283066796468e+00
4.508200511137415711e-01,-3.201581224916692392e+00,-1.288492018715691634e+00
3.494447455639220212e-01,-3.534889747006578986e+00,-1.574048759644887774e+00
2.648304780519851187e-01,-3.794811021820982067e+00,-1.857380625622668591e+00
1.974460529303843082e-01,-3.982079764735952487e+00,-2.128984883602699885e+00
1.472610079474544476e-01,-4.099641677423812247e+00,-2.379726182730198314e+00
1.137119087528823957e-01,-4.152643009191355539e+00,-2.601404516037173487e+00
9.563747721195348106e-02,-4.148499588468910204e+00,-2.787244372103372392e+00
9.124777803352979166e-02,-4.096689588179005526e+00,-2.932913326959404987e+00
9.817002763082249839e-02,-4.008090335117544534e+00,-3.038306928434366672e+00
1.135492592578526416e-01,-3.894161615010488298e+00,-3.108987242397325268e+00
1.341866021838977741e-01,-3.766366566095637136e+00,-3.155512846572514629e+00
1.567516548362115625e-01,-3.635789960214307115e+00,-3.190280023420076994e+00
1.780936607154712803e-01,-3.512596355616620869e+00,-3.223667165920115707e+00
1.955778752028347611e-01,-3.405229551054758108e+00,-3.261745567184719530e+00
2.073106042031990226e-01,-3.319707459754901890e+00,-3.306187044391287966e+00
2.121817029212847983e-01,-3.259376356016860932e+00,-3.355366561809394632e+00
2.097724784276099319e-01,-3.225098280874323375e+00,-3.405617464606091715e+00
2.002191197029092873e-01,-3.215613185335291391e+00,-3.452408424072543447e+00
1.840836763875598470e-01,-3.227922199886244403e+00,-3.491477953264379597e+00
1.622549052842161554e-01,-3.257659090707470284e+00,-3.519664345295617114e+00
1.358938541663695654e-01,-3.299411685301526731e+00,-3.535157665571690977e+00
1.064017747686434312e-01,-3.347014833951171386e+00,-3.537329850404849818e+00
7.534599410030207167e-02,-3.393959574263763823e+00,-3.526543451067351231e+00
4.431149068564821381e-02,-3.434000945377848169e+00,-3.504082183433337772e+00
1.472649522810542955e-02,-3.461827884167689717e+00,-3.471973278372937344e+00
-1.226989889511509446e-02,-3.473599025078856872e+00,-3.432439696418226660e+00
-3.590324153147284036e-02,-3.467285188494723336e+00,-3.387030014916304399e+00
-5.579561591492787631e-02,-3.442803539345862252e+00,-3.335815830196108500e+00
-7.193966095537340788e-02,-3.401830342453054268e+00,-3.277142979885111274e+00
-8.459749137938621377e-02,-3.347229181404315135e+00,-3.208162004252568256e+00
-9.416429347539567729e-02,-3.282304064796238485e+00,-3.125870177856029386e+00
-1.010740092284594382e-01,-3.210243498631452752e+00,-3.028059610648490718e+00
-1.057780744588562305e-01,-3.133921863257843832e+00,-2.913734164180445951e+00
-1.087526902498474612e-01,-3.055896188719524176e+00,-2.783093171783657560e+00
-1.104797660196760178e-01,-2.978354153047315656e+00,-2.637502561073612473e+00
-1.114018432875378273e-01,-2.902966043506610916e+00,-2.479621324271532146e+00
-1.118866412583847114e-01,-2.830773701111997109e+00,-2.313357972058455836e+00
-1.122098809583184642e-01,-2.762205501339360048e+00,-2.143274332233286561e+00
-1.125347135586511338e-01,-2.697159136992600459e+00,-1.973618430345148500e+00
-1.128912589556083645e-01,-2.635074730684058508e+00,-1.807708158226632777e+00
-1.131954036132267749e-01,-2.575031046959056269e+00,-1.648123174822122783e+00
-1.133167616789979570e-01,-2.515932709922016119e+00,-1.497281672309028977e+00
-1.131437156220929108e-01,-2.456740489411105344e+00,-1.357607043502633504e+00
-1.125963857430176129e-01,-2.396607899636180150e+00,-1.231158156223777445e+00
-1.116060584692485369e-01,-2.334878195530991629e+00,-1.119327257929275676e+00
-1.101113458754499064e-01,-2.271048198035232168e+00,-1.022935800091852920e+00
-1.080805015397491298e-01,-2.204805168003142413e+00,-9.423303898311978788e-01
-1.055304296400029207e-01,-2.136103224187219318e+00,-8.771238413987487714e-01
-1.025264204988518557e-01,-2.065178351795792011e+00,-8.258654434605247063e-01
-9.917114334071258641e-02,-1.992489753737530789e+00,-7.860173702282498009e-01
-9.558825180978686165e-02,-1.918662031126561640e+00,-7.541366323501146329e-01
-9.189912291858931548e-02,-1.844452745133138283e+00,-7.260939185464484469e-01
-8.820180545391365090e-02,-1.770684035955006674e+00,-6.975364826940149143e-01
-8.456560422490339013e-02,-1.698111781620279537e+00,-6.647081744279459414e-01
-8.103882617452198844e-02,-1.627309554646031442e+00,-6.251785468864853312e-01
-7.765633977665695187e-02,-1.558646262708335062e+00,-5.780118878758699896e-01
-7.444332937725042787e-02,-1.492329821002144286e+00,-5.235648914399596565e-01
-7.142110214407043633e-02,-1.428439120691031849e+00,-4.633836627449899881e-01
-6.861379811948886687e-02,-1.366936539493469382e+00,-4.001529937502998346e-01
-6.604712760572889474e-02,-1.307712228763229234e+00,-3.372684137140859462e-01
-6.373844735010392171e-02,-1.250660404366496392e+00,-2.780511438521194312e-01
-6.168867729483118456e-02,-1.195722693923249480e+00,-2.251612978531934983e-01
-5.987983329598564608e-02,-1.142878944567038424e+00,-1.804041526081055224e-01
-5.826730207200112033e-02,-1.092155041670801907e+00,-1.444002688581969007e-01
-5.676406002771042236e-02,-1.043687803119298430e+00,-1.158838390987176892e-01
-5.524106523346705711e-02,-9.977622613839227661e-01,-9.151594599130735697e-02
-5.356650540785268255e-02,-9.547274869307994516e-01,-6.709834060614441875e-02
-5.166096905517000848e-02,-9.148640339855147463e-01,-3.936096147435792780e-02
-4.951713710389861467e-02,-8.783793491577459589e-01,-6.446903981116740290e-03
-4.717167067811024739e-02,-8.455540725330216167e-01,3.325719671753425699e-02
-4.467171062177781315e-02,-8.168468732191933590e-01,8.218368765988795510e-02
-4.207022963148061845e-02,-7.928160293816697290e-01,1.431859400380501579e-01
-3.943674542564622187e-02,-7.739789421115986778e-01,2.185113047194036651e-01
-3.686173026384152729e-02,-7.608164802030612517e-01,3.095403510319270635e-01
-3.445910901894892742e-02,-7.538966868192084059e-01,4.171141455266614284e-01
-3.236577264914276830e-02,-7.538825556187516153e-01,5.414308880245753963e-01
-3.071198558260050671e-02,-7.613224586302362873e-01,6.815740030059005417e-01
-2.956135932806995548e-02,-7.764155257166860391e-01,8.355475046003104644e-01
-2.887373800533406254e-02,-7.989748649061619856e-01,1.000813935257413689e+00
-2.853478761545413800e-02,-8.285391218471291896e-01,1.174390192816614054e+00
-2.842175996084811418e-02,-8.644071070954545410e-01,1.352151957872511190e+00
-2.844270056719563899e-02,-9.055431727218916649e-01,1.528143193609678097e+00
-2.853688679911334236e-02,-9.505620038693293194e-01,1.694773917992582479e+00
-2.867272118948077653e-02,-9.979595454364146301e-01,1.843932911892584015e+00
-2.886066669139025764e-02,-1.046455941747821861e+00,1.968331424861534673e+00
-2.915835939965225054e-02,-1.095175133720116545e+00,2.062399095168599761e+00
-2.964557174499343750e-02,-1.143603920292148413e+00,2.122700823959698724e+00
-3.037868172187779825e-02,-1.191535761302418450e+00,2.148438262276549882e+00
-3.135581268586923320e-02,-1.239117735166396672e+00,2.142108133569486483e+00
-3.251900775026653201e-02,-1.286810553440567606e+00,2.109170052676390128e+00
-3.379269734477458043e-02,-1.335058831756673614e+00,2.055813249502868700e+00
-3.512482274900632917e-02,-1.383865989646480887e+00,1.986217630770660714e+00
-3.649345231438336223e-02,-1.432708446657392720e+00,1.901972568433640376e+00
-3.788117817634803486e-02,-1.480883057102521327e+00,1.804077219544919952e+00
-3.925526823811173460e-02,-1.527901770937993176e+00,1.694997752454447948e+00
-4.057477500768391643e-02,-1.573595897692468215e+00,1.578795187352741269e+00
-4.180544781408740418e-02,-1.618010846505374634e+00,1.460167496750094385e+00
-4.292151058479226622e-02,-1.661295476659819137e+00,1.343906252102364807e+00
-4.390336144236739457e-02,-1.703584014820585857e+00,1.234558151806820936e+00
-4.474464363794800059e-02,-1.744857277658043548e+00,1.135703290822288603e+00
-4.545701281214570288e-02,-1.784957903042426297e+00,1.049658106264926838e+00
-4.605785245072863132e-02,-1.823815096753482301e+00,9.782911906660971546e-01
-4.655469750700447218e-02,-1.861574223438461351e+00,9.236880755512668628e-01
-4.695044599632336446e-02,-1.898371077383570693e+00,8.871816516051077572e-01
-4.726498233342157906e-02,-1.933978867743376240e+00,8.676265675485119733e-01
-4.754402024609549748e-02,-1.967764149127082085e+00,8.611370885164630895e-01
-4.783955329602929130e-02,-1.999030115414007547e+00,8.628664659773142009e-01
-4.817784946576547656e-02,-2.027447261026466219e+00,8.692786778570738004e-01
-4.854393105339582792e-02,-2.053277274597812507e+00,8.792048244901906617e-01
-4.889730484912480080e-02,-2.077275571542302135e+00,8.931363933163184443e-01
-4.920703852013053048e-02,-2.100309159999111497e+00,9.113285018714873953e-01
-4.947697286386348869e-02,-2.122916980742526327e+00,9.320775286801877835e-01
-4.974198134131757598e-02,-2.145143100619489651e+00,9.515014001942432298e-01
-5.004641885372729249e-02,-2.166733379014421867e+00,9.647852855541804162e-01
-5.043080657128462541e-02,-2.187424228208165289e+00,9.674895194764872031e-01
-5.093349426714316452e-02,-2.207067192990356030e+00,9.559930152380218260e-01
-5.158997117197638982e-02,-2.225660260466506113e+00,9.276621689627539968e-01
-5.241913305941048318e-02,-2.243445576281782650e+00,8.814834768524816289e-01
-5.340975250713470013e-02,-2.260988155060289273e+00,8.186454384293088138e-01
-5.452259559057415217e-02,-2.279058535591439227e+00,7.421957392953942856e-01
-5.570224135190837700e-02,-2.298392208499979272e+00,6.560719405263301107e-01
-5.688244115978147164e-02,-2.319575230810839273e+00,5.645546205894104164e-01
-5.798382829158016394e-02,-2.343124075877804469e+00,4.723730748818807945e-01
-5.891817009342042999e-02,-2.369565532086516768e+00,3.846284741045842281e-01
-5.960735552156215533e-02,-2.399325355497599954e+00,3.058395045540140966e-01
-6.000730483237376456e-02,-2.432461971240459153e+00,2.384587795744394223e-01
-6.011763671312136958e-02,-2.468487288200158059e+00,1.820486681791715078e-01
-5.996520501330221409e-02,-2.506520301211583313e+00,1.341938070063762867e-01
-5.956903628357329561e-02,-2.545760384621635009e+00,9.292986515366551126e-02
-5.891249972495954390e-02,-2.585917975500845678e+00,5.882111702281370147e-02
-5.794630197683053874e-02,-2.627201968661995402e+00,3.474305910195064212e-02
-5.661820440078457750e-02,-2.669888989728145923e+00,2.359419256277917043e-02
-5.489951716697782924e-02,-2.713931795090414489e+00,2.625639616674599330e-02
-5.278618327815087774e-02,-2.758963538094267420e+00,4.153237689644141695e-02
-5.028384370937111214e-02,-2.804577142849630889e+00,6.741883394401795848e-02
-4.740045453150043553e-02,-2.850531777412632639e+00,1.020651220745248944e-01
-4.415254907438936893e-02,-2.896757424748178433e+00,1.439055280925942981e-01
-4.057128267855192316e-02,-2.943283090827089943e+00,1.915628198632067791e-01
-3.669670470466512846e-02,-2.990192024595701881e+00,2.438550564171977630e-01
-3.256250268646510015e-02,-3.037579079290757544e+00,2.997030233908442587e-01
-2.817977368799795546e-02,-3.085494399500825047e+00,3.579754300860348293e-01
-2.352697398918413008e-02,-3.133936886842310976e+00,4.176491733321762156e-01
-1.854970452827831018e-02,-3.182933888289155799e+00,4.783312885195403763e-01
-1.316786215939425020e-02,-3.232637953834200051e+00,5.406872616519895480e-01
-7.283499819361050065e-03,-3.283344119635644542e+00,6.063548846740958176e-01
-7.878470421872618701e-04,-3.335415315558994287e+00,6.773325602527391354e-01
6.428093644846866184e-03,-3.389182956250311740e+00,7.551635807392567123e-01
1.446179937286640182e-02,-3.444881391624705635e+00,8.403804424463838796e-01
2.339843357854676231e-02,-3.502625536611190249e+00,9.325573074984312427e-01
3.332464228008602536e-02,-3.562424357047748291e+00,1.030863290478124972e+00
4.434167582612746905e-02,-3.624224831238538336e+00,1.134568128928403530e+00
5.656225000583103846e-02,-3.687956984412502415e+00,1.243064750706706967e+00
7.009621093322371266e-02,-3.753534368167103619e+00,1.355532360321359153e+00
8.504210372770426574e-02,-3.820808906273886141e+00,1.470674953424261799e+00
1.014903597056735496e-01,-3.889531477922979263e+00,1.586730899182895671e+00
1.195287016778685540e-01,-3.959345882088781465e+00,1.701599770708667414e+00
1.392411318388520058e-01,-4.029791367468328112e+00,1.812927942681319848e+00
1.607011751667130062e-01,-4.100306180727395500e+00,1.918193318703109940e+00
1.839624562370125727e-01,-4.170265475143705380e+00,2.014843106214247559e+00
2.090468476612143967e-01,-4.239047226861727857e+00,2.100385748625686055e+00
2.359332160382671129e-01,-4.306059369130935011e+00,2.172370317764054537e+00
2.645563889167242833e-01,-4.370706127938477792e+00,2.228426692494771100e+00
2.948229781585258724e-01,-4.432357833945441250e+00,2.266561383985800315e+00
3.266353287626098112e-01,-4.490363601591926823e+00,2.285554282204316223e+00
3.599041866608072571e-01,-4.544059446872731556e+00,2.285075807798869540e+00
3.945413244790576535e-01,-4.592737009950887739e+00,2.265429974956540526e+00
4.304467849488256004e-01,-4.635610734067626026e+00,2.227213227149587027e+00
4.675143074632661655e-01,-4.671796213559451516e+00,2.171096989555234558e+00
5.056603569914406293e-01,-4.700241913510031289e+00,2.097631909741289657e+00
5.448568163832037126e-01,-4.719616708727430776e+00,2.007025286889720039e+00
5.851442346795658889e-01,-4.728281391586476090e+00,1.899132315670170712e+00
6.266248358501873561e-01,-4.724432471223961372e+00,1.773833306504077001e+00
6.694550991704635301e-01,-4.706322901144735837e+00,1.631575569758681787e+00
7.138519706193244829e-01,-4.672402985486013627e+00,1.473730110036826968e+00
7.601026799261090261e-01,-4.621361242852510820e+00,1.302672917403886688e+00
8.085550020378398095e-01,-4.552159815881402061e+00,1.121681959381120919e+00
8.595761094182348128e-01,-4.464108044902700634e+00,9.346525680553742221e-01
9.134899800253124535e-01,-4.356928849238872914e+00,7.456204000472760329e-01
9.705165879461985501e-01,-4.230790651303534489e+00,5.583098300415163528e-01
1.030733156432156683e+00,-4.086338370990651114e+00,3.760179918446913683e-01
1.094061315152484060e+00,-3.924734959958794178e+00,2.018196100885198685e-01
1.160268371303339263e+00,-3.747657140175403079e+00,3.872845532698412918e-02
1.228974768592423494e+00,-3.557201517090943010e+00,-1.103986018771529465e-01
1.299677840398853590e+00,-3.355737176343901673e+00,-2.430178238713183725e-01
1.371801672043308828e+00,-3.145752619962103758e+00,-3.569370651957755047e-01
1.444756053298142717e+00,-2.929682261502570384e+00,-4.504404784146133767e-01
1.517976399398392573e+00,-2.709720139786567117e+00,-5.226069898225065291e-01
1.590948223465461719e+00,-2.487751487723401933e+00,-5.732868804246028516e-01
1.663246935881463440e+00,-2.265512702835669412e+00,-6.022051657413971526e-01
1.734591730109102059e+00,-2.044824136388368796e+00,-6.078489949022704009e-01
1.804861286876896731e+00,-1.827557743986321981e+00,-5.876585554472331108e-01
1.874040301784956730e+00,-1.615237967966203003e+00,-5.399513757843632522e-01
1.942154191228881110e+00,-1.408602870224965775e+00,-4.659381118799355570e-01
2.009282960167606991e+00,-1.207533880556796335e+00,-3.697839628709246873e-01
2.075652657804393009e+00,-1.011398358896296701e+00,-2.566495167528639598e-01
2.141686008279630737e+00,-8.194964440625542856e-01,-1.306880175881041661e-01
2.207911198104065331e+00,-6.313207026863685289e-01,5.254677511294679471e-03
2.274776955072144169e+00,-4.465839331584972594e-01,1.484747930097106428e-01
2.342524896677345758e+00,-2.651332033737232030e-01,2.953430720702114876e-01
2.411201813827791529e+00,-8.686342342086600388e-02,4.413366989472858326e-01
2.480748343571026471e+00,8.832260523147944520e-02,5.818066919205213683e-01
2.551055404092595680e+00,2.605067731513348583e-01,7.126096219751270056e-01
2.621961269875775269e+00,4.297124853696881464e-01,8.303293754574059271e-01
2.693236984213624119e+00,5.958373886785237605e-01,9.324161636649050955e-01
2.764592602981302161e+00,7.585996761565126922e-01,1.017385795194855502e+00
2.835692108807195133e+00,9.175713608086717432e-01,1.084745276412005577e+00
2.906165578570192309e+00,1.072324496261736426e+00,1.134441895702916314e+00
2.975631130463511909e+00,1.222580984517257052e+00,1.166278487114827289e+00
3.043732622839859125e+00,1.368208873362374955e+00,1.179919226431267454e+00
3.110171800946406773e+00,1.509062076329465096e+00,1.175450834015277168e+00
3.174711304370403830e+00,1.644840822681909565e+00,1.153818657684785531e+00
3.237153882219691692e+00,1.775116869822556787e+00,1.116681690814423922e+00
3.297328053038020013e+00,1.899478634191693827e+00,1.065944397344194883e+00
3.355104294095248907e+00,2.017662808115775697e+00,1.003450581604380387e+00
3.410434480681763247e+00,2.129611485563496220e+00,9.309382637562322316e-01
3.463378685675736701e+00,2.235459743536519994e+00,8.500678662708669453e-01
3.514085879746031704e+00,2.335446864642374276e+00,7.624690742853184044e-01
3.562732978179262044e+00,2.429766944850220156e+00,6.698773838680919246e-01
3.609467907829047029e+00,2.518461535542132701e+00,5.742783591543452193e-01
3.654400814080366100e+00,2.601456872058550474e+00,4.778740230549788914e-01
3.697635273395892597e+00,2.678695089358804182e+00,3.828748919287213726e-01
3.739284305627912808e+00,2.750190471050891095e+00,2.913077987182902118e-01
3.779438598928749116e+00,2.815945661012591472e+00,2.049274723275344157e-01
3.818127268746354552e+00,2.875871306822872064e+00,1.251298522542126090e-01
3.855336017298292006e+00,2.929875662700959449e+00,5.279241640413949443e-02
3.891079218213119972e+00,2.978075743278316700e+00,-1.185877830637551908e-02
3.925449643755952955e+00,3.020908432533321974e+00,-6.920536551874367781e-02
3.958594363934165195e+00,3.059019474310967102e+00,-1.200038581184897368e-01
3.990651821028345481e+00,3.093045221641488318e+00,-1.651063822525386249e-01
4.021715534414113336e+00,3.123479515385003680e+00,-2.052996523445466404e-01
4.051840077755540115e+00,3.150684296740656087e+00,-2.413226860430199849e-01
4.081059845705542699e+00,3.174963786222901430e+00,-2.739889416355608676e-01
4.109399760235913135e+00,3.196614558131152251e+00,-3.042564190842367289e-01
4.136878866489776208e+00,3.215924175273751295e+00,-3.331170825613341546e-01
4.163507984062046141e+00,3.233135116998610226e+00,-3.613363929924813811e-01
4.189281663497348873e+00,3.248414807530823012e+00,-3.892494793809194720e-01
4.214175461884495988e+00,3.261868055443003289e+00,-4.167862816223006917e-01
4.238158898837186328e+00,3.273578547844547160e+00,-4.436418853606060031e-01
4.261216693527682509e+00,3.283629806835308251e+00,-4.693690539922783511e-01
4.283362758179003471e+00,3.292094639940796430e+00,-4.933557719125419849e-01
4.304641754314838309e+00,3.299032382569460964e+00,-5.148479686192859450e-01
4.325121439956738811e+00,3.304506079320792988e+00,-5.330542470147530132e-01
4.344877987858954071e+00,3.308580796176963990e+00,-5.471796567140275735e-01
4.363977814696732516e+00,3.311289292131162743e+00,-5.563620628535268509e-01
4.382463350938765601e+00,3.312607617298180429e+00,-5.596964503505050814e-01
4.400347045417171366e+00,3.312468151334473365e+00,-5.564070819517196176e-01
4.417612444675373951e+00,3.310787425348139745e+00,-5.459909912862626058e-01
4.434221895196239771e+00,3.307496662605292848e+00,-5.282741994878530356e-01
4.450129813833692438e+00,3.302595026648635468e+00,-5.035595995807540248e-01
4.465292792400675559e+00,3.296207147394089265e+00,-4.728689108678824082e-01
4.479666603719906881e+00,3.288573273988484313e+00,-4.379292957542717524e-01
4.493193464022827044e+00,3.279949069940985673e+00,-4.007061207873710562e-01
4.505793110178171190e+00,3.270495643013500153e+00,-3.628255903566147689e-01
4.517363652143251862e+00,3.260249257887982921e+00,-3.253699829448104541e-01
4.527785857600641783e+00,3.249165546482847056e+00,-2.890677415711281895e-01
4.536923106622919200e+00,3.237168316351064945e+00,-2.545122228375782392e-01
4.544612334432513556e+00,3.224159944076158801e+00,-2.221924568872126748e-01
4.550642978605630162e+00,3.210002521615110460e+00,-1.924689715604201989e-01
4.554732063301718981e+00,3.194498407486472402e+00,-1.656660804493249595e-01
4.556519489124704059e+00,3.177392839729861418e+00,-1.422038742691041913e-01
4.555597169883414566e+00,3.158401481486491136e+00,-1.225796374053022275e-01
4.551547806863523782e+00,3.137240084635038784e+00,-1.072183082881576766e-01
4.543958413411042230e+00,3.113633993123049226e+00,-9.642463737066075957e-02
4.532417499955637474e+00,3.087319267616531526e+00,-9.051035014956512748e-02
4.516538803803955560e+00,3.058060512245079465e+00,-8.983219898826691474e-02
4.496014455063573223e+00,3.025673618854750391e+00,-9.452272359722832529e-02
4.470639683349478588e+00,2.990015416682937133e+00,-1.041489701752675856e-01
4.440269863284483698e+00,2.950938771311309772e+00,-1.177207166162482777e-01
4.404752535390127122e+00,2.908257051893563983e+00,-1.340446142346788660e-01
4.363906131986867720e+00,2.861744477008930865e+00,-1.519767137603160179e-01
4.317555840635950659e+00,2.811150650160808784e+00,-1.703051951277235465e-01
4.265574284043772479e+00,2.756202982618267239e+00,-1.875143017841270354e-01
4.207882742833261247e+00,2.696601161409433178e+00,-2.018110743116953432e-01
4.144415475947350380e+00,2.632014786905644943e+00,-2.114396532465321610e-01
4.075076759522849201e+00,2.562079900163217960e+00,-2.150044912935816510e-01
3.999717717781878346e+00,2.486393672489123574e+00,-2.116024218799159307e-01
3.918141435442117348e+00,2.404521005238447806e+00,-2.008017290220211470e-01
3.830120361397862716e+00,2.316016561376655236e+00,-1.825935803535538027e-01
3.735401275997795256e+00,2.220446810234170343e+00,-1.573752589122588974e-01
3.633696121261103862e+00,2.117408300178535541e+00,-1.259656699332899477e-01
3.524684863002299995e+00,2.006562111266998460e+00,-8.963932123916809602e-02
3.408049751676378136e+00,1.887692651329929028e+00,-5.013027934159856869e-02
3.283528888622739395e+00,1.760763966073595865e+00,-9.523309131470772404e-03
3.150964832829231455e+00,1.625944532988513158e+00,2.999199007339591050e-02
3.010341563621987682e+00,1.483608466801777048e+00,6.640368378418981532e-02
2.861819583477477558e+00,1.334344963560052832e+00,9.805480836087693275e-02
2.705773586481068360e+00,1.178988923468239358e+00,1.236654558933110853e-01
2.542822992978703844e+00,1.018652707813117564e+00,1.422626496106760841e-01
2.373844148893336836e+00,8.547312397910969972e-01,1.531213464974843508e-01
2.199966062416904400e+00,6.888736778067970912e-01,1.557904664903655978e-01
2.022560900556952479e+00,5.229382499094500369e-01,1.501902357110213582e-01
1.843229909130159383e+00,3.589478966883322131e-01,1.366635597331690155e-01
1.663765074296932545e+00,1.990449200896582393e-01,1.158771948071335017e-01
1.486067043921420527e+00,4.543144399462785421e-02,8.863705906754540398e-02
1.312032186258885513e+00,-9.969855797528341668e-02,5.579584992538893368e-02
1.143456760920720905e+00,-2.342001257755824684e-01,1.831381977040540815e-02
9.820034451271231202e-01,-3.559587503588578783e-01,-2.264232817021217398e-02
8.292310462388041703e-01,-4.628242112346721560e-01,-6.564989018639137697e-02
6.866418766100688131e-01,-5.525481258003711593e-01,-1.089745500229083036e-01
5.556947433320486018e-01,-6.227734446834257698e-01,-1.504711391937434972e-01
4.377668208609555300e-01,-6.711038908849359386e-01,-1.875521089262337515e-01
3.340870424088618895e-01,-6.952989590682210341e-01,-2.173440981712147502e-01
2.456679074244576544e-01,-6.937065112689515534e-01,-2.370215398541612728e-01
1.732297401430068495e-01,-6.661238073840892726e-01,-2.443301159620506480e-01
1.170775160478099153e-01,-6.153538233393902601e-01,-2.385557784615827126e-01
7.694858770964929651e-02,-5.485306192893154575e-01,-2.216541442554676999e-01
5.197994714759091028e-02,-4.755208693116570462e-01,-1.978645041745432376e-01
4.083958030502177206e-02,-4.047580204333298681e-01,-1.714073198695361400e-01
4.183841780881680794e-02,-3.409036560111657344e-01,-1.447308825294784385e-01
5.293180174585176978e-02,-2.855639701179317202e-01,-1.186045148820501077e-01
7.169636995098882526e-02,-2.386995692440541661e-01,-9.297161477475136826e-02
9.537331406189708538e-02,-1.995905379122101531e-01,-6.773820077017381203e-02
1.210274937918224269e-01,-1.673561513822531821e-01,-4.325769346200461496e-02
1.457989746526935360e-01,-1.411058378028664517e-01,-2.039832893975908334e-02
1.671742378339267088e-01,-1.199735833823198650e-01,-3.079982041021070427e-04
1.832082433761513807e-01,-1.031701676501751430e-01,1.592600985439839717e-02
1.926347372958732151e-01,-9.001013673672247917e-02,2.754267815369705955e-02
1.948358755194826708e-01,-7.990818462214306639e-02,3.417558021281535963e-02
1.897199749896519849e-01,-7.236767258870240027e-02,3.575394092037451760e-02
1.776044338139685097e-01,-6.694347102675830830e-02,3.238772204163464785e-02
1.591545545609307499e-01,-6.318768622582289496e-02,2.433800579355962362e-02
1.353495140277513054e-01,-6.062693935921524557e-02,1.205150508076860416e-02
1.074404203182030004e-01,-5.879723644446485653e-02,-3.811878453021888546e-03
7.689981948007695856e-02,-5.731355856702437246e-02,-2.240035123495523472e-02
4.534721062346147580e-02,-5.591948567877090548e-02,-4.273565565356732959e-02
1.441780100742962034e-02,-5.448904419834461887e-02,-6.380917628698377919e-02
-1.442085170519558091e-02,-5.300181097751043013e-02,-8.469815760543973615e-02
-4.005397379012098913e-02,-5.150846761497947235e-02,-1.046611164382175441e-01
-6.183388953448232250e-02,-5.009312560813741766e-02,-1.231685815990474497e-01
-7.956852304014838673e-02,-4.883868701840171633e-02,-1.398662476687152212e-01
-9.340055422104920346e-02,-4.779876562211139712e-02,-1.545021851923072953e-01
-1.036547483686685034e-01,-4.699132332509116383e-02,-1.668634052067289042e-01
-1.107173644624396824e-01,-4.641247059370480488e-02,-1.767442690008210193e-01
-1.149695597776848044e-01,-4.604491351360241735e-02,-1.839491055096864613e-01
-1.167787881259714777e-01,-4.585520603708168053e-02,-1.883415751051118747e-01
-1.165269647251439000e-01,-4.579540944343748338e-02,-1.899271877906105188e-01
-1.146286667916616153e-01,-4.581272269686414295e-02,-1.888962331570485931e-01
-1.115182376427753530e-01,-4.585693844833299559e-02,-1.855750500615424847e-01
-1.076226475892655410e-01,-4.588713544042379716e-02,-1.803420344121322849e-01
-1.033326524269319591e-01,-4.587333150225788442e-02,-1.735859262705271022e-01
-9.897812780202774885e-02,-4.577989609020603756e-02,-1.656957608551566374e-01
-9.482138129890627098e-02,-4.555797589616741167e-02,-1.570452059161143166e-01
-9.106631158026923245e-02,-4.518146094865428675e-02,-1.479725784141694700e-01
-8.786586061339213272e-02,-4.469371858674402176e-02,-1.387717641144582958e-01
-8.532019586962802382e-02,-4.420135604278218472e-02,-1.296933571569203469e-01
-8.346672572175700688e-02,-4.380969365610749844e-02,-1.209394963540690315e-01
-8.227050169352317921e-02,-4.356472378844949284e-02,-1.126484804198560202e-01
-8.163193086325953862e-02,-4.345473244320218614e-02,-1.048883847114677748e-01
-8.141612007846987797e-02,-4.345316964378421326e-02,-9.767440531639121071e-02
-8.148563731877417338e-02,-4.355018065448524461e-02,-9.099792594427541514e-02
-8.171868377154811736e-02,-4.375125776985620135e-02,-8.484413584997491098e-02
-8.201375915934916438e-02,-4.406541661929772036e-02,-7.919438373971707246e-02
-8.229071355674294486e-02,-4.450348043557798838e-02,-7.402664325193561434e-02
-8.249183833848783287e-02,-4.507790601591343815e-02,-6.932079802811383362e-02
-8.258281778057602329e-02,-4.579761531058164359e-02,-6.506566470533234336e-02
-8.255416768831377872e-02,-4.666780871103647088e-02,-6.126730880283821901e-02
-8.242152894978346800e-02,-4.769483231391506012e-02,-5.796098229418102099e-02
-8.222153371857468529e-02,-4.888439512141314058e-02,-5.522164338089768920e-02
-8.200117044897994867e-02,-5.023400484031023683e-02,-5.315982013443754095e-02
-8.180186833614785935e-02,-5.172682802931960477e-02,-5.189238253260256006e-02
-8.164420083224468994e-02,-5.332624762491251780e-02,-5.149164017916582625e-02
-8.151680738824418349e-02,-5.497195312626489139e-02,-5.192848033370932315e-02
-8.136967162730984748e-02,-5.657953437121751583e-02,-5.303219915918664512e-02
-8.112020527863766928e-02,-5.804738759895228944e-02,-5.450132698200640946e-02
-8.068125931697039954e-02,-5.928292891401049092e-02,-5.599006764763115457e-02
-7.999667353822587090e-02,-6.024352103378408790e-02,-5.723153071238685358e-02
-7.905506255023575513e-02,-6.095856819604086874e-02,-5.810407137524764565e-02
-7.787332460348628249e-02,-6.151017127497596104e-02,-5.859286006172767514e-02
-7.647162127975432044e-02,-6.199116211414998356e-02,-5.870511049585656199e-02
-7.486575509873455436e-02,-6.247554676406257002e-02,-5.843025370539643021e-02
-7.307830641326201748e-02,-6.301304485413661283e-02,-5.776279355501404145e-02
-7.114856032718613887e-02,-6.363326856453491165e-02,-5.673457272283287389e-02
-6.912984793577137133e-02,-6.434686720173923846e-02,-5.541523742285506954e-02
-6.708150176284699562e-02,-6.515204543321809205e-02,-5.388729094482505588e-02
-6.506255264937865768e-02,-6.605001098004963100e-02,-5.221465607666928022e-02
-6.312599603988827690e-02,-6.704903742379719755e-02,-5.041553121357963962e-02
-6.131210801544551003e-02,-6.815362505960181894e-02,-4.845351429583704544e-02
-5.964244078424568718e-02,-6.935455848319908856e-02,-4.625298130740661956e-02
-5.811806715665873702e-02,-7.062077703513182370e-02,-4.372369463016151370e-02
-5.672467920515886219e-02,-7.189919922537291175e-02,-4.078374369229580132e-02
-5.544324470095438051e-02,-7.313641016228533687e-02,-3.739553864774993602e-02
-5.426187582805094833e-02,-7.430873746231533850e-02,-3.362464509833170551e-02
-5.318280739130634704e-02,-7.543108611005755471e-02,-2.967933664106535419e-02
-5.221970620690860598e-02,-7.653915089644461323e-02,-2.586511086472780691e-02
-5.138935348832621153e-02,-7.766710525429308676e-02,-2.247198438813435145e-02
-5.070796849973585596e-02,-7.883950156492380845e-02,-1.972016224657274427e-02
-5.019300761985961978e-02,-8.007828607977790503e-02,-1.782888456544097847e-02
-4.985902109090711853e-02,-8.141124389567054587e-02,-1.706570149424406838e-02
-4.970213732404216156e-02,-8.286816846047542762e-02,-1.759667281883887588e-02
-4.968745906905713827e-02,-8.447360670063883137e-02,-1.923679418491353044e-02
-4.975856306327092193e-02,-8.625044268875173281e-02,-2.142833540831525982e-02
-4.986483627464227686e-02,-8.822494569800840014e-02,-2.355680241740921999e-02
-4.998092661334302411e-02,-9.042154249740930183e-02,-2.529548377338961679e-02
-5.010404989269462428e-02,-9.285567757492929619e-02,-2.664631866431494550e-02
-5.024141181462998818e-02,-9.553133159022295096e-02,-2.773919213434236294e-02
-5.040484956496993352e-02,-9.844040215803075144e-02,-2.867930189902766908e-02
-5.061246444211456308e-02,-1.015653768993416001e-01,-2.954102223174551872e-02
-5.088774932431697207e-02,-1.048817181104005347e-01,-3.038922680559664330e-02
-5.125518249444124819e-02,-1.083566964742335575e-01,-3.126216160112085807e-02
-5.173812629089000192e-02,-1.119488009597065514e-01,-3.216361119452332273e-02
-5.235900887377367696e-02,-1.156049011928966391e-01,-3.307521102937910351e-02
-5.313661034414987605e-02,-1.192576697530146473e-01,-3.394999257958100647e-02
-5.408236760121917786e-02,-1.228338971125633450e-01,-3.470702258456488665e-02
-5.520384425500224346e-02,-1.262687638661876000e-01,-3.527255020791646156e-02
-5.651428258339519228e-02,-1.295091790446669666e-01,-3.562751395844444141e-02
-5.803432124826363170e-02,-1.325045643981115906e-01,-3.578959684102654693e-02
-5.977626247605161147e-02,-1.352023830512971703e-01,-3.575723051140851372e-02
-6.172081795177658536e-02,-1.375531461191913385e-01,-3.550048216507908916e-02
-6.380775379082231913e-02,-1.395169805988574485e-01,-3.499727548156740531e-02
-6.595024324364706647e-02,-1.410679201988652709e-01,-3.423617675005664884e-02
-6.806025904412033034e-02,-1.421885902695039783e-01,-3.317100335210933226e-02
-7.006459053356922650e-02,-1.428612206414807684e-01,-3.170516223415486418e-02
-7.190605525305038270e-02,-1.430691491682574146e-01,-2.975279935789561930e-02
-7.354086337820842090e-02,-1.428010414458188160e-01,-2.731761243883354395e-02
-7.494059841398592603e-02,-1.420495989128722214e-01,-2.449946040343668752e-02
-7.609610095415653142e-02,-1.408150746591869951e-01,-2.141942647012505876e-02
-7.701793882350738141e-02,-1.391192755472437370e-01,-1.813633221744769333e-02
-7.773189012997383518e-02,-1.370174696572176443e-01,-1.461548973956160527e-02
-7.827131203607262666e-02,-1.345941803589589258e-01,-1.074065222297176936e-02
-7.866942885799899088e-02,-1.319396414298048548e-01,-6.335048623711765636e-03
-7.895296669151702362e-02,-1.291205006579672632e-01,-1.192763803141629053e-03
-7.913871084542617451e-02,-1.261726959399114278e-01,4.861280965371951590e-03
-7.923581958594499985e-02,-1.231179035082728412e-01,1.189783597150223526e-02
-7.925214096827959409e-02,-1.199756378139353458e-01,1.984305589788221136e-02
-7.919645224710547549e-02,-1.167638046504094890e-01,2.849972938306197245e-02
-7.907226119545612830e-02,-1.134994089867902289e-01,3.760427624083206855e-02
-7.887022065156285011e-02,-1.101975186333679219e-01,4.686986475680351982e-02
-7.857010230836469766e-02,-1.068649971286554784e-01,5.600686031816656807e-02
-7.815505632188074481e-02,-1.035012043564425555e-01,6.476217016462423870e-02
-7.762680977124436499e-02,-1.001072418051402874e-01,7.300040599987314693e-02
-7.700227966549128000e-02,-9.668911817596710645e-02,8.078089039520097714e-02
-7.629113520631669587e-02,-9.325309836107756323e-02,8.835659215214450302e-02
-7.548286816058041859e-02,-8.979785006976198636e-02,9.607191350022495357e-02
-7.455839751602827414e-02,-8.630487685829245359e-02,1.042186541373681802e-01
-7.350488684675943185e-02,-8.273607794853639341e-02,1.129401021503112501e-01
-7.231440376355907640e-02,-7.904051747680412854e-02,1.222220613307831161e-01
-7.097555464287613747e-02,-7.516073480297821852e-02,1.319420526525641457e-01
-6.947405806712086962e-02,-7.103930945281690390e-02,1.419318074203611557e-01
-6.779951351545931981e-02,-6.662855151780372465e-02,1.520348038303939164e-01
-6.594421791125615329e-02,-6.189209301113782896e-02,1.621601527614116856e-01
-6.389372240281854243e-02,-5.679838163295394815e-02,1.723175669763362394e-01
-6.162418509189060423e-02,-5.132118819237541096e-02,1.825952765634927810e-01
-5.911017996120182527e-02,-4.544306557597159457e-02,1.930781648607587941e-01
-5.632789250888503574e-02,-3.915145737060092557e-02,2.037802729887806807e-01
-5.324552620528111291e-02,-3.243934361346610673e-02,2.146624637741845754e-01
-4.981337746510006159e-02,-2.531162090257488284e-02,2.256926318184740987e-01
-4.596889740797927004e-02,-1.777730859632534188e-02,2.368455420577766368e-01
-4.165295149947778608e-02,-9.833859503416003678e-03,2.480431495041937329e-01
-3.681767684001402419e-02,-1.465208394611700049e-03,2.591488314240225632e-01
-3.141574145716585775e-02,7.349291010986358508e-03,2.700559891294317394e-01
-2.538368434783444538e-02,1.662441760218016928e-02,2.807568665402186969e-01
-1.863864182714436435e-02,2.636161318654500763e-02,2.912967358602996937e-01
-1.108963810103724690e-02,3.654998529345124259e-02,3.016897223010194806e-01
-2.645588600842851967e-03,4.717264103628471261e-02,3.119217770938292889e-01
6.791193942360052027e-03,5.821415272514819661e-02,3.220198914016569880e-01
1.733516939105150811e-02,6.967194446359110949e-02,3.320627514939927805e-01
2.911730902688103306e-02,8.156227878491716099e-02,3.421030952725840346e-01
4.227784953552360392e-02,9.390783842507678669e-02,3.521066730282302881e-01
5.696511833875217423e-02,1.067247779681730763e-01,3.619819444657469965e-01
7.334242858414086186e-02,1.200216353574015404e-01,3.716405285830203797e-01
9.158645875928561608e-02,1.337901357260716517e-01,3.809922617554908353e-01
1.118641935614745897e-01,1.479961052659012621e-01,3.898695408006144780e-01
1.343059099577540438e-01,1.625929595731285260e-01,3.979658962652625753e-01
1.589987305232843928e-01,1.775380300738914896e-01,4.048723937784871607e-01
1.859952220648189991e-01,1.927939585172268044e-01,4.102095291795859189e-01
2.153193445871255385e-01,2.083191255588594526e-01,4.137750206401710762e-01
2.469678251189066920e-01,2.240395993662268603e-01,4.156349007637714088e-01
2.809122956472633881e-01,2.398243133230990587e-01,4.161284438582281697e-01
3.171059649638445777e-01,2.555057747588662664e-01,4.157873916219428367e-01
3.554913054283483920e-01,2.709195179007059529e-01,4.152113863480472178e-01
3.959963500212779763e-01,2.859170841935240182e-01,4.149596930016468121e-01
4.385241303349634023e-01,3.003750680837498632e-01,4.154717011101842772e-01
4.829558536393860901e-01,3.142121570097723415e-01,4.169871019085141794e-01
5.291575258914771318e-01,3.273869137233500481e-01,4.194546527996504959e-01
5.769579386362453377e-01,3.399143807627547642e-01,4.224553708954789100e-01
6.261175726897711957e-01,3.519255557902581377e-01,4.252056810511121721e-01
6.763360063780028408e-01,3.636783756307615523e-01,4.266948444302358090e-01
7.272868563417809185e-01,3.755118692997116980e-01,4.258708894098913178e-01
7.786507036403815807e-01,3.878267458483016239e-01,4.217216315577754782e-01
8.301411219959564658e-01,4.010519257023768547e-01,4.132729008686125693e-01
8.815116774933560162e-01,4.156099713767721360e-01,3.996284596857876403e-01
9.325714738742139076e-01,4.319614549785893987e-01,3.800763158147424381e-01
9.832423830032355205e-01,4.505829828459031461e-01,3.542260282811015015e-01
1.033570463318098209e+00,4.718509534031337105e-01,3.220946148766613559e-01
1.083637776423537868e+00,4.960492212458584294e-01,2.840736443107306775e-01
1.133493878822720902e+00,5.233695044603546842e-01,2.408772893324042097e-01
1.183185597853858351e+00,5.536430360465962597e-01,1.935537441113482915e-01
1.232835050986525571e+00,5.861284027278481634e-01,1.434265275010725704e-01
1.282698751697370021e+00,6.196530132395606794e-01,9.192133352842335459e-02
1.333136231613541334e+00,6.527840843672642057e-01,4.043353439788874293e-02
1.384480636484117788e+00,6.839863381964020883e-01,-9.730062365159525273e-03
1.436945162034740431e+00,7.119377112670208785e-01,-5.739073063968280763e-02
1.490652335092740755e+00,7.357018643605386377e-01,-1.015228886720133533e-01
1.545706688421014441e+00,7.546287780339571150e-01,-1.412799184657014262e-01
1.602231308398729182e+00,7.682212529427113745e-01,-1.760227171517569911e-01
1.660375520256060833e+00,7.760720907282493419e-01,-2.053247050669622098e-01
1.720315762039795748e+00,7.778454734399481429e-01,-2.289541063374291030e-01
1.782243005318135287e+00,7.732785156997722398e-01,-2.468584570226290409e-01
1.846328901211915063e+00,7.621904340461725935e-01,-2.591525320078695849e-01
1.912693169766558565e+00,7.444922365290749244e-01,-2.660847061884623055e-01
1.981399103732299993e+00,7.201903722059869173e-01,-2.679856163316584605e-01
2.052458426578792405e+00,6.893867727684873659e-01,-2.652565733686406690e-01
2.125797934792515775e+00,6.522863695161289499e-01,-2.584445384075926833e-01
2.201187618955869674e+00,6.092119689962456341e-01,-2.483604226867609510e-01
2.278196248077565045e+00,5.606073203398915794e-01,-2.361249059586389698e-01
2.356227818256166895e+00,5.070128444523673839e-01,-2.230615070145795520e-01
2.434614759535839834e+00,4.490213629233486547e-01,-2.104736562117972831e-01
2.512704677240962248e+00,3.872311804716562778e-01,-1.994304244097281631e-01
2.589910559271950685e+00,3.222049936306293771e-01,-1.906668124774356654e-01
2.665733213238057342e+00,2.544384747778850042e-01,-1.846038272994203755e-01
2.739766350505066228e+00,1.843464818156392848e-01,-1.814088236288318168e-01
2.811689531809565157e+00,1.122689280568316406e-01,-1.810227904144012523e-01
2.881261874248801202e+00,3.848309238183938996e-02,-1.831534952662962623e-01
2.948324872279420639e+00,-3.679149927825364763e-02,-1.872813376714605460e-01
3.012802755087641504e+00,-1.133915119566560881e-01,-1.927069276420562138e-01
3.074688136543072048e+00,-1.911974995271506217e-01,-1.986311385063795343e-01
3.134023209015907252e+00,-2.701106861952512483e-01,-2.042468755967722926e-01
3.190893451737919051e+00,-3.500364498601103991e-01,-2.088245661131287734e-01
3.245430209466716232e+00,-4.308878894301824136e-01,-2.117681444232880905e-01
3.297805582688328130e+00,-5.126019669813589585e-01,-2.126229854224030436e-01
3.348216272145667194e+00,-5.951507690599828759e-01,-2.110482748735000025e-01
3.396866585915562897e+00,-6.785408882477578230e-01,-2.067939782480759381e-01
3.443954464139821425e+00,-7.628046489453407242e-01,-1.997113560272499866e-01
3.489655098742334260e+00,-8.479831503855139729e-01,-1.897878625286024135e-01
3.534103782525063853e+00,-9.340986361891721046e-01,-1.771713398349229196e-01
3.577390951594934698e+00,-1.021128746917897567e+00,-1.621534574401392037e-01
3.619575958942927940e+00,-1.109007655208360976e+00,-1.451114585611647523e-01
3.660706638808497893e+00,-1.197659672751766546e+00,-1.264406214370660531e-01
3.700825942345334241e+00,-1.287035811917653039e+00,-1.065181921668403031e-01
3.739964884478966134e+00,-1.377119774372201455e+00,-8.570878288138300549e-02
3.778139083849197277e+00,-1.467904389221084571e+00,-6.438142908414512533e-02
3.815359286731044186e+00,-1.559368615722058538e+00,-4.290263415215102988e-02
3.851644710379546588e+00,-1.651477487087569251e+00,-2.159731445228660340e-02
3.887022607389580386e+00,-1.744200408173432582e+00,-6.987640672251743679e-04
3.921514789286375535e+00,-1.837527967263532735e+00,1.967662057920160912e-02
3.955127178010227507e+00,-1.931471984206396320e+00,3.950267244419504442e-02
3.987853257516510652e+00,-2.026050044450476761e+00,5.878316715533218884e-02
4.019687068882086045e+00,-2.121271727581913957e+00,7.752525367900181541e-02
4.050634489715001507e+00,-2.217142308567270348e+00,9.578535220895739721e-02
4.080714701650029141e+00,-2.313678019817599019e+00,1.137254942487773701e-01
4.109949573691045188e+00,-2.410911834250856867e+00,1.315857792718063413e-01
4.138347054780078693e+00,-2.508883925520986491e+00,1.495855912030814305e-01
4.165894759359058064e+00,-2.607634901738750788e+00,1.678597318858603971e-01
4.192575914451081687e+00,-2.707212072262048075e+00,1.864620470342931713e-01
4.218391968695478056e+00,-2.807666828546612869e+00,2.053501670224578135e-01
4.243355883704388098e+00,-2.909019236982032908e+00,2.243165750035013839e-01
4.267451625337445265e+00,-3.011213745294152311e+00,2.429783008102121000e-01
4.290613984526907565e+00,-3.114127765874191489e+00,2.609086928392480020e-01
4.312779290497605444e+00,-3.217656797271508218e+00,2.777931660158426963e-01
4.333970523862174851e+00,-3.321814082247437128e+00,2.934324784598002500e-01
4.354320994709216741e+00,-3.426752603270919906e+00,3.076180258816869628e-01
4.374003985520682924e+00,-3.532687835851299862e+00,3.200682493967451636e-01
4.393143726408447414e+00,-3.639790984635033588e+00,3.305036833341901681e-01
4.411788623708250867e+00,-3.748129755952402054e+00,3.387402173660050697e-01
4.429934961500141988e+00,-3.857663583915847738e+00,3.446871128584561017e-01
4.447539313306826614e+00,-3.968251151089098538e+00,3.482906081767481732e-01
4.464506725596039338e+00,-4.079651190293605900e+00,3.495140499116736188e-01
4.480692491152108659e+00,-4.191538335026661954e+00,3.483657905355843631e-01
4.495930129472601067e+00,-4.303545521758399772e+00,3.449478410001045603e-01
4.510050750591330981e+00,-4.415299298668263539e+00,3.395346648746281337e-01
4.522868098414015492e+00,-4.526406396627887574e+00,3.326759511243063128e-01
4.534150594270546897e+00,-4.636399697830967170e+00,3.252330638420366515e-01
4.543615714357056135e+00,-4.744695878505757136e+00,3.182488215066132664e-01
4.550949451062302309e+00,-4.850597236624349939e+00,3.126819373483888942e-01
4.555824189518224543e+00,-4.953316637895718522e+00,3.091851346556427349e-01
4.557896441713220170e+00,-5.051988486316835392e+00,3.080987842474600669e-01
4.556792298311813205e+00,-5.145659506754436840e+00,3.096458709242840279e-01
4.552099148603719669e+00,-5.233279952257682055e+00,3.141206835379982687e-01
4.543372615551815485e+00,-5.313714494647657105e+00,3.218867013241087927e-01
4.530156103367518838e+00,-5.385782090839189351e+00,3.332371388033916748e-01
4.512006619543385000e+00,-5.448319924785070434e+00,3.483153448855816348e-01
4.488519365669993988e+00,-5.500238419611862994e+00,3.671225579305040232e-01
4.459341744140612462e+00,-5.540521669233820390e+00,3.894237354681703289e-01
4.424169431339713299e+00,-5.568168612471762202e+00,4.144902474030022765e-01
4.382725854022069711e+00,-5.582130922280566843e+00,4.409253199098002729e-01
4.334738025415621365e+00,-5.581308354552124484e+00,4.667860064401468945e-01
4.279927182044328760e+00,-5.564604176540668412e+00,4.898565756139418581e-01
4.218022706886307205e+00,-5.530991418035583251e+00,5.077945586006291645e-01
4.148787528563538274e+00,-5.479543935733302007e+00,5.181100614918514591e-01
4.072034405670399870e+00,-5.409427026033096553e+00,5.181155154554033526e-01
3.987623800143444974e+00,-5.319873763171311332e+00,5.049402685528592283e-01
3.895445133667061022e+00,-5.210165415727187721e+00,4.757227494485806174e-01
3.795382569471100531e+00,-5.079603837118368936e+00,4.281079296906435405e-01
3.687273972684810275e+00,-4.927465585164476636e+00,3.608740273821782751e-01
3.570892715456192690e+00,-4.752978014371444182e+00,2.742348287739216905e-01
3.445980831585976567e+00,-4.555385994972871444e+00,1.697247324856545336e-01
3.312322349136157751e+00,-4.334119649903382943e+00,5.014375500428165655e-02
3.169811744488648220e+00,-4.088980998221788177e+00,-8.016721538015660065e-02
3.018486519757876518e+00,-3.820250054570831555e+00,-2.151842940108111835e-01
2.858534095931814178e+00,-3.528690543597547080e+00,-3.476929175924965421e-01
2.690306063291910021e+00,-3.215527528075884156e+00,-4.701758852701133917e-01
2.514363169925246222e+00,-2.882483290271932397e+00,-5.755369987817223754e-01
2.331544111306476097e+00,-2.531879250062571973e+00,-6.575591145597383669e-01
2.143022982639661400e+00,-2.166720894637373718e+00,-7.112835679177180737e-01
1.950325549977731221e+00,-1.790687398090476723e+00,-7.332355359118069016e-01
1.755315045191114809e+00,-1.408043211702093567e+00,-7.213723620843681683e-01
1.560179674881948753e+00,-1.023535518871761196e+00,-6.750265943178528349e-01
1.367419281098772199e+00,-6.422666133604277849e-01,-5.951379316619285209e-01
1.179792761709914206e+00,-2.694681825731016223e-01,-4.845154822817742124e-01
1.000221312429580456e+00,8.980664652191022723e-02,-3.476660403279159817e-01
8.317052961664898048e-01,4.309279142871794699e-01,-1.902487129023677226e-01
6.773026630044007845e-01,7.497681812283871761e-01,-1.861642474921689633e-02
5.401344031053963990e-01,1.042703561296957071e+00,1.604027427927622318e-01
4.233419965482997371e-01,1.306702255704310645e+00,3.397412841623839719e-01
3.299817789490563369e-01,1.539530136792183868e+00,5.124712919209546413e-01
2.629127725674136329e-01,1.739953067816678356e+00,6.721138604774410386e-01
2.247126985129666021e-01,1.907854338958680618e+00,8.127214920322665126e-01
2.175800830843713785e-01,2.044312775558894568e+00,9.289390848796278410e-01
2.431755032530498184e-01,2.151666267950297140e+00,1.016398048259154141e+00
3.024386919135230167e-01,2.233435775614898589e+00,1.072548310196959509e+00
3.954600274745280197e-01,2.293982027254192424e+00,1.097646933380838075e+00
5.214107074038689671e-01,2.338003298418175113e+00,1.095375997918827782e+00
6.784567989429343138e-01,2.370159163923806211e+00,1.072554264307377103e+00
8.636212090501528271e-01,2.394946905308812379e+00,1.037729442180491457e+00
1.072643068509590236e+00,2.416650678299091304e+00,9.991176520702453878e-01
1.299865772227641880e+00,2.439127630724502005e+00,9.629581033083416397e-01
1.538086296464019842e+00,2.465426306454169936e+00,9.331384808306077971e-01
1.778276868211567496e+00,2.497414763858484932e+00,9.119038076605975318e-01
2.009178047284546409e+00,2.535540926174616239e+00,9.006792256839813993e-01
2.216832350271404017e+00,2.578714174697054773e+00,9.003968403209121618e-01
2.384113338209375765e+00,2.624254230147520683e+00,9.116002440465411638e-01
2.490278401707382905e+00,2.667871100911474169e+00,9.347758016965723726e-01
2.510585033331831362e+00,2.703665517365554383e+00,9.707930604222199111e-01
2.416019846943077809e+00,2.724190226897875711e+00,1.021043772679288697e+00
2.173178697855473906e+00,2.720643634149307655e+00,1.087202322068967053e+00
1.744463153088669394e+00,2.683228778926579849e+00,1.170832642799719991e+00
1.088784925056127229e+00,2.601644422077754371e+00,1.272992044959161184e+00
1.622113351776799384e-01,2.465597643583193221e+00,1.393911497748831607e+00
-1.082017612214205560e+00,2.265302739860430403e+00,1.532844806834022355e+00
-2.692209558390302959e+00,1.992225906002815794e+00,1.687963992592668383e+00
-4.713729320241768050e+00,1.640127879471017902e+00,1.856095715259172385e+00
-7.184783172995722111e+00,1.205625681104190994e+00,2.032614031787046471e+00
-1.013607881095096452e+01,6.878374635408750493e-01,2.212011113763685533e+00
-1.358789200925058793e+01,8.845207611576855200e-02,2.388715183034332057e+00
-1.753800669106743726e+01,-5.866786669026138323e-01,2.557175321294268944e+00
-2.195127746936711688e+01,-1.326208061252165393e+00,2.711456182359142986e+00
-2.676167342015092743e+01,-2.113828837290282259e+00,2.845241801618031197e+00
-3.186965008503607422e+01,-2.927995932608381313e+00,2.951441772290834376e+00
-3.711764375989145748e+01,-3.738615049333339435e+00,3.020238188181703087e+00
-4.227110575228014966e+01,-4.505211297537337956e+00,3.037606935807925623e+00
-4.703274705439856263e+01,-5.180606359709607034e+00,2.986967033515617764e+00
-5.104556418494775727e+01,-5.714136894288846413e+00,2.851715427742098186e+00
-5.384001842689851003e+01,-6.050019009834000983e+00,2.615798551161179208e+00
-5.481974762662298417e+01,-6.134250286775867700e+00,2.267489672078309315e+00
-5.483941716712668324e+01,-6.124389640866315432e+00,1.924286447724926852e+00
-5.485866039163865793e+01,-6.113987262721087390e+00,1.581694802051982318e+00
